start, delay, loss random, rate
0.000000	0.000538	0.00	17573.504
0.250000	0.000536	0.00	17573.504
0.500000	0.000536	0.00	17475.328
0.750000	0.000536	0.00	17622.592
1.000000	0.000539	0.00	17328.064
1.250000	0.000729	0.00	8541.312
1.500000	0.000645	0.00	9326.720
1.750000	0.000709	0.00	8737.664
2.000000	0.000638	0.00	8983.104
2.250000	0.000815	0.00	8197.696
2.500000	0.000767	0.00	8492.224
2.750000	0.000767	0.00	8835.840
3.000000	0.000732	0.00	8541.312
3.250000	0.000676	0.00	8786.752
3.500000	0.000756	0.00	8197.696
3.750000	0.000700	0.00	8786.752
4.000000	0.000751	0.00	8148.608
4.250000	0.000838	0.00	8099.520
4.500000	0.000726	0.00	8639.488
4.750000	0.000855	0.00	8197.696
5.000000	0.000799	0.00	8197.696
5.250000	0.000727	0.00	9032.192
5.500000	0.000828	0.00	8197.696
5.750000	0.000750	0.00	8786.752
6.000000	0.000808	0.00	8639.488
6.250000	0.000911	0.00	8050.432
6.500000	0.000901	0.00	8443.136
6.750000	0.000921	0.00	7559.552
7.000000	0.000739	0.00	8639.488
7.250000	0.000814	0.00	8786.752
7.500000	0.000850	0.00	8050.432
7.750000	0.000927	0.00	7657.728
8.000000	0.000917	0.00	7755.904
8.250000	0.001075	0.00	6872.320
8.500000	0.000822	0.00	8688.576
8.750000	0.000905	0.00	8295.872
9.000000	0.001058	0.00	7265.024
9.250000	0.001148	0.00	7265.024
9.500000	0.000871	0.00	8295.872
9.750000	0.000948	0.00	8394.048
10.000000	0.000937	0.00	8344.960
10.250000	0.000900	0.00	7559.552
10.500000	0.000921	0.00	8001.344
10.750000	0.000976	0.00	7903.168
11.000000	0.001229	0.00	6774.144
11.250000	0.001575	0.00	5792.384
11.500000	0.001130	0.00	7412.288
11.750000	0.001321	0.00	6774.144
12.000000	0.001173	0.00	7412.288
12.250000	0.001592	0.00	6185.088
12.500000	0.001540	1.08	4516.096
12.750000	0.002552	0.00	4516.096
13.000000	0.001911	0.00	3976.128
13.250000	0.002710	0.00	4859.712
13.500000	0.002992	0.00	3190.720
13.750000	0.001745	0.00	3730.688
14.000000	0.002644	0.00	3387.072
14.250000	0.001682	1.04	4663.360
14.500000	0.001839	0.88	5546.944
14.750000	0.002158	0.00	3583.424
15.000000	0.001614	2.33	4123.392
15.250000	0.002224	0.00	4467.008
15.500000	0.002763	0.00	4025.216
15.750000	0.002465	0.00	3583.424
16.000000	0.002341	1.08	4516.096
16.250000	0.002201	0.00	4663.360
16.500000	0.002193	1.18	4123.392
16.750000	0.002557	0.00	3877.952
17.000000	0.002314	0.00	4516.096
17.250000	0.002456	1.06	4565.184
17.500000	0.003392	0.00	3337.984
17.750000	0.003099	3.33	2847.104
18.000000	0.002657	3.28	2896.192
18.250000	0.003658	1.75	2748.928
18.500000	0.002031	3.95	3583.424
18.750000	0.001972	1.04	4663.360
19.000000	0.002429	1.33	3632.512
19.250000	0.003026	3.08	3092.544
19.500000	0.002408	3.70	2552.576
19.750000	0.003845	6.98	1963.520
20.000000	0.003189	3.51	2699.840
20.250000	0.003405	1.96	2454.400
20.500000	0.005206	8.33	1619.904
20.750000	0.002740	5.66	2454.400
21.000000	0.002507	4.17	3387.072
21.250000	0.003213	0.00	3043.456
21.500000	0.004353	5.41	1718.080
21.750000	0.003540	3.85	2454.400
22.000000	0.003641	2.04	2356.224
22.250000	0.003619	8.33	2159.872
22.500000	0.002258	4.69	2994.368
22.750000	0.003962	4.08	2307.136
23.000000	0.005950	8.82	1521.728
23.250000	0.003761	2.27	2110.784
23.500000	0.004749	8.11	1668.992
23.750000	0.004380	6.06	1521.728
24.000000	0.004119	10.53	1668.992
24.250000	0.003860	11.11	1570.816
24.500000	0.004233	17.65	1374.464
24.750000	0.004808	10.00	1767.168
25.000000	0.002671	8.16	2208.960
25.250000	0.005262	16.13	1276.288
25.500000	0.004334	12.00	1079.936
25.750000	0.004235	7.32	1865.344
26.000000	0.004131	11.76	1472.640
26.250000	0.003091	17.07	1668.992
26.500000	0.005256	13.89	1521.728
26.750000	0.005401	6.67	1374.464
27.000000	0.002968	8.57	1570.816
27.250000	0.004066	12.50	1374.464
27.500000	0.005394	33.33	589.056
27.750000	0.003861	20.00	1178.112
28.000000	0.005753	20.00	1178.112
28.250000	0.005703	40.91	638.144
28.500000	0.008457	18.18	883.584
28.750000	0.004774	22.22	1030.848
29.000000	0.005259	12.50	1374.464
29.250000	0.003526	13.89	1521.728
29.500000	0.005202	9.09	1472.640
29.750000	0.003570	38.46	785.408
30.000000	0.004703	25.00	1030.848
30.250000	0.004877	17.86	1129.024
30.500000	0.003356	31.82	736.320
30.750000	0.005928	30.00	687.232
31.000000	0.003989	21.43	1079.936
31.250000	0.003642	14.81	1129.024
31.500000	0.007154	36.36	687.232
31.750000	0.003611	34.78	736.320
32.000000	0.004420	32.14	932.672
32.250000	0.004739	26.67	1079.936
32.500000	0.004967	41.18	490.880
32.750000	0.005366	28.00	883.584
33.000000	0.005506	47.62	539.968
33.250000	0.005946	19.23	1030.848
33.500000	0.003682	32.00	834.496
33.750000	0.004823	31.82	736.320
34.000000	0.004895	37.50	736.320
34.250000	0.004584	50.00	490.880
34.500000	0.003351	76.47	196.352
34.750000	0.008246	52.63	441.792
35.000000	0.008175	47.37	490.880
35.250000	0.006836	42.11	539.968
35.500000	0.005507	45.00	539.968
35.750000	0.002844	47.83	589.056
36.000000	0.010228	62.50	294.528
36.250000	0.004748	70.59	245.440
36.500000	0.006764	58.82	343.616
36.750000	0.002040	71.43	196.352
37.000000	0.004283	64.71	294.528
37.250000	0.001321	76.47	196.352
37.500000	0.005378	66.67	294.528
37.750000	0.004196	52.94	392.704
38.000000	0.002156	66.67	294.528
38.250000	0.003841	63.16	343.616
38.500000	0.003498	86.67	98.176
38.750000	0.002715	61.11	343.616
39.000000	0.014539	93.33	49.088
39.250000	0.000000	100.00	0.000
39.500000	0.006902	87.50	98.176
39.750000	0.009869	80.00	147.264
40.000000	0.014515	92.86	49.088
40.250000	0.001966	68.75	245.440
40.500000	0.000000	100.00	0.000
40.750000	0.005102	82.35	147.264
41.000000	0.008701	82.35	147.264
41.250000	0.004284	85.71	98.176
41.500000	0.003773	75.00	196.352
41.750000	0.010599	78.57	147.264
42.000000	0.015297	93.33	49.088
42.250000	0.000000	100.00	0.000
42.500000	0.000000	100.00	0.000
42.750000	0.006931	86.67	98.176
43.000000	0.002070	93.33	49.088
43.250000	0.003348	87.50	98.176
43.500000	0.000000	100.00	0.000
43.750000	0.000537	91.67	49.088
44.000000	0.008899	86.67	98.176
44.250000	0.009076	86.67	98.176
44.500000	0.003864	93.33	49.088
44.750000	0.000000	100.00	0.000
45.000000	0.000000	100.00	0.000
45.250000	0.000000	100.00	0.000
45.500000	0.000000	100.00	0.000
45.750000	0.022314	92.86	49.088
46.000000	0.000000	100.00	0.000
46.250000	0.000000	100.00	0.000
46.500000	0.000000	100.00	0.000
46.750000	0.000000	100.00	0.000
47.000000	0.000000	100.00	0.000
47.250000	0.000000	100.00	0.000
47.500000	0.000000	100.00	0.000
47.750000	0.000000	100.00	0.000
48.000000	0.013073	93.33	49.088
48.250000	0.000000	100.00	0.000
48.500000	0.002376	92.86	49.088
48.750000	0.000000	100.00	0.000
49.000000	0.000000	100.00	0.000
49.250000	0.000537	93.33	49.088
49.500000	0.000000	100.00	0.000
49.750000	0.002007	94.12	49.088
50.000000	0.000000	100.00	0.000
50.250000	0.000000	100.00	0.000
50.500000	0.000000	100.00	0.000
50.750000	0.000000	100.00	0.000
51.000000	0.000000	100.00	0.000
51.250000	0.002875	93.75	49.088
51.500000	0.005510	93.75	49.088
51.750000	0.000000	100.00	0.000
52.000000	0.000537	93.75	49.088
52.250000	0.004296	85.71	98.176
52.500000	0.000000	100.00	0.000
52.750000	0.000000	100.00	0.000
53.000000	0.000000	100.00	0.000
53.250000	0.000000	100.00	0.000
53.500000	0.000000	100.00	0.000
53.750000	0.000000	100.00	0.000
54.000000	0.000000	100.00	0.000
54.250000	0.000000	100.00	0.000
54.500000	0.000000	100.00	0.000
54.750000	0.000000	100.00	0.000
55.000000	0.003250	73.33	196.352
55.250000	0.001325	92.31	49.088
55.500000	0.012757	92.31	49.088
55.750000	0.000000	100.00	0.000
56.000000	0.003483	80.00	147.264
56.250000	0.008971	73.33	196.352
56.500000	0.000536	93.33	49.088
56.750000	0.000000	100.00	0.000
57.000000	0.000000	100.00	0.000
57.250000	0.010085	78.57	147.264
57.500000	0.002051	88.24	98.176
57.750000	0.016144	80.00	147.264
58.000000	0.002136	78.57	147.264
58.250000	0.009541	86.67	98.176
58.500000	0.001254	93.33	49.088
58.750000	0.006704	81.25	147.264
59.000000	0.006502	87.50	98.176
59.250000	0.007563	64.29	245.440
59.500000	0.003696	50.00	539.968
59.750000	0.004626	77.78	196.352
60.000000	0.005466	57.14	441.792
60.250000	0.004908	66.67	245.440
60.500000	0.001860	86.67	98.176
60.750000	0.002378	77.78	196.352
61.000000	0.006877	62.50	294.528
61.250000	0.004723	58.82	343.616
61.500000	0.007144	50.00	490.880
61.750000	0.006271	42.11	539.968
62.000000	0.004073	47.83	589.056
62.250000	0.005317	44.44	490.880
62.500000	0.004238	60.00	392.704
62.750000	0.006048	36.84	589.056
63.000000	0.002391	56.25	343.616
63.250000	0.004435	54.55	490.880
63.500000	0.003998	44.00	687.232
63.750000	0.003804	29.63	932.672
64.000000	0.004064	50.00	589.056
64.250000	0.005280	36.36	687.232
64.500000	0.006239	33.33	687.232
64.750000	0.005410	47.37	490.880
65.000000	0.004788	14.29	883.584
65.250000	0.003976	36.00	785.408
65.500000	0.005490	25.93	981.760
65.750000	0.001975	38.10	638.144
66.000000	0.005295	24.00	932.672
66.250000	0.002457	42.31	736.320
66.500000	0.006474	15.38	1079.936
66.750000	0.002978	33.33	883.584
67.000000	0.005752	18.52	1079.936
67.250000	0.005510	12.50	1030.848
67.500000	0.003606	21.21	1276.288
67.750000	0.005947	10.71	1227.200
68.000000	0.005855	13.33	1276.288
68.250000	0.002340	30.30	1129.024
68.500000	0.003204	19.44	1423.552
68.750000	0.006900	20.00	981.760
69.000000	0.003490	12.90	1325.376
69.250000	0.004682	10.00	1325.376
69.500000	0.003603	17.14	1423.552
69.750000	0.004090	12.82	1668.992
70.000000	0.003677	12.82	1668.992
70.250000	0.005773	41.18	490.880
70.500000	0.005661	14.81	1129.024
70.750000	0.005365	15.38	1079.936
71.000000	0.004309	10.26	1718.080
71.250000	0.006130	6.45	1423.552
71.500000	0.003829	4.35	2159.872
71.750000	0.004515	4.17	2258.048
72.000000	0.007415	16.67	981.760
72.250000	0.003783	11.90	1816.256
72.500000	0.003961	9.76	1816.256
72.750000	0.003402	8.16	2208.960
73.000000	0.004616	7.14	1914.432
73.250000	0.002992	8.89	2012.608
73.500000	0.005324	15.15	1374.464
73.750000	0.003416	5.00	1865.344
74.000000	0.003685	6.25	2208.960
74.250000	0.004625	5.13	1816.256
74.500000	0.002987	9.76	1816.256
74.750000	0.004473	11.76	1472.640
75.000000	0.005299	11.43	1521.728
75.250000	0.003180	0.00	3141.632
75.500000	0.003079	7.14	2552.576
75.750000	0.003581	4.26	2208.960
76.000000	0.003675	1.75	2748.928
76.250000	0.003609	3.64	2601.664
76.500000	0.003275	3.57	2650.752
76.750000	0.001911	1.61	2994.368
77.000000	0.002754	2.94	3239.808
77.250000	0.004265	2.00	2405.312
77.500000	0.002764	3.23	2945.280
77.750000	0.003246	3.39	2798.016
78.000000	0.003285	5.36	2601.664
78.250000	0.003380	0.00	3190.720
78.500000	0.003446	0.00	3190.720
78.750000	0.004169	0.00	2748.928
79.000000	0.003772	1.67	2896.192
79.250000	0.001728	7.35	3092.544
79.500000	0.004530	0.00	2110.784
79.750000	0.003652	1.82	2650.752
80.000000	0.002340	1.41	3436.160
80.250000	0.002885	1.49	3239.808
80.500000	0.003046	0.00	3927.040
80.750000	0.003005	1.75	2748.928
81.000000	0.002944	0.00	4565.184
81.250000	0.002416	0.00	4123.392
81.500000	0.002279	0.00	3927.040
81.750000	0.002550	0.00	4123.392
82.000000	0.002214	2.60	3681.600
82.250000	0.002384	1.28	3779.776
82.500000	0.002423	0.00	4516.096
82.750000	0.002630	1.43	3387.072
83.000000	0.001970	0.00	5301.504
83.250000	0.001764	0.00	6234.176
83.500000	0.003139	0.00	3436.160
83.750000	0.002808	0.00	4123.392
84.000000	0.002750	0.00	3681.600
84.250000	0.001819	0.00	5056.064
84.500000	0.002214	0.00	4957.888
84.750000	0.002005	0.00	5743.296
85.000000	0.002775	0.00	3583.424
85.250000	0.001721	1.02	4761.536
85.500000	0.001627	0.00	5694.208
85.750000	0.001334	0.00	6528.704
86.000000	0.001428	0.00	6479.616
86.250000	0.001391	0.00	6479.616
86.500000	0.000945	0.00	7903.168
86.750000	0.000931	0.00	8001.344
87.000000	0.001066	0.00	7265.024
87.250000	0.000998	0.00	7755.904
87.500000	0.001346	0.00	6037.824
87.750000	0.001097	0.00	6872.320
88.000000	0.001107	0.00	6872.320
88.250000	0.000877	0.00	9473.984
88.500000	0.000857	0.00	7952.256
88.750000	0.000906	0.00	8050.432
89.000000	0.000894	0.00	8197.696
89.250000	0.000858	0.00	7755.904
89.500000	0.000869	0.00	8884.928
89.750000	0.000878	0.00	8099.520
90.000000	0.000867	0.00	7854.080
90.250000	0.000841	0.00	8246.784
90.500000	0.000905	0.00	7903.168
90.750000	0.000874	0.00	7952.256
91.000000	0.000840	0.00	8246.784
91.250000	0.000819	0.00	8492.224
91.500000	0.000915	0.00	7903.168
91.750000	0.000913	0.00	7608.640
92.000000	0.000889	0.00	7804.992
92.250000	0.000757	0.00	8295.872
92.500000	0.000709	0.00	9228.544
92.750000	0.000784	0.00	8246.784
93.000000	0.000781	0.00	8688.576
93.250000	0.000749	0.00	8148.608
93.500000	0.000673	0.00	8590.400
93.750000	0.000687	0.00	8934.016
94.000000	0.000710	0.00	8639.488
94.250000	0.000743	0.00	8541.312
94.500000	0.000953	0.00	7706.816
94.750000	0.000756	0.00	8246.784
95.000000	0.000807	0.00	8001.344
95.250000	0.000881	0.00	7854.080
95.500000	0.000710	0.00	8394.048
95.750000	0.000704	0.00	8492.224
96.000000	0.000699	0.00	8688.576
96.250000	0.000738	0.00	8590.400
96.500000	0.000692	0.00	9032.192
96.750000	0.000690	0.00	8983.104
97.000000	0.000743	0.00	8492.224
97.250000	0.000721	0.00	8443.136
97.500000	0.000727	0.00	8443.136
97.750000	0.000696	0.00	8394.048
98.000000	0.000794	0.00	8688.576
98.250000	0.000708	0.00	8884.928
98.500000	0.000696	0.00	8590.400
98.750000	0.000681	0.00	8983.104
99.000000	0.000708	0.00	8934.016
