start, delay, loss random, rate
0.000000	0.000397	0.00	14665.040
1.000000	0.000386	0.00	15045.472
2.000000	0.000417	0.00	14579.136
3.000000	0.000392	0.00	14910.480
4.000000	0.000402	0.00	14836.848
5.000000	0.000396	0.00	15070.016
6.000000	0.000411	0.00	14603.680
7.000000	0.000394	0.00	14652.768
8.000000	0.000369	0.00	15229.552
9.000000	0.000404	0.00	14800.032
10.000000	0.000428	0.00	14174.160
11.000000	0.000424	0.00	14640.496
12.000000	0.000429	0.00	14309.152
13.000000	0.000423	0.00	14223.248
14.000000	0.000411	0.00	14652.768
15.000000	0.000414	0.00	14530.048
16.000000	0.000413	0.00	14321.424
17.000000	0.000406	0.00	14775.488
18.000000	0.000413	0.00	14382.784
19.000000	0.000432	0.00	14333.696
20.000000	0.000433	0.00	14223.248
21.000000	0.000411	0.00	14554.592
22.000000	0.000397	0.00	14566.864
23.000000	0.000398	0.00	15094.560
24.000000	0.000380	0.00	15401.360
25.000000	0.000407	0.00	14603.680
26.000000	0.000406	0.00	14787.760
27.000000	0.000384	0.00	15082.288
28.000000	0.000420	0.00	14174.160
29.000000	0.000380	0.00	15474.992
30.000000	0.000420	0.00	14198.704
31.000000	0.000411	0.00	14935.024
32.000000	0.000422	0.00	14235.520
33.000000	0.000401	0.00	14640.496
34.000000	0.000405	0.00	14615.952
35.000000	0.000420	0.00	14444.144
36.000000	0.000409	0.00	14431.872
37.000000	0.000403	0.00	14800.032
38.000000	0.000413	0.00	14370.512
39.000000	0.000374	0.00	15352.272
40.000000	0.000387	0.00	15180.464
41.000000	0.000390	0.00	14984.112
42.000000	0.000420	0.00	14530.048
43.000000	0.000390	0.00	14971.840
44.000000	0.000395	0.00	15057.744
45.000000	0.000403	0.00	14873.664
46.000000	0.000405	0.00	14665.040
47.000000	0.000417	0.00	14591.408
48.000000	0.000425	0.00	14530.048
49.000000	0.000388	0.00	14971.840
50.000000	0.000426	0.00	14382.784
51.000000	0.000394	0.00	15143.648
52.000000	0.000421	0.00	14284.608
53.000000	0.000408	0.00	14530.048
54.000000	0.000395	0.00	14922.752
55.000000	0.000406	0.00	14407.328
56.000000	0.000419	0.00	14247.792
57.000000	0.000407	0.00	14628.224
58.000000	0.000414	0.00	14419.600
59.000000	0.000410	0.00	14542.320
60.000000	0.000415	0.00	14603.680
61.000000	0.000406	0.00	14444.144
62.000000	0.000389	0.00	15106.832
63.000000	0.000406	0.00	14689.584
64.000000	0.000386	0.00	15168.192
65.000000	0.000419	0.00	14615.952
66.000000	0.000414	0.00	14444.144
67.000000	0.000392	0.00	15266.368
68.000000	0.000404	0.00	14579.136
69.000000	0.000372	0.00	15278.640
70.000000	0.000382	0.00	15352.272
71.000000	0.000398	0.00	14885.936
72.000000	0.000403	0.00	14480.960
73.000000	0.000418	0.00	14235.520
74.000000	0.000402	0.00	14861.392
75.000000	0.000422	0.00	14395.056
76.000000	0.000378	0.00	15155.920
77.000000	0.000411	0.00	14726.400
78.000000	0.000407	0.00	14615.952
79.000000	0.000428	0.00	14186.432
80.000000	0.000445	0.00	14112.800
81.000000	0.000400	0.00	15033.200
82.000000	0.000408	0.00	14517.776
83.000000	0.000397	0.00	14935.024
84.000000	0.000380	0.00	15057.744
85.000000	0.000390	0.00	14898.208
86.000000	0.000428	0.00	14296.880
87.000000	0.000395	0.00	14885.936
88.000000	0.000427	0.00	14186.432
89.000000	0.000402	0.00	14984.112
90.000000	0.000408	0.00	14861.392
91.000000	0.000408	0.00	14750.944
92.000000	0.000404	0.00	14800.032
93.000000	0.000398	0.00	14677.312
94.000000	0.000398	0.00	14800.032
95.000000	0.000406	0.00	14665.040
96.000000	0.000399	0.00	14677.312
97.000000	0.000403	0.00	14677.312
98.000000	0.000424	0.00	14615.952
99.000000	0.000404	0.00	14726.400
100.000000	0.000432	0.00	14198.704
101.000000	0.000417	0.00	14358.240
102.000000	0.000435	0.00	14137.344
103.000000	0.000392	0.00	14861.392
104.000000	0.000419	0.00	14517.776
105.000000	0.000389	0.00	15106.832
106.000000	0.000418	0.00	14763.216
107.000000	0.000380	0.00	14996.384
108.000000	0.000428	0.00	14333.696
109.000000	0.000391	0.00	14775.488
110.000000	0.000425	0.00	14530.048
111.000000	0.000383	0.00	15119.104
112.000000	0.000393	0.00	15057.744
113.000000	0.000376	0.00	15401.360
114.000000	0.000397	0.00	14947.296
115.000000	0.000417	0.00	14763.216
116.000000	0.000395	0.00	14873.664
117.000000	0.000423	0.00	14615.952
118.000000	0.000407	0.00	14530.048
119.000000	0.000388	0.00	15094.560
120.000000	0.000412	0.00	14566.864
121.000000	0.000383	0.00	15155.920
122.000000	0.000420	0.00	14775.488
123.000000	0.000400	0.00	14566.864
124.000000	0.000401	0.00	14628.224
125.000000	0.000401	0.00	14787.760
126.000000	0.000407	0.00	14775.488
127.000000	0.000393	0.00	14738.672
128.000000	0.000404	0.00	14689.584
129.000000	0.000378	0.00	14873.664
130.000000	0.000378	0.00	14738.672
131.000000	0.000413	0.00	14493.232
132.000000	0.000411	0.00	14885.936
133.000000	0.000445	0.00	14321.424
134.000000	0.000417	0.00	14345.968
135.000000	0.000390	0.00	14873.664
136.000000	0.000400	0.00	14787.760
137.000000	0.000391	0.00	14935.024
138.000000	0.000403	0.00	14738.672
139.000000	0.000407	0.00	14419.600
140.000000	0.000413	0.00	14615.952
141.000000	0.000407	0.00	14456.416
142.000000	0.000380	0.00	15192.736
143.000000	0.000396	0.00	14714.128
144.000000	0.000391	0.00	15020.928
145.000000	0.000399	0.00	15008.656
146.000000	0.000412	0.00	14677.312
147.000000	0.000428	0.00	14530.048
148.000000	0.000390	0.00	14996.384
149.000000	0.000395	0.00	14738.672
150.000000	0.000394	0.00	14800.032
151.000000	0.000395	0.00	14849.120
152.000000	0.000387	0.00	15376.816
153.000000	0.000393	0.00	15094.560
154.000000	0.000426	0.00	14419.600
155.000000	0.000397	0.00	15192.736
156.000000	0.000398	0.00	14628.224
157.000000	0.000420	0.00	14419.600
158.000000	0.000375	0.00	15364.544
159.000000	0.000413	0.00	14382.784
160.000000	0.000409	0.00	14947.296
161.000000	0.000403	0.00	14849.120
162.000000	0.000398	0.00	14898.208
163.000000	0.000430	0.00	14186.432
164.000000	0.000393	0.00	15278.640
165.000000	0.000457	0.00	13793.728
166.000000	0.000422	0.00	14591.408
167.000000	0.000408	0.00	14640.496
168.000000	0.000401	0.00	14861.392
169.000000	0.000381	0.00	14873.664
170.000000	0.000371	0.00	15254.096
171.000000	0.000409	0.00	14824.576
172.000000	0.000406	0.00	14677.312
173.000000	0.000378	0.00	15340.000
174.000000	0.000415	0.00	14444.144
175.000000	0.000419	0.00	14517.776
176.000000	0.000404	0.00	14603.680
177.000000	0.000392	0.00	14836.848
178.000000	0.000417	0.00	14517.776
179.000000	0.000387	0.00	15205.008
180.000000	0.000388	0.00	14885.936
181.000000	0.000393	0.00	15008.656
182.000000	0.000397	0.00	14763.216
183.000000	0.000409	0.00	14898.208
184.000000	0.000390	0.00	14738.672
185.000000	0.000384	0.00	15119.104
186.000000	0.000433	0.00	14186.432
187.000000	0.000404	0.00	14407.328
188.000000	0.000420	0.00	14530.048
189.000000	0.000392	0.00	15020.928
190.000000	0.000388	0.00	14873.664
191.000000	0.000398	0.00	14775.488
192.000000	0.000424	0.00	14296.880
193.000000	0.000404	0.00	14775.488
194.000000	0.000409	0.00	14554.592
195.000000	0.000421	0.00	14517.776
196.000000	0.000415	0.00	14480.960
197.000000	0.000391	0.00	14836.848
198.000000	0.000368	0.00	15560.896
199.000000	0.000404	0.00	14812.304
200.000000	0.000395	0.00	14738.672
201.000000	0.000428	0.00	14309.152
202.000000	0.000432	0.00	14419.600
203.000000	0.000398	0.00	15020.928
204.000000	0.000407	0.00	14873.664
205.000000	0.000399	0.00	14750.944
206.000000	0.000400	0.00	14849.120
207.000000	0.000392	0.00	14971.840
208.000000	0.000422	0.00	14812.304
209.000000	0.000399	0.00	15131.376
210.000000	0.000400	0.00	14959.568
211.000000	0.000426	0.00	14493.232
212.000000	0.000385	0.00	15266.368
213.000000	0.000418	0.00	14787.760
214.000000	0.000394	0.00	14922.752
215.000000	0.000400	0.00	14689.584
216.000000	0.000388	0.00	15217.280
217.000000	0.000411	0.00	14542.320
218.000000	0.000420	0.00	14309.152
219.000000	0.000417	0.00	14542.320
220.000000	0.000428	0.00	14186.432
221.000000	0.000408	0.00	14750.944
222.000000	0.000408	0.00	14836.848
223.000000	0.000386	0.00	14984.112
224.000000	0.000384	0.00	15229.552
225.000000	0.000389	0.00	14947.296
226.000000	0.000390	0.00	15008.656
227.000000	0.000419	0.00	14542.320
228.000000	0.000385	0.00	14996.384
229.000000	0.000408	0.00	14149.616
230.000000	0.000394	0.00	14861.392
231.000000	0.000421	0.00	14652.768
232.000000	0.000394	0.00	15241.824
233.000000	0.000443	0.00	14039.168
234.000000	0.000421	0.00	14444.144
235.000000	0.000419	0.00	14272.336
236.000000	0.000395	0.00	14714.128
237.000000	0.000420	0.00	14296.880
238.000000	0.000409	0.00	14542.320
239.000000	0.000379	0.00	15340.000
240.000000	0.000400	0.00	15155.920
241.000000	0.000401	0.00	14652.768
242.000000	0.000409	0.00	14542.320
243.000000	0.000420	0.00	14198.704
244.000000	0.000395	0.00	14885.936
245.000000	0.000395	0.00	14873.664
246.000000	0.000370	0.00	15340.000
247.000000	0.000406	0.00	14615.952
248.000000	0.000431	0.00	14296.880
249.000000	0.000422	0.00	14530.048
250.000000	0.000392	0.00	15205.008
251.000000	0.000402	0.00	14873.664
252.000000	0.000407	0.00	14665.040
253.000000	0.000411	0.00	14800.032
254.000000	0.000422	0.00	14530.048
255.000000	0.000406	0.00	14677.312
256.000000	0.000400	0.00	14861.392
257.000000	0.000407	0.00	14358.240
258.000000	0.000405	0.00	14591.408
259.000000	0.000412	0.00	14714.128
260.000000	0.000422	0.00	14370.512
261.000000	0.000403	0.00	14591.408
262.000000	0.000488	0.00	13376.480
263.000000	0.000391	0.00	15119.104
264.000000	0.000405	0.00	14505.504
265.000000	0.000393	0.00	15106.832
266.000000	0.000396	0.00	14714.128
267.000000	0.000408	0.00	14444.144
268.000000	0.000404	0.00	14689.584
269.000000	0.000416	0.00	14395.056
270.000000	0.000410	0.00	14947.296
271.000000	0.000391	0.00	15155.920
272.000000	0.000405	0.00	14763.216
273.000000	0.000414	0.00	14566.864
274.000000	0.000395	0.00	15143.648
275.000000	0.000397	0.00	15155.920
276.000000	0.000404	0.00	14640.496
277.000000	0.000401	0.00	14971.840
278.000000	0.000400	0.00	15045.472
279.000000	0.000404	0.00	14431.872
280.000000	0.000403	0.00	14775.488
281.000000	0.000403	0.00	14701.856
282.000000	0.000423	0.00	14554.592
283.000000	0.000400	0.00	14947.296
284.000000	0.000411	0.00	14284.608
285.000000	0.000399	0.00	14984.112
286.000000	0.000412	0.00	14640.496
287.000000	0.000420	0.00	14591.408
288.000000	0.000390	0.00	14947.296
289.000000	0.000399	0.00	14677.312
290.000000	0.000394	0.00	14935.024
291.000000	0.000401	0.00	15094.560
292.000000	0.000401	0.00	14775.488
293.000000	0.000406	0.00	14554.592
294.000000	0.000407	0.00	14407.328
295.000000	0.000424	0.00	14444.144
296.000000	0.000395	0.00	14358.240
297.000000	0.000409	0.00	14591.408
298.000000	0.000401	0.00	14935.024
299.000000	0.000405	0.00	14628.224
300.000000	0.000393	0.00	14996.384
301.000000	0.000385	0.00	15290.912
302.000000	0.000379	0.00	14873.664
303.000000	0.000408	0.00	14652.768
304.000000	0.000398	0.00	14615.952
305.000000	0.000408	0.00	14922.752
306.000000	0.000391	0.00	15020.928
307.000000	0.000394	0.00	14947.296
308.000000	0.000421	0.00	14530.048
309.000000	0.000380	0.00	15168.192
310.000000	0.000381	0.00	15045.472
311.000000	0.000403	0.00	14419.600
312.000000	0.000457	0.00	13830.544
313.000000	0.000401	0.00	15070.016
314.000000	0.000412	0.00	14554.592
315.000000	0.000388	0.00	14959.568
316.000000	0.000406	0.00	14358.240
317.000000	0.000406	0.00	14554.592
318.000000	0.000395	0.00	14885.936
319.000000	0.000398	0.00	14714.128
320.000000	0.000391	0.00	15033.200
321.000000	0.000412	0.00	14787.760
322.000000	0.000418	0.00	14468.688
323.000000	0.000380	0.00	15131.376
324.000000	0.000433	0.00	14419.600
325.000000	0.000428	0.00	14100.528
326.000000	0.000419	0.00	14480.960
327.000000	0.000421	0.00	14345.968
328.000000	0.000398	0.00	14898.208
329.000000	0.000425	0.00	14358.240
330.000000	0.000433	0.00	14198.704
331.000000	0.000398	0.00	14861.392
332.000000	0.000399	0.00	14800.032
333.000000	0.000370	0.00	15425.904
334.000000	0.000377	0.00	15008.656
335.000000	0.000401	0.00	14959.568
336.000000	0.000408	0.00	14787.760
337.000000	0.000386	0.00	15180.464
338.000000	0.000405	0.00	14395.056
339.000000	0.000404	0.00	14554.592
340.000000	0.000430	0.00	14014.624
341.000000	0.000418	0.00	14333.696
342.000000	0.000399	0.00	14800.032
343.000000	0.000393	0.00	15094.560
344.000000	0.000412	0.00	14640.496
345.000000	0.000413	0.00	14763.216
346.000000	0.000401	0.00	14750.944
347.000000	0.000400	0.00	14591.408
348.000000	0.000406	0.00	14861.392
349.000000	0.000391	0.00	14849.120
350.000000	0.000383	0.00	15057.744
351.000000	0.000411	0.00	14922.752
352.000000	0.000400	0.00	14812.304
353.000000	0.000411	0.00	14493.232
354.000000	0.000395	0.00	14812.304
355.000000	0.000417	0.00	14223.248
356.000000	0.000404	0.00	14652.768
357.000000	0.000403	0.00	14714.128
358.000000	0.000406	0.00	15008.656
359.000000	0.000395	0.00	14665.040
360.000000	0.000405	0.00	14824.576
361.000000	0.000401	0.00	14701.856
362.000000	0.000424	0.00	14431.872
363.000000	0.000389	0.00	14873.664
364.000000	0.000391	0.00	15045.472
365.000000	0.000406	0.00	14971.840
366.000000	0.000418	0.00	14689.584
367.000000	0.000399	0.00	15303.184
368.000000	0.000427	0.00	14063.712
369.000000	0.000397	0.00	14898.208
370.000000	0.000400	0.00	14775.488
371.000000	0.000384	0.00	15205.008
372.000000	0.000427	0.00	14260.064
373.000000	0.000399	0.00	14824.576
374.000000	0.000422	0.00	14321.424
375.000000	0.000420	0.00	14247.792
376.000000	0.000422	0.00	14480.960
377.000000	0.000416	0.00	14419.600
378.000000	0.000426	0.00	14579.136
379.000000	0.000431	0.00	14358.240
380.000000	0.000409	0.00	14812.304
381.000000	0.000403	0.00	15008.656
382.000000	0.000399	0.00	14836.848
383.000000	0.000382	0.00	15033.200
384.000000	0.000423	0.00	14309.152
385.000000	0.000381	0.00	15020.928
386.000000	0.000423	0.00	14579.136
387.000000	0.000413	0.00	14456.416
388.000000	0.000413	0.00	14542.320
389.000000	0.000407	0.00	14603.680
390.000000	0.000407	0.00	14100.528
391.000000	0.000403	0.00	14873.664
392.000000	0.000388	0.00	14873.664
393.000000	0.000405	0.00	14873.664
394.000000	0.000396	0.00	15094.560
395.000000	0.000404	0.00	14640.496
396.000000	0.000458	0.00	14063.712
397.000000	0.000388	0.00	15180.464
398.000000	0.000418	0.00	14247.792
399.000000	0.000406	0.00	14505.504
400.000000	0.000412	0.00	14456.416
401.000000	0.000394	0.00	14812.304
402.000000	0.000402	0.00	14714.128
403.000000	0.000380	0.00	14947.296
404.000000	0.000411	0.00	14763.216
405.000000	0.000377	0.00	15020.928
406.000000	0.000426	0.00	14566.864
407.000000	0.000386	0.00	14971.840
408.000000	0.000394	0.00	14714.128
409.000000	0.000381	0.00	15401.360
410.000000	0.000409	0.00	14542.320
411.000000	0.000436	0.00	13990.080
412.000000	0.000386	0.00	15094.560
413.000000	0.000427	0.00	14517.776
414.000000	0.000400	0.00	14542.320
415.000000	0.000424	0.00	14530.048
416.000000	0.000377	0.00	15585.440
417.000000	0.000383	0.00	15143.648
418.000000	0.000386	0.00	14935.024
419.000000	0.000401	0.00	14493.232
420.000000	0.000429	0.00	14419.600
421.000000	0.000417	0.00	14444.144
422.000000	0.000418	0.00	14382.784
423.000000	0.000401	0.00	14984.112
424.000000	0.000403	0.00	14812.304
425.000000	0.000391	0.00	15070.016
426.000000	0.000389	0.00	14959.568
427.000000	0.000383	0.00	14996.384
428.000000	0.000395	0.00	15070.016
429.000000	0.000415	0.00	14640.496
430.000000	0.000383	0.00	15266.368
431.000000	0.000402	0.00	14677.312
432.000000	0.000406	0.00	14861.392
433.000000	0.000409	0.00	14873.664
434.000000	0.000402	0.00	14615.952
435.000000	0.000414	0.00	14480.960
436.000000	0.000423	0.00	14530.048
437.000000	0.000412	0.00	14456.416
438.000000	0.000395	0.00	15033.200
439.000000	0.000408	0.00	14726.400
440.000000	0.000432	0.00	14260.064
441.000000	0.000415	0.00	14480.960
442.000000	0.000421	0.00	14640.496
443.000000	0.000394	0.00	14493.232
444.000000	0.000381	0.00	15106.832
445.000000	0.000412	0.00	14444.144
446.000000	0.000394	0.00	14873.664
447.000000	0.000403	0.00	14836.848
448.000000	0.000376	0.00	15401.360
449.000000	0.000417	0.00	14517.776
450.000000	0.000404	0.00	14885.936
451.000000	0.000416	0.00	14530.048
452.000000	0.000380	0.00	15020.928
453.000000	0.000396	0.00	14959.568
454.000000	0.000405	0.00	14701.856
455.000000	0.000404	0.00	14910.480
456.000000	0.000402	0.00	14677.312
457.000000	0.000411	0.00	14628.224
458.000000	0.000422	0.00	14284.608
459.000000	0.000440	0.00	14382.784
460.000000	0.000420	0.00	14554.592
461.000000	0.000398	0.00	14885.936
462.000000	0.000396	0.00	14812.304
463.000000	0.000406	0.00	14480.960
464.000000	0.000420	0.00	14419.600
465.000000	0.000393	0.00	15020.928
466.000000	0.000388	0.00	15106.832
467.000000	0.000398	0.00	14530.048
468.000000	0.000405	0.00	14910.480
469.000000	0.000394	0.00	14849.120
470.000000	0.000396	0.00	14947.296
471.000000	0.000420	0.00	14628.224
472.000000	0.000394	0.00	14861.392
473.000000	0.000432	0.00	14014.624
474.000000	0.000405	0.00	14800.032
475.000000	0.000408	0.00	14726.400
476.000000	0.000392	0.00	15180.464
477.000000	0.000418	0.00	14628.224
478.000000	0.000417	0.00	14407.328
479.000000	0.000386	0.00	15106.832
480.000000	0.000408	0.00	14812.304
481.000000	0.000400	0.00	14984.112
482.000000	0.000428	0.00	14235.520
483.000000	0.000416	0.00	14444.144
484.000000	0.000406	0.00	14554.592
485.000000	0.000401	0.00	14824.576
486.000000	0.000376	0.00	15205.008
487.000000	0.000381	0.00	14824.576
488.000000	0.000397	0.00	15020.928
489.000000	0.000405	0.00	14947.296
490.000000	0.000398	0.00	14628.224
491.000000	0.000404	0.00	14714.128
492.000000	0.000419	0.00	14701.856
493.000000	0.000389	0.00	15045.472
494.000000	0.000386	0.00	14800.032
495.000000	0.000399	0.00	14910.480
496.000000	0.000403	0.00	14640.496
497.000000	0.000396	0.00	14873.664
498.000000	0.000409	0.00	14395.056
499.000000	0.000402	0.00	14787.760
500.000000	0.000406	0.00	14677.312
501.000000	0.000385	0.00	14984.112
502.000000	0.000414	0.00	14554.592
503.000000	0.000402	0.00	14591.408
504.000000	0.000403	0.00	14898.208
505.000000	0.000391	0.00	15082.288
506.000000	0.000407	0.00	15033.200
507.000000	0.000384	0.00	14959.568
508.000000	0.000414	0.00	14836.848
509.000000	0.000414	0.00	14186.432
510.000000	0.000397	0.00	14885.936
511.000000	0.000422	0.00	14444.144
512.000000	0.000407	0.00	14812.304
513.000000	0.000375	0.00	15057.744
514.000000	0.000404	0.00	14800.032
515.000000	0.000389	0.00	15094.560
516.000000	0.000401	0.00	14910.480
517.000000	0.000390	0.00	14873.664
518.000000	0.000418	0.00	14063.712
519.000000	0.000409	0.00	14395.056
520.000000	0.000418	0.00	14505.504
521.000000	0.000385	0.00	15106.832
522.000000	0.000428	0.00	14480.960
523.000000	0.000396	0.00	14812.304
524.000000	0.000385	0.00	15229.552
525.000000	0.000387	0.00	15205.008
526.000000	0.000412	0.00	14591.408
527.000000	0.000434	0.00	14210.976
528.000000	0.000389	0.00	15217.280
529.000000	0.000413	0.00	14382.784
530.000000	0.000406	0.00	14665.040
531.000000	0.000406	0.00	14910.480
532.000000	0.000389	0.00	14898.208
533.000000	0.000382	0.00	14971.840
534.000000	0.000394	0.00	14763.216
535.000000	0.000417	0.00	14431.872
536.000000	0.000395	0.00	15045.472
537.000000	0.000411	0.00	14628.224
538.000000	0.000413	0.00	14444.144
539.000000	0.000398	0.00	14910.480
540.000000	0.000404	0.00	14750.944
541.000000	0.000395	0.00	14787.760
542.000000	0.000409	0.00	14689.584
543.000000	0.000413	0.00	14566.864
544.000000	0.000414	0.00	14530.048
545.000000	0.000401	0.00	14849.120
546.000000	0.000371	0.00	15266.368
547.000000	0.000409	0.00	14726.400
548.000000	0.000407	0.00	14530.048
549.000000	0.000363	0.00	15867.696
550.000000	0.000416	0.00	14763.216
551.000000	0.000400	0.00	14800.032
552.000000	0.000417	0.00	14382.784
553.000000	0.000428	0.00	14223.248
554.000000	0.000394	0.00	15082.288
555.000000	0.000408	0.00	14750.944
556.000000	0.000436	0.00	14333.696
557.000000	0.000424	0.00	14579.136
558.000000	0.000436	0.00	14358.240
559.000000	0.000423	0.00	14395.056
560.000000	0.000394	0.00	14971.840
561.000000	0.000382	0.00	15290.912
562.000000	0.000422	0.00	14493.232
563.000000	0.000437	0.00	14039.168
564.000000	0.000424	0.00	14210.976
565.000000	0.000394	0.00	14836.848
566.000000	0.000391	0.00	14947.296
567.000000	0.000376	0.00	15389.088
568.000000	0.000401	0.00	14701.856
569.000000	0.000409	0.00	14885.936
570.000000	0.000416	0.00	14444.144
571.000000	0.000456	0.00	13904.176
572.000000	0.000402	0.00	14738.672
573.000000	0.000425	0.00	14370.512
574.000000	0.000425	0.00	14051.440
575.000000	0.000406	0.00	14566.864
576.000000	0.000430	0.00	13916.448
577.000000	0.000421	0.00	14505.504
578.000000	0.000407	0.00	14235.520
579.000000	0.000419	0.00	14296.880
580.000000	0.000419	0.00	14284.608
581.000000	0.000396	0.00	15143.648
582.000000	0.000418	0.00	14493.232
583.000000	0.000405	0.00	14665.040
584.000000	0.000386	0.00	14959.568
585.000000	0.000396	0.00	14566.864
586.000000	0.000386	0.00	15327.728
587.000000	0.000402	0.00	15020.928
588.000000	0.000426	0.00	14444.144
589.000000	0.000408	0.00	14579.136
590.000000	0.000400	0.00	15241.824
591.000000	0.000426	0.00	14370.512
592.000000	0.000411	0.00	14566.864
593.000000	0.000414	0.00	14284.608
594.000000	0.000401	0.00	14714.128
595.000000	0.000395	0.00	15094.560
596.000000	0.000374	0.00	15389.088
597.000000	0.000369	0.00	15045.472
598.000000	0.000411	0.00	14775.488
599.000000	0.000414	0.00	14714.128
600.000000	0.000399	0.00	14836.848
601.000000	0.000384	0.00	15205.008
602.000000	0.000392	0.00	15070.016
603.000000	0.000408	0.00	14419.600
604.000000	0.000384	0.00	14984.112
605.000000	0.000420	0.00	14566.864
606.000000	0.000391	0.00	14910.480
607.000000	0.000404	0.00	14873.664
608.000000	0.000428	0.00	14407.328
609.000000	0.000412	0.00	14480.960
610.000000	0.000403	0.00	14873.664
611.000000	0.000382	0.00	15192.736
612.000000	0.000410	0.00	14750.944
613.000000	0.000405	0.00	14566.864
614.000000	0.000407	0.00	14444.144
615.000000	0.000403	0.00	14910.480
616.000000	0.000434	0.00	14370.512
617.000000	0.000421	0.00	14554.592
618.000000	0.000415	0.00	14530.048
619.000000	0.000398	0.00	14775.488
620.000000	0.000399	0.00	14787.760
621.000000	0.000393	0.00	14959.568
622.000000	0.000402	0.00	15045.472
623.000000	0.000388	0.00	15401.360
624.000000	0.000402	0.00	14922.752
625.000000	0.000387	0.00	15119.104
626.000000	0.000372	0.00	15131.376
627.000000	0.000380	0.00	15450.448
628.000000	0.000404	0.00	14959.568
629.000000	0.000416	0.00	14787.760
630.000000	0.000398	0.00	14701.856
631.000000	0.000413	0.00	14395.056
632.000000	0.000416	0.00	14689.584
633.000000	0.000429	0.00	14260.064
634.000000	0.000405	0.00	14750.944
635.000000	0.000420	0.00	14517.776
636.000000	0.000379	0.00	15033.200
637.000000	0.000422	0.00	14284.608
638.000000	0.000381	0.00	15057.744
639.000000	0.000399	0.00	14959.568
640.000000	0.000384	0.00	15168.192
641.000000	0.000400	0.00	14775.488
642.000000	0.000397	0.00	15143.648
643.000000	0.000407	0.00	14996.384
644.000000	0.000397	0.00	14996.384
645.000000	0.000449	0.00	13965.536
646.000000	0.000413	0.00	14517.776
647.000000	0.000413	0.00	14836.848
648.000000	0.000416	0.00	14395.056
649.000000	0.000414	0.00	14542.320
650.000000	0.000408	0.00	14628.224
651.000000	0.000406	0.00	14812.304
652.000000	0.000402	0.00	14763.216
653.000000	0.000418	0.00	14861.392
654.000000	0.000426	0.00	14321.424
655.000000	0.000388	0.00	15057.744
656.000000	0.000407	0.00	14591.408
657.000000	0.000405	0.00	14591.408
658.000000	0.000412	0.00	14738.672
659.000000	0.000440	0.00	14419.600
660.000000	0.000426	0.00	14358.240
661.000000	0.000409	0.00	14579.136
662.000000	0.000386	0.00	14898.208
663.000000	0.000401	0.00	14628.224
664.000000	0.000428	0.00	14272.336
665.000000	0.000395	0.00	14787.760
666.000000	0.000431	0.00	14566.864
667.000000	0.000405	0.00	14579.136
668.000000	0.000413	0.00	14677.312
669.000000	0.000412	0.00	14358.240
670.000000	0.000438	0.00	14174.160
671.000000	0.000403	0.00	14836.848
672.000000	0.000393	0.00	15131.376
673.000000	0.000398	0.00	14849.120
674.000000	0.000390	0.00	14836.848
675.000000	0.000394	0.00	14775.488
676.000000	0.000394	0.00	14836.848
677.000000	0.000401	0.00	14603.680
678.000000	0.000425	0.00	14591.408
679.000000	0.000387	0.00	14996.384
680.000000	0.000385	0.00	14861.392
681.000000	0.000418	0.00	14382.784
682.000000	0.000406	0.00	14677.312
683.000000	0.000408	0.00	14701.856
684.000000	0.000383	0.00	15278.640
685.000000	0.000429	0.00	14665.040
686.000000	0.000382	0.00	14750.944
687.000000	0.000409	0.00	14530.048
688.000000	0.000424	0.00	14321.424
689.000000	0.000410	0.00	14615.952
690.000000	0.000412	0.00	14922.752
691.000000	0.000391	0.00	14922.752
692.000000	0.000410	0.00	14370.512
693.000000	0.000403	0.00	14849.120
694.000000	0.000406	0.00	14603.680
695.000000	0.000423	0.00	14272.336
696.000000	0.000393	0.00	14640.496
697.000000	0.000408	0.00	14665.040
698.000000	0.000397	0.00	14665.040
699.000000	0.000416	0.00	14579.136
700.000000	0.000398	0.00	14640.496
701.000000	0.000388	0.00	15192.736
702.000000	0.000414	0.00	14296.880
703.000000	0.000392	0.00	15327.728
704.000000	0.000410	0.00	14579.136
705.000000	0.000420	0.00	14345.968
706.000000	0.000381	0.00	15020.928
707.000000	0.000384	0.00	15045.472
708.000000	0.000403	0.00	14603.680
709.000000	0.000415	0.00	14763.216
710.000000	0.000405	0.00	14615.952
711.000000	0.000412	0.00	14431.872
712.000000	0.000410	0.00	14554.592
713.000000	0.000386	0.00	15008.656
714.000000	0.000422	0.00	14456.416
715.000000	0.000396	0.00	14824.576
716.000000	0.000383	0.00	14849.120
717.000000	0.000387	0.00	15106.832
718.000000	0.000400	0.00	15045.472
719.000000	0.000395	0.00	14824.576
720.000000	0.000391	0.00	14849.120
721.000000	0.000378	0.00	15033.200
722.000000	0.000407	0.00	14517.776
723.000000	0.000417	0.00	14812.304
724.000000	0.000398	0.00	14836.848
725.000000	0.000370	0.00	15524.080
726.000000	0.000422	0.00	14603.680
727.000000	0.000397	0.00	15057.744
728.000000	0.000412	0.00	14628.224
729.000000	0.000405	0.00	14665.040
730.000000	0.000419	0.00	14566.864
731.000000	0.000394	0.00	14579.136
732.000000	0.000419	0.00	14358.240
733.000000	0.000398	0.00	14812.304
734.000000	0.000403	0.00	14750.944
735.000000	0.000427	0.00	14431.872
736.000000	0.000400	0.00	14910.480
737.000000	0.000418	0.00	14223.248
738.000000	0.000407	0.00	14677.312
739.000000	0.000400	0.00	14910.480
740.000000	0.000410	0.00	14382.784
741.000000	0.000399	0.00	14652.768
742.000000	0.000418	0.00	14272.336
743.000000	0.000408	0.00	15033.200
744.000000	0.000406	0.00	14873.664
745.000000	0.000387	0.00	14935.024
746.000000	0.000383	0.00	14910.480
747.000000	0.000400	0.00	14738.672
748.000000	0.000386	0.00	15131.376
749.000000	0.000388	0.00	14738.672
750.000000	0.000390	0.00	14885.936
751.000000	0.000418	0.00	14382.784
752.000000	0.000415	0.00	14591.408
753.000000	0.000435	0.00	14235.520
754.000000	0.000401	0.00	14505.504
755.000000	0.000409	0.00	14677.312
756.000000	0.000386	0.00	15082.288
757.000000	0.000380	0.00	15119.104
758.000000	0.000413	0.00	14174.160
759.000000	0.000405	0.00	14800.032
760.000000	0.000389	0.00	15229.552
761.000000	0.000417	0.00	14677.312
762.000000	0.000408	0.00	14628.224
763.000000	0.000410	0.00	14566.864
764.000000	0.000393	0.00	14787.760
765.000000	0.000398	0.00	14971.840
766.000000	0.000382	0.00	15548.624
767.000000	0.000405	0.00	14615.952
768.000000	0.000411	0.00	14615.952
769.000000	0.000441	0.00	14014.624
770.000000	0.000392	0.00	15131.376
771.000000	0.000404	0.00	14431.872
772.000000	0.000416	0.00	14468.688
773.000000	0.000404	0.00	14431.872
774.000000	0.000389	0.00	14947.296
775.000000	0.000393	0.00	15401.360
776.000000	0.000399	0.00	14849.120
777.000000	0.000425	0.00	14235.520
778.000000	0.000414	0.00	14480.960
779.000000	0.000391	0.00	14836.848
780.000000	0.000437	0.00	14174.160
781.000000	0.000407	0.00	14726.400
782.000000	0.000398	0.00	14677.312
783.000000	0.000421	0.00	14505.504
784.000000	0.000433	0.00	14235.520
785.000000	0.000396	0.00	14775.488
786.000000	0.000405	0.00	14615.952
787.000000	0.000397	0.00	14873.664
788.000000	0.000409	0.00	14750.944
789.000000	0.000397	0.00	15008.656
790.000000	0.000425	0.00	14358.240
791.000000	0.000409	0.00	14738.672
792.000000	0.000419	0.00	14358.240
793.000000	0.000411	0.00	14787.760
794.000000	0.000392	0.00	15119.104
795.000000	0.000397	0.00	14984.112
796.000000	0.000420	0.00	14407.328
797.000000	0.000448	0.00	14051.440
798.000000	0.000403	0.00	14873.664
799.000000	0.000417	0.00	14640.496
800.000000	0.000416	0.00	14051.440
801.000000	0.000408	0.00	14873.664
802.000000	0.000413	0.00	14554.592
803.000000	0.000372	0.00	15290.912
804.000000	0.000400	0.00	14665.040
805.000000	0.000415	0.00	14787.760
806.000000	0.000424	0.00	14726.400
807.000000	0.000401	0.00	14542.320
808.000000	0.000386	0.00	15241.824
809.000000	0.000395	0.00	14922.752
810.000000	0.000407	0.00	14861.392
811.000000	0.000428	0.00	14419.600
812.000000	0.000405	0.00	15033.200
813.000000	0.000386	0.00	14984.112
814.000000	0.000381	0.00	15241.824
815.000000	0.000424	0.00	14505.504
816.000000	0.000397	0.00	15205.008
817.000000	0.000406	0.00	14640.496
818.000000	0.000419	0.00	14530.048
819.000000	0.000414	0.00	14517.776
820.000000	0.000408	0.00	14763.216
821.000000	0.000393	0.00	14824.576
822.000000	0.000438	0.00	14198.704
823.000000	0.000396	0.00	14885.936
824.000000	0.000397	0.00	14935.024
825.000000	0.000391	0.00	15168.192
826.000000	0.000389	0.00	15094.560
827.000000	0.000428	0.00	14456.416
828.000000	0.000396	0.00	14812.304
829.000000	0.000394	0.00	14885.936
830.000000	0.000403	0.00	14971.840
831.000000	0.000402	0.00	14763.216
832.000000	0.000397	0.00	14750.944
833.000000	0.000434	0.00	14382.784
834.000000	0.000409	0.00	14615.952
835.000000	0.000396	0.00	15119.104
836.000000	0.000402	0.00	14701.856
837.000000	0.000402	0.00	14763.216
838.000000	0.000391	0.00	14922.752
839.000000	0.000397	0.00	14652.768
840.000000	0.000420	0.00	14750.944
841.000000	0.000397	0.00	14787.760
842.000000	0.000388	0.00	14959.568
843.000000	0.000409	0.00	14750.944
844.000000	0.000423	0.00	14174.160
845.000000	0.000399	0.00	14849.120
846.000000	0.000396	0.00	14701.856
847.000000	0.000398	0.00	14701.856
848.000000	0.000404	0.00	14615.952
849.000000	0.000403	0.00	14640.496
850.000000	0.000405	0.00	14579.136
851.000000	0.000410	0.00	14935.024
852.000000	0.000448	0.00	13953.264
853.000000	0.000402	0.00	14554.592
854.000000	0.000404	0.00	14910.480
855.000000	0.000399	0.00	15070.016
856.000000	0.000402	0.00	14935.024
857.000000	0.000423	0.00	14284.608
858.000000	0.000406	0.00	15020.928
859.000000	0.000396	0.00	14763.216
860.000000	0.000379	0.00	15278.640
861.000000	0.000404	0.00	14419.600
862.000000	0.000396	0.00	14922.752
863.000000	0.000386	0.00	15008.656
864.000000	0.000401	0.00	14566.864
865.000000	0.000399	0.00	14750.944
866.000000	0.000394	0.00	15057.744
867.000000	0.000386	0.00	15143.648
868.000000	0.000412	0.00	14431.872
869.000000	0.000401	0.00	14935.024
870.000000	0.000424	0.00	14554.592
871.000000	0.000403	0.00	14935.024
872.000000	0.000387	0.00	15192.736
873.000000	0.000389	0.00	15008.656
874.000000	0.000419	0.00	14505.504
875.000000	0.000398	0.00	14935.024
876.000000	0.000410	0.00	14468.688
877.000000	0.000432	0.00	14174.160
878.000000	0.000408	0.00	14738.672
879.000000	0.000402	0.00	14579.136
880.000000	0.000415	0.00	14615.952
881.000000	0.000393	0.00	14824.576
882.000000	0.000401	0.00	14738.672
883.000000	0.000393	0.00	15168.192
884.000000	0.000402	0.00	14935.024
885.000000	0.000400	0.00	14628.224
886.000000	0.000402	0.00	14836.848
887.000000	0.000414	0.00	14579.136
888.000000	0.000415	0.00	14358.240
889.000000	0.000389	0.00	14836.848
890.000000	0.000417	0.00	14333.696
891.000000	0.000398	0.00	14849.120
892.000000	0.000395	0.00	14959.568
893.000000	0.000397	0.00	14775.488
894.000000	0.000410	0.00	14701.856
895.000000	0.000407	0.00	14517.776
896.000000	0.000390	0.00	14750.944
897.000000	0.000395	0.00	14861.392
898.000000	0.000436	0.00	14235.520
899.000000	0.000414	0.00	14701.856
900.000000	0.000417	0.00	14763.216
901.000000	0.000402	0.00	15008.656
902.000000	0.000394	0.00	14775.488
903.000000	0.000424	0.00	14247.792
904.000000	0.000407	0.00	14419.600
905.000000	0.000412	0.00	14824.576
906.000000	0.000402	0.00	14873.664
907.000000	0.000395	0.00	14910.480
908.000000	0.000423	0.00	14345.968
909.000000	0.000387	0.00	14910.480
910.000000	0.000406	0.00	14800.032
911.000000	0.000411	0.00	14530.048
912.000000	0.000399	0.00	14935.024
913.000000	0.000410	0.00	14652.768
914.000000	0.000398	0.00	14812.304
915.000000	0.000372	0.00	14922.752
916.000000	0.000396	0.00	14800.032
917.000000	0.000398	0.00	14554.592
918.000000	0.000453	0.00	13977.808
919.000000	0.000409	0.00	14579.136
920.000000	0.000436	0.00	14345.968
921.000000	0.000448	0.00	14051.440
922.000000	0.000406	0.00	14689.584
923.000000	0.000419	0.00	14186.432
924.000000	0.000402	0.00	14701.856
925.000000	0.000402	0.00	14640.496
926.000000	0.000419	0.00	14223.248
927.000000	0.000384	0.00	15020.928
928.000000	0.000398	0.00	15045.472
929.000000	0.000397	0.00	14836.848
930.000000	0.000416	0.00	14321.424
931.000000	0.000395	0.00	14628.224
932.000000	0.000403	0.00	14726.400
933.000000	0.000391	0.00	14873.664
934.000000	0.000407	0.00	14738.672
935.000000	0.000393	0.00	14750.944
936.000000	0.000408	0.00	14836.848
937.000000	0.000405	0.00	14947.296
938.000000	0.000375	0.00	15229.552
939.000000	0.000404	0.00	14726.400
940.000000	0.000372	0.00	15327.728
941.000000	0.000403	0.00	14824.576
942.000000	0.000431	0.00	14566.864
943.000000	0.000408	0.00	14407.328
944.000000	0.000411	0.00	14517.776
945.000000	0.000408	0.00	14493.232
946.000000	0.000380	0.00	14996.384
947.000000	0.000409	0.00	14750.944
948.000000	0.000389	0.00	14812.304
949.000000	0.000401	0.00	14775.488
950.000000	0.000403	0.00	14959.568
951.000000	0.000415	0.00	14493.232
952.000000	0.000399	0.00	15033.200
953.000000	0.000423	0.00	14309.152
954.000000	0.000411	0.00	14480.960
955.000000	0.000425	0.00	14075.984
956.000000	0.000376	0.00	15254.096
957.000000	0.000412	0.00	14701.856
958.000000	0.000421	0.00	14468.688
959.000000	0.000395	0.00	15192.736
960.000000	0.000403	0.00	14665.040
961.000000	0.000415	0.00	14615.952
962.000000	0.000392	0.00	14849.120
963.000000	0.000412	0.00	14689.584
964.000000	0.000377	0.00	15106.832
965.000000	0.000381	0.00	14959.568
966.000000	0.000396	0.00	14947.296
967.000000	0.000408	0.00	14591.408
968.000000	0.000414	0.00	14444.144
969.000000	0.000418	0.00	14542.320
970.000000	0.000435	0.00	14247.792
971.000000	0.000435	0.00	14419.600
972.000000	0.000400	0.00	14689.584
973.000000	0.000393	0.00	14824.576
974.000000	0.000409	0.00	14431.872
975.000000	0.000430	0.00	14333.696
976.000000	0.000399	0.00	14922.752
977.000000	0.000409	0.00	14726.400
978.000000	0.000371	0.00	15720.432
979.000000	0.000410	0.00	14542.320
980.000000	0.000410	0.00	14787.760
981.000000	0.000413	0.00	14652.768
982.000000	0.000401	0.00	14750.944
983.000000	0.000419	0.00	14333.696
984.000000	0.000404	0.00	14738.672
985.000000	0.000382	0.00	15290.912
986.000000	0.000435	0.00	14260.064
987.000000	0.000398	0.00	14689.584
988.000000	0.000377	0.00	15290.912
989.000000	0.000399	0.00	14873.664
990.000000	0.000412	0.00	14861.392
991.000000	0.000387	0.00	15229.552
992.000000	0.000400	0.00	14959.568
993.000000	0.000426	0.00	14677.312
994.000000	0.000417	0.00	14628.224
995.000000	0.000396	0.00	14984.112
996.000000	0.000407	0.00	14419.600
997.000000	0.000421	0.00	14554.592
998.000000	0.000379	0.00	15278.640
999.000000	0.000403	0.00	14763.216
1000.000000	0.000400	0.00	14812.304
1001.000000	0.000379	0.00	15192.736
1002.000000	0.000397	0.00	14787.760
1003.000000	0.000426	0.00	14640.496
1004.000000	0.000386	0.00	15168.192
1005.000000	0.000398	0.00	14996.384
1006.000000	0.000404	0.00	14750.944
1007.000000	0.000430	0.00	14309.152
1008.000000	0.000403	0.00	14591.408
1009.000000	0.000418	0.00	14530.048
1010.000000	0.000410	0.00	14603.680
1011.000000	0.000416	0.00	14579.136
1012.000000	0.000418	0.00	14750.944
1013.000000	0.000392	0.00	14861.392
1014.000000	0.000403	0.00	14456.416
1015.000000	0.000418	0.00	14395.056
1016.000000	0.000394	0.00	14873.664
1017.000000	0.000406	0.00	14873.664
1018.000000	0.000394	0.00	14738.672
1019.000000	0.000407	0.00	14579.136
1020.000000	0.000411	0.00	14542.320
1021.000000	0.000429	0.00	14395.056
1022.000000	0.000409	0.00	14959.568
1023.000000	0.000406	0.00	14603.680
1024.000000	0.000398	0.00	15131.376
1025.000000	0.000398	0.00	14935.024
1026.000000	0.000405	0.00	14775.488
1027.000000	0.000406	0.00	14456.416
1028.000000	0.000407	0.00	14836.848
1029.000000	0.000422	0.00	14444.144
1030.000000	0.000393	0.00	14861.392
1031.000000	0.000381	0.00	15020.928
1032.000000	0.000409	0.00	14554.592
1033.000000	0.000418	0.00	14493.232
1034.000000	0.000428	0.00	14542.320
1035.000000	0.000402	0.00	14468.688
1036.000000	0.000421	0.00	14566.864
1037.000000	0.000400	0.00	14836.848
1038.000000	0.000395	0.00	14984.112
1039.000000	0.000417	0.00	14358.240
1040.000000	0.000397	0.00	14947.296
1041.000000	0.000434	0.00	14174.160
1042.000000	0.000404	0.00	14750.944
1043.000000	0.000385	0.00	14984.112
1044.000000	0.000403	0.00	14738.672
1045.000000	0.000431	0.00	14395.056
1046.000000	0.000412	0.00	14628.224
1047.000000	0.000416	0.00	14456.416
1048.000000	0.000428	0.00	14382.784
1049.000000	0.000447	0.00	14088.256
1050.000000	0.000396	0.00	14984.112
1051.000000	0.000405	0.00	14714.128
1052.000000	0.000426	0.00	14603.680
1053.000000	0.000386	0.00	15266.368
1054.000000	0.000420	0.00	14750.944
1055.000000	0.000416	0.00	14345.968
1056.000000	0.000426	0.00	14480.960
1057.000000	0.000429	0.00	14566.864
1058.000000	0.000389	0.00	14996.384
1059.000000	0.000425	0.00	14542.320
1060.000000	0.000376	0.00	15340.000
1061.000000	0.000389	0.00	14996.384
1062.000000	0.000387	0.00	15008.656
1063.000000	0.000407	0.00	14665.040
1064.000000	0.000395	0.00	15266.368
1065.000000	0.000391	0.00	15020.928
1066.000000	0.000414	0.00	14370.512
1067.000000	0.000403	0.00	14714.128
1068.000000	0.000404	0.00	14480.960
1069.000000	0.000388	0.00	14812.304
1070.000000	0.000408	0.00	15180.464
1071.000000	0.000433	0.00	14345.968
1072.000000	0.000406	0.00	14542.320
1073.000000	0.000384	0.00	15094.560
1074.000000	0.000419	0.00	14444.144
1075.000000	0.000414	0.00	14665.040
1076.000000	0.000394	0.00	14738.672
1077.000000	0.000397	0.00	14640.496
1078.000000	0.000423	0.00	14480.960
1079.000000	0.000419	0.00	14468.688
1080.000000	0.000408	0.00	14787.760
1081.000000	0.000418	0.00	14444.144
1082.000000	0.000383	0.00	15364.544
1083.000000	0.000400	0.00	14775.488
1084.000000	0.000398	0.00	14971.840
1085.000000	0.000386	0.00	15045.472
1086.000000	0.000402	0.00	14615.952
1087.000000	0.000417	0.00	14370.512
1088.000000	0.000391	0.00	15057.744
1089.000000	0.000425	0.00	14210.976
1090.000000	0.000399	0.00	15020.928
1091.000000	0.000388	0.00	15008.656
1092.000000	0.000432	0.00	14002.352
1093.000000	0.000418	0.00	14407.328
1094.000000	0.000431	0.00	14198.704
1095.000000	0.000390	0.00	14861.392
1096.000000	0.000405	0.00	14787.760
1097.000000	0.000414	0.00	14836.848
1098.000000	0.000389	0.00	14947.296
1099.000000	0.000394	0.00	14971.840
1100.000000	0.000406	0.00	14652.768
1101.000000	0.000417	0.00	14726.400
1102.000000	0.000392	0.00	14910.480
1103.000000	0.000399	0.00	14579.136
1104.000000	0.000417	0.00	14652.768
1105.000000	0.000401	0.00	14996.384
1106.000000	0.000402	0.00	14677.312
1107.000000	0.000405	0.00	14665.040
1108.000000	0.000427	0.00	14505.504
1109.000000	0.000412	0.00	14456.416
1110.000000	0.000400	0.00	15143.648
1111.000000	0.000403	0.00	14456.416
1112.000000	0.000403	0.00	14873.664
1113.000000	0.000403	0.00	14971.840
1114.000000	0.000387	0.00	14898.208
1115.000000	0.000387	0.00	14812.304
1116.000000	0.000386	0.00	15155.920
1117.000000	0.000391	0.00	14861.392
1118.000000	0.000391	0.00	14947.296
1119.000000	0.000405	0.00	14493.232
1120.000000	0.000399	0.00	14849.120
1121.000000	0.000414	0.00	14395.056
1122.000000	0.000403	0.00	14824.576
1123.000000	0.000401	0.00	14775.488
1124.000000	0.000393	0.00	14873.664
1125.000000	0.000401	0.00	15131.376
1126.000000	0.000425	0.00	14395.056
1127.000000	0.000404	0.00	14714.128
1128.000000	0.000418	0.00	14714.128
1129.000000	0.000415	0.00	14321.424
1130.000000	0.000428	0.00	14517.776
1131.000000	0.000386	0.00	15180.464
1132.000000	0.000395	0.00	14898.208
1133.000000	0.000407	0.00	14947.296
1134.000000	0.000395	0.00	14836.848
1135.000000	0.000401	0.00	14787.760
1136.000000	0.000401	0.00	14959.568
1137.000000	0.000421	0.00	14358.240
1138.000000	0.000400	0.00	14971.840
1139.000000	0.000394	0.00	15070.016
1140.000000	0.000411	0.00	14800.032
1141.000000	0.000397	0.00	14738.672
1142.000000	0.000417	0.00	14431.872
1143.000000	0.000405	0.00	14922.752
1144.000000	0.000392	0.00	15057.744
1145.000000	0.000393	0.00	14898.208
1146.000000	0.000399	0.00	14824.576
1147.000000	0.000402	0.00	14714.128
1148.000000	0.000386	0.00	15094.560
1149.000000	0.000427	0.00	14382.784
1150.000000	0.000387	0.00	15205.008
1151.000000	0.000433	0.00	14419.600
1152.000000	0.000421	0.00	14714.128
1153.000000	0.000396	0.00	14898.208
1154.000000	0.000414	0.00	14493.232
1155.000000	0.000389	0.00	15082.288
1156.000000	0.000390	0.00	14812.304
1157.000000	0.000412	0.00	14480.960
1158.000000	0.000399	0.00	14493.232
1159.000000	0.000409	0.00	14824.576
1160.000000	0.000388	0.00	15033.200
1161.000000	0.000394	0.00	14812.304
1162.000000	0.000372	0.00	15425.904
1163.000000	0.000398	0.00	14885.936
1164.000000	0.000399	0.00	14787.760
1165.000000	0.000404	0.00	14861.392
1166.000000	0.000400	0.00	14603.680
1167.000000	0.000395	0.00	14775.488
1168.000000	0.000403	0.00	14738.672
1169.000000	0.000411	0.00	14861.392
1170.000000	0.000391	0.00	15045.472
1171.000000	0.000415	0.00	14480.960
1172.000000	0.000408	0.00	15008.656
1173.000000	0.000412	0.00	14566.864
1174.000000	0.000407	0.00	14480.960
1175.000000	0.000409	0.00	14628.224
1176.000000	0.000409	0.00	14493.232
1177.000000	0.000407	0.00	15020.928
1178.000000	0.000404	0.00	14971.840
1179.000000	0.000417	0.00	14444.144
1180.000000	0.000411	0.00	14493.232
1181.000000	0.000402	0.00	14873.664
1182.000000	0.000429	0.00	14309.152
1183.000000	0.000390	0.00	15131.376
1184.000000	0.000391	0.00	14898.208
1185.000000	0.000432	0.00	14075.984
1186.000000	0.000410	0.00	14922.752
1187.000000	0.000408	0.00	14971.840
1188.000000	0.000397	0.00	15106.832
1189.000000	0.000406	0.00	14971.840
1190.000000	0.000413	0.00	14407.328
1191.000000	0.000411	0.00	14407.328
1192.000000	0.000391	0.00	14750.944
1193.000000	0.000396	0.00	14738.672
1194.000000	0.000400	0.00	14689.584
1195.000000	0.000409	0.00	14480.960
1196.000000	0.000418	0.00	14787.760
1197.000000	0.000403	0.00	14738.672
1198.000000	0.000382	0.00	15008.656
1199.000000	0.000391	0.00	14922.752
1200.000000	0.000420	0.00	14542.320
1201.000000	0.000403	0.00	15008.656
1202.000000	0.000403	0.00	14665.040
1203.000000	0.000401	0.00	14640.496
1204.000000	0.000408	0.00	14677.312
1205.000000	0.000411	0.00	14971.840
1206.000000	0.000391	0.00	15033.200
1207.000000	0.000429	0.00	14517.776
1208.000000	0.000395	0.00	14775.488
1209.000000	0.000387	0.00	14849.120
1210.000000	0.000402	0.00	14873.664
1211.000000	0.000392	0.00	14984.112
1212.000000	0.000428	0.00	14186.432
1213.000000	0.000416	0.00	14517.776
1214.000000	0.000396	0.00	14787.760
1215.000000	0.000429	0.00	14026.896
1216.000000	0.000414	0.00	14603.680
1217.000000	0.000436	0.00	14309.152
1218.000000	0.000414	0.00	14542.320
1219.000000	0.000425	0.00	14112.800
1220.000000	0.000383	0.00	15057.744
1221.000000	0.000390	0.00	15155.920
1222.000000	0.000409	0.00	14714.128
1223.000000	0.000410	0.00	14861.392
1224.000000	0.000421	0.00	14407.328
1225.000000	0.000420	0.00	14505.504
1226.000000	0.000417	0.00	14787.760
1227.000000	0.000405	0.00	14763.216
1228.000000	0.000394	0.00	14763.216
1229.000000	0.000400	0.00	14922.752
1230.000000	0.000409	0.00	14566.864
1231.000000	0.000403	0.00	14701.856
1232.000000	0.000426	0.00	14591.408
1233.000000	0.000386	0.00	15143.648
1234.000000	0.000396	0.00	15119.104
1235.000000	0.000441	0.00	14112.800
1236.000000	0.000411	0.00	14296.880
1237.000000	0.000402	0.00	14726.400
1238.000000	0.000393	0.00	15045.472
1239.000000	0.000397	0.00	14873.664
1240.000000	0.000410	0.00	14468.688
1241.000000	0.000400	0.00	14775.488
1242.000000	0.000405	0.00	14885.936
1243.000000	0.000409	0.00	14861.392
1244.000000	0.000403	0.00	14517.776
1245.000000	0.000412	0.00	14603.680
1246.000000	0.000374	0.00	15241.824
1247.000000	0.000411	0.00	14296.880
1248.000000	0.000396	0.00	14824.576
1249.000000	0.000418	0.00	14431.872
1250.000000	0.000394	0.00	15020.928
1251.000000	0.000406	0.00	14665.040
1252.000000	0.000377	0.00	14971.840
1253.000000	0.000400	0.00	14714.128
1254.000000	0.000392	0.00	14824.576
1255.000000	0.000448	0.00	14100.528
1256.000000	0.000389	0.00	15008.656
1257.000000	0.000393	0.00	14358.240
1258.000000	0.000401	0.00	14738.672
1259.000000	0.000417	0.00	14530.048
1260.000000	0.000418	0.00	14603.680
1261.000000	0.000386	0.00	15425.904
1262.000000	0.000417	0.00	14738.672
1263.000000	0.000420	0.00	14284.608
1264.000000	0.000402	0.00	14431.872
1265.000000	0.000434	0.00	14321.424
1266.000000	0.000404	0.00	14640.496
1267.000000	0.000410	0.00	14898.208
1268.000000	0.000395	0.00	14665.040
1269.000000	0.000431	0.00	13965.536
1270.000000	0.000395	0.00	14898.208
1271.000000	0.000410	0.00	14750.944
1272.000000	0.000416	0.00	14922.752
1273.000000	0.000389	0.00	15155.920
1274.000000	0.000393	0.00	15057.744
1275.000000	0.000399	0.00	14971.840
1276.000000	0.000402	0.00	14800.032
1277.000000	0.000415	0.00	14591.408
1278.000000	0.000372	0.00	15524.080
1279.000000	0.000405	0.00	15082.288
1280.000000	0.000399	0.00	14984.112
1281.000000	0.000382	0.00	15241.824
1282.000000	0.000407	0.00	14861.392
1283.000000	0.000404	0.00	14898.208
1284.000000	0.000412	0.00	14395.056
1285.000000	0.000443	0.00	14137.344
1286.000000	0.000420	0.00	14591.408
1287.000000	0.000380	0.00	15229.552
1288.000000	0.000392	0.00	15082.288
1289.000000	0.000390	0.00	15057.744
1290.000000	0.000416	0.00	14665.040
1291.000000	0.000391	0.00	14873.664
1292.000000	0.000405	0.00	14665.040
1293.000000	0.000416	0.00	14517.776
1294.000000	0.000407	0.00	14689.584
1295.000000	0.000391	0.00	15352.272
1296.000000	0.000384	0.00	15033.200
1297.000000	0.000422	0.00	14591.408
1298.000000	0.000386	0.00	15327.728
1299.000000	0.000378	0.00	15008.656
1300.000000	0.000392	0.00	15033.200
1301.000000	0.000402	0.00	14947.296
1302.000000	0.000415	0.00	14628.224
1303.000000	0.000413	0.00	14812.304
1304.000000	0.000416	0.00	14836.848
1305.000000	0.000379	0.00	15143.648
1306.000000	0.000430	0.00	14456.416
1307.000000	0.000431	0.00	14333.696
1308.000000	0.000385	0.00	14996.384
1309.000000	0.000402	0.00	14726.400
1310.000000	0.000383	0.00	14996.384
1311.000000	0.000372	0.00	15180.464
1312.000000	0.000414	0.00	14714.128
1313.000000	0.000376	0.00	15192.736
1314.000000	0.000410	0.00	14517.776
1315.000000	0.000410	0.00	14677.312
1316.000000	0.000385	0.00	14910.480
1317.000000	0.000428	0.00	14358.240
1318.000000	0.000405	0.00	14493.232
1319.000000	0.000398	0.00	15057.744
1320.000000	0.000408	0.00	14431.872
1321.000000	0.000415	0.00	14615.952
1322.000000	0.000417	0.00	14566.864
1323.000000	0.000368	0.00	15143.648
1324.000000	0.000451	0.00	13953.264
1325.000000	0.000425	0.00	14112.800
1326.000000	0.000383	0.00	15106.832
1327.000000	0.000388	0.00	14849.120
1328.000000	0.000393	0.00	14763.216
1329.000000	0.000396	0.00	14873.664
1330.000000	0.000406	0.00	14566.864
1331.000000	0.000395	0.00	14763.216
1332.000000	0.000391	0.00	15487.264
1333.000000	0.000420	0.00	14358.240
1334.000000	0.000411	0.00	14566.864
1335.000000	0.000403	0.00	14603.680
1336.000000	0.000447	0.00	14210.976
1337.000000	0.000405	0.00	14861.392
1338.000000	0.000395	0.00	14763.216
1339.000000	0.000395	0.00	14652.768
1340.000000	0.000441	0.00	14100.528
1341.000000	0.000384	0.00	14959.568
1342.000000	0.000413	0.00	14554.592
1343.000000	0.000416	0.00	14370.512
1344.000000	0.000394	0.00	14812.304
1345.000000	0.000402	0.00	14591.408
1346.000000	0.000394	0.00	15020.928
1347.000000	0.000387	0.00	15020.928
1348.000000	0.000432	0.00	14333.696
1349.000000	0.000419	0.00	14493.232
1350.000000	0.000401	0.00	14714.128
1351.000000	0.000423	0.00	14505.504
1352.000000	0.000402	0.00	14873.664
1353.000000	0.000419	0.00	14431.872
1354.000000	0.000416	0.00	14235.520
1355.000000	0.000393	0.00	14824.576
1356.000000	0.000390	0.00	15241.824
1357.000000	0.000401	0.00	14530.048
1358.000000	0.000426	0.00	14554.592
1359.000000	0.000401	0.00	14959.568
1360.000000	0.000414	0.00	14640.496
1361.000000	0.000410	0.00	14566.864
1362.000000	0.000403	0.00	14922.752
1363.000000	0.000407	0.00	14824.576
1364.000000	0.000415	0.00	14640.496
1365.000000	0.000392	0.00	14971.840
1366.000000	0.000416	0.00	14542.320
1367.000000	0.000412	0.00	14542.320
1368.000000	0.000420	0.00	14493.232
1369.000000	0.000415	0.00	14505.504
1370.000000	0.000408	0.00	14628.224
1371.000000	0.000409	0.00	14652.768
1372.000000	0.000425	0.00	14603.680
1373.000000	0.000388	0.00	14922.752
1374.000000	0.000391	0.00	14775.488
1375.000000	0.000417	0.00	14530.048
1376.000000	0.000412	0.00	14493.232
1377.000000	0.000399	0.00	15070.016
1378.000000	0.000411	0.00	14395.056
1379.000000	0.000398	0.00	14652.768
1380.000000	0.000389	0.00	15180.464
1381.000000	0.000422	0.00	14505.504
1382.000000	0.000397	0.00	14836.848
1383.000000	0.000401	0.00	14861.392
1384.000000	0.000398	0.00	14800.032
1385.000000	0.000381	0.00	15094.560
1386.000000	0.000392	0.00	14873.664
1387.000000	0.000408	0.00	14800.032
1388.000000	0.000431	0.00	14075.984
1389.000000	0.000387	0.00	15045.472
1390.000000	0.000399	0.00	14971.840
1391.000000	0.000409	0.00	14615.952
1392.000000	0.000402	0.00	14885.936
1393.000000	0.000420	0.00	14775.488
1394.000000	0.000410	0.00	14530.048
1395.000000	0.000393	0.00	14959.568
1396.000000	0.000425	0.00	14419.600
1397.000000	0.000387	0.00	15131.376
1398.000000	0.000386	0.00	14947.296
1399.000000	0.000399	0.00	14812.304
1400.000000	0.000411	0.00	14370.512
1401.000000	0.000398	0.00	14615.952
1402.000000	0.000387	0.00	15376.816
1403.000000	0.000398	0.00	14885.936
1404.000000	0.000439	0.00	14112.800
1405.000000	0.000404	0.00	14714.128
1406.000000	0.000387	0.00	14775.488
1407.000000	0.000419	0.00	14493.232
1408.000000	0.000386	0.00	14873.664
1409.000000	0.000408	0.00	14628.224
1410.000000	0.000396	0.00	14824.576
1411.000000	0.000392	0.00	14787.760
1412.000000	0.000413	0.00	14480.960
1413.000000	0.000437	0.00	14333.696
1414.000000	0.000403	0.00	14726.400
1415.000000	0.000424	0.00	14530.048
1416.000000	0.000412	0.00	14542.320
1417.000000	0.000398	0.00	14849.120
1418.000000	0.000417	0.00	14922.752
1419.000000	0.000401	0.00	14947.296
1420.000000	0.000400	0.00	14812.304
1421.000000	0.000424	0.00	14382.784
1422.000000	0.000403	0.00	14726.400
1423.000000	0.000393	0.00	15180.464
1424.000000	0.000407	0.00	14554.592
1425.000000	0.000398	0.00	15045.472
1426.000000	0.000432	0.00	14296.880
1427.000000	0.000406	0.00	14812.304
1428.000000	0.000402	0.00	14763.216
1429.000000	0.000406	0.00	14480.960
1430.000000	0.000415	0.00	14603.680
1431.000000	0.000454	0.00	14088.256
1432.000000	0.000395	0.00	14849.120
1433.000000	0.000415	0.00	14530.048
1434.000000	0.000427	0.00	14493.232
1435.000000	0.000406	0.00	14419.600
1436.000000	0.000413	0.00	14345.968
1437.000000	0.000408	0.00	14652.768
1438.000000	0.000421	0.00	14775.488
1439.000000	0.000387	0.00	15180.464
1440.000000	0.000399	0.00	14456.416
1441.000000	0.000396	0.00	15143.648
1442.000000	0.000379	0.00	15192.736
1443.000000	0.000393	0.00	14935.024
1444.000000	0.000396	0.00	14800.032
1445.000000	0.000431	0.00	14382.784
1446.000000	0.000398	0.00	14971.840
1447.000000	0.000389	0.00	14849.120
1448.000000	0.000410	0.00	14321.424
1449.000000	0.000419	0.00	13990.080
1450.000000	0.000402	0.00	14726.400
1451.000000	0.000385	0.00	14615.952
1452.000000	0.000398	0.00	14885.936
1453.000000	0.000408	0.00	14505.504
1454.000000	0.000389	0.00	14947.296
1455.000000	0.000417	0.00	14419.600
1456.000000	0.000388	0.00	14910.480
1457.000000	0.000399	0.00	14824.576
1458.000000	0.000403	0.00	14873.664
1459.000000	0.000411	0.00	14640.496
1460.000000	0.000409	0.00	14689.584
1461.000000	0.000385	0.00	15131.376
1462.000000	0.000401	0.00	14812.304
1463.000000	0.000422	0.00	14358.240
1464.000000	0.000390	0.00	14935.024
1465.000000	0.000398	0.00	14665.040
1466.000000	0.000397	0.00	14652.768
1467.000000	0.000419	0.00	14603.680
1468.000000	0.000382	0.00	14922.752
1469.000000	0.000416	0.00	14370.512
1470.000000	0.000418	0.00	14800.032
1471.000000	0.000394	0.00	14726.400
1472.000000	0.000428	0.00	14296.880
1473.000000	0.000420	0.00	14358.240
1474.000000	0.000413	0.00	14468.688
1475.000000	0.000378	0.00	15340.000
1476.000000	0.000413	0.00	14309.152
1477.000000	0.000391	0.00	14652.768
1478.000000	0.000418	0.00	14726.400
1479.000000	0.000428	0.00	14235.520
1480.000000	0.000416	0.00	14223.248
1481.000000	0.000419	0.00	14554.592
1482.000000	0.000385	0.00	14885.936
1483.000000	0.000397	0.00	14665.040
1484.000000	0.000389	0.00	14898.208
1485.000000	0.000377	0.00	15217.280
1486.000000	0.000387	0.00	14935.024
1487.000000	0.000376	0.00	15008.656
1488.000000	0.000400	0.00	15057.744
1489.000000	0.000370	0.00	14738.672
1490.000000	0.000418	0.00	14530.048
1491.000000	0.000394	0.00	14615.952
1492.000000	0.000402	0.00	14861.392
1493.000000	0.000409	0.00	14665.040
1494.000000	0.000392	0.00	14849.120
1495.000000	0.000388	0.00	15254.096
1496.000000	0.000381	0.00	15094.560
1497.000000	0.000403	0.00	14530.048
1498.000000	0.000416	0.00	14615.952
1499.000000	0.000419	0.00	14603.680
1500.000000	0.000389	0.00	15082.288
1501.000000	0.000429	0.00	14260.064
1502.000000	0.000388	0.00	15033.200
1503.000000	0.000401	0.00	14628.224
1504.000000	0.000399	0.00	14775.488
1505.000000	0.000397	0.00	15106.832
1506.000000	0.000390	0.00	15082.288
1507.000000	0.000389	0.00	14726.400
1508.000000	0.000413	0.00	14517.776
1509.000000	0.000433	0.00	13916.448
1510.000000	0.000400	0.00	14726.400
1511.000000	0.000410	0.00	14419.600
1512.000000	0.000403	0.00	14615.952
1513.000000	0.000391	0.00	15070.016
1514.000000	0.000412	0.00	14530.048
1515.000000	0.000419	0.00	14591.408
1516.000000	0.000425	0.00	14358.240
1517.000000	0.000404	0.00	14714.128
1518.000000	0.000420	0.00	14542.320
1519.000000	0.000403	0.00	14836.848
1520.000000	0.000422	0.00	14284.608
1521.000000	0.000394	0.00	14910.480
1522.000000	0.000404	0.00	14849.120
1523.000000	0.000425	0.00	14370.512
1524.000000	0.000416	0.00	14677.312
1525.000000	0.000396	0.00	14591.408
1526.000000	0.000390	0.00	15131.376
1527.000000	0.000415	0.00	14566.864
1528.000000	0.000407	0.00	14468.688
1529.000000	0.000406	0.00	14493.232
1530.000000	0.000390	0.00	15217.280
1531.000000	0.000409	0.00	14517.776
1532.000000	0.000381	0.00	15033.200
1533.000000	0.000415	0.00	14468.688
1534.000000	0.000404	0.00	14873.664
1535.000000	0.000419	0.00	14493.232
1536.000000	0.000393	0.00	14726.400
1537.000000	0.000415	0.00	14530.048
1538.000000	0.000385	0.00	14959.568
1539.000000	0.000410	0.00	14714.128
1540.000000	0.000395	0.00	14714.128
1541.000000	0.000437	0.00	14247.792
1542.000000	0.000417	0.00	14775.488
1543.000000	0.000403	0.00	14787.760
1544.000000	0.000411	0.00	14738.672
1545.000000	0.000415	0.00	14628.224
1546.000000	0.000394	0.00	14935.024
1547.000000	0.000384	0.00	15020.928
1548.000000	0.000417	0.00	14849.120
1549.000000	0.000413	0.00	14382.784
1550.000000	0.000383	0.00	15045.472
1551.000000	0.000402	0.00	14517.776
1552.000000	0.000422	0.00	14910.480
1553.000000	0.000419	0.00	14775.488
1554.000000	0.000398	0.00	14910.480
1555.000000	0.000398	0.00	14971.840
1556.000000	0.000384	0.00	14800.032
1557.000000	0.000395	0.00	14959.568
1558.000000	0.000415	0.00	14787.760
1559.000000	0.000386	0.00	14824.576
1560.000000	0.000440	0.00	14284.608
1561.000000	0.000398	0.00	14971.840
1562.000000	0.000391	0.00	15241.824
1563.000000	0.000406	0.00	14738.672
1564.000000	0.000393	0.00	14910.480
1565.000000	0.000401	0.00	14812.304
1566.000000	0.000383	0.00	15131.376
1567.000000	0.000398	0.00	14861.392
1568.000000	0.000384	0.00	15241.824
1569.000000	0.000399	0.00	14726.400
1570.000000	0.000376	0.00	15315.456
1571.000000	0.000393	0.00	14750.944
1572.000000	0.000406	0.00	14284.608
1573.000000	0.000381	0.00	15389.088
1574.000000	0.000404	0.00	14849.120
1575.000000	0.000421	0.00	14628.224
1576.000000	0.000418	0.00	14591.408
1577.000000	0.000403	0.00	14714.128
1578.000000	0.000405	0.00	14701.856
1579.000000	0.000414	0.00	14456.416
1580.000000	0.000410	0.00	14787.760
1581.000000	0.000385	0.00	15045.472
1582.000000	0.000427	0.00	14358.240
1583.000000	0.000406	0.00	14726.400
1584.000000	0.000393	0.00	14800.032
1585.000000	0.000411	0.00	14468.688
1586.000000	0.000392	0.00	14885.936
1587.000000	0.000424	0.00	14321.424
1588.000000	0.000392	0.00	14861.392
1589.000000	0.000388	0.00	15008.656
1590.000000	0.000384	0.00	14836.848
1591.000000	0.000398	0.00	14775.488
1592.000000	0.000415	0.00	14505.504
1593.000000	0.000414	0.00	14959.568
1594.000000	0.000382	0.00	14971.840
1595.000000	0.000395	0.00	14910.480
1596.000000	0.000399	0.00	14603.680
1597.000000	0.000404	0.00	14738.672
1598.000000	0.000411	0.00	14480.960
1599.000000	0.000415	0.00	14603.680
1600.000000	0.000406	0.00	14665.040
1601.000000	0.000411	0.00	14750.944
1602.000000	0.000400	0.00	14898.208
1603.000000	0.000402	0.00	15094.560
1604.000000	0.000402	0.00	14885.936
1605.000000	0.000426	0.00	14493.232
1606.000000	0.000398	0.00	14468.688
1607.000000	0.000437	0.00	14272.336
1608.000000	0.000394	0.00	14579.136
1609.000000	0.000426	0.00	14210.976
1610.000000	0.000415	0.00	14554.592
1611.000000	0.000392	0.00	15008.656
1612.000000	0.000412	0.00	14468.688
1613.000000	0.000402	0.00	14873.664
1614.000000	0.000388	0.00	15020.928
1615.000000	0.000419	0.00	14640.496
1616.000000	0.000401	0.00	15070.016
1617.000000	0.000396	0.00	14861.392
1618.000000	0.000411	0.00	14677.312
1619.000000	0.000387	0.00	14935.024
1620.000000	0.000398	0.00	14750.944
1621.000000	0.000397	0.00	14640.496
1622.000000	0.000414	0.00	14726.400
1623.000000	0.000387	0.00	15045.472
1624.000000	0.000401	0.00	15057.744
1625.000000	0.000391	0.00	14885.936
1626.000000	0.000384	0.00	14861.392
1627.000000	0.000398	0.00	14591.408
1628.000000	0.000401	0.00	14726.400
1629.000000	0.000415	0.00	14468.688
1630.000000	0.000394	0.00	14763.216
1631.000000	0.000410	0.00	14566.864
1632.000000	0.000392	0.00	14861.392
1633.000000	0.000409	0.00	14775.488
1634.000000	0.000402	0.00	14665.040
1635.000000	0.000414	0.00	14787.760
1636.000000	0.000388	0.00	15119.104
1637.000000	0.000407	0.00	14898.208
1638.000000	0.000401	0.00	14272.336
1639.000000	0.000408	0.00	14591.408
1640.000000	0.000385	0.00	15229.552
1641.000000	0.000403	0.00	14419.600
1642.000000	0.000415	0.00	14456.416
1643.000000	0.000385	0.00	15119.104
1644.000000	0.000368	0.00	15511.808
1645.000000	0.000428	0.00	14382.784
1646.000000	0.000427	0.00	14444.144
1647.000000	0.000394	0.00	15119.104
1648.000000	0.000411	0.00	14652.768
1649.000000	0.000401	0.00	14873.664
1650.000000	0.000387	0.00	14787.760
1651.000000	0.000402	0.00	14836.848
1652.000000	0.000389	0.00	15070.016
1653.000000	0.000425	0.00	14309.152
1654.000000	0.000397	0.00	14787.760
1655.000000	0.000398	0.00	14726.400
1656.000000	0.000400	0.00	14530.048
1657.000000	0.000421	0.00	14431.872
1658.000000	0.000387	0.00	14996.384
1659.000000	0.000398	0.00	15008.656
1660.000000	0.000415	0.00	14579.136
1661.000000	0.000414	0.00	14517.776
1662.000000	0.000429	0.00	14247.792
1663.000000	0.000388	0.00	15217.280
1664.000000	0.000416	0.00	14272.336
1665.000000	0.000417	0.00	14358.240
1666.000000	0.000410	0.00	14738.672
1667.000000	0.000391	0.00	14800.032
1668.000000	0.000380	0.00	15155.920
1669.000000	0.000408	0.00	14750.944
1670.000000	0.000411	0.00	14628.224
1671.000000	0.000410	0.00	14640.496
1672.000000	0.000403	0.00	14824.576
1673.000000	0.000384	0.00	14701.856
1674.000000	0.000376	0.00	15241.824
1675.000000	0.000424	0.00	14296.880
1676.000000	0.000374	0.00	14971.840
1677.000000	0.000424	0.00	14665.040
1678.000000	0.000409	0.00	14726.400
1679.000000	0.000413	0.00	14971.840
1680.000000	0.000392	0.00	14971.840
1681.000000	0.000434	0.00	14456.416
1682.000000	0.000387	0.00	15217.280
1683.000000	0.000405	0.00	14566.864
1684.000000	0.000399	0.00	14935.024
1685.000000	0.000411	0.00	14750.944
1686.000000	0.000383	0.00	15045.472
1687.000000	0.000407	0.00	14468.688
1688.000000	0.000382	0.00	15131.376
1689.000000	0.000413	0.00	14579.136
1690.000000	0.000408	0.00	14468.688
1691.000000	0.000416	0.00	14493.232
1692.000000	0.000397	0.00	14456.416
1693.000000	0.000392	0.00	14922.752
1694.000000	0.000411	0.00	14407.328
1695.000000	0.000405	0.00	14652.768
1696.000000	0.000396	0.00	14922.752
1697.000000	0.000401	0.00	14640.496
1698.000000	0.000425	0.00	14161.888
1699.000000	0.000443	0.00	14075.984
1700.000000	0.000435	0.00	14186.432
1701.000000	0.000387	0.00	14898.208
1702.000000	0.000404	0.00	14615.952
1703.000000	0.000408	0.00	14444.144
1704.000000	0.000412	0.00	14824.576
1705.000000	0.000410	0.00	14591.408
1706.000000	0.000416	0.00	14640.496
1707.000000	0.000402	0.00	14873.664
1708.000000	0.000375	0.00	15192.736
1709.000000	0.000428	0.00	14309.152
1710.000000	0.000405	0.00	14358.240
1711.000000	0.000407	0.00	14775.488
1712.000000	0.000409	0.00	14591.408
1713.000000	0.000402	0.00	14714.128
1714.000000	0.000406	0.00	14836.848
1715.000000	0.000391	0.00	14996.384
1716.000000	0.000384	0.00	14812.304
1717.000000	0.000393	0.00	15168.192
1718.000000	0.000394	0.00	15155.920
1719.000000	0.000377	0.00	15303.184
1720.000000	0.000397	0.00	15168.192
1721.000000	0.000388	0.00	14959.568
1722.000000	0.000396	0.00	14750.944
1723.000000	0.000412	0.00	14530.048
1724.000000	0.000401	0.00	14431.872
1725.000000	0.000387	0.00	14984.112
1726.000000	0.000380	0.00	15008.656
1727.000000	0.000420	0.00	14223.248
1728.000000	0.000390	0.00	15180.464
1729.000000	0.000404	0.00	14726.400
1730.000000	0.000415	0.00	14419.600
1731.000000	0.000371	0.00	15548.624
1732.000000	0.000392	0.00	15143.648
1733.000000	0.000451	0.00	13855.088
1734.000000	0.000398	0.00	14849.120
1735.000000	0.000381	0.00	15229.552
1736.000000	0.000398	0.00	14566.864
1737.000000	0.000421	0.00	14591.408
1738.000000	0.000380	0.00	15266.368
1739.000000	0.000393	0.00	14971.840
1740.000000	0.000400	0.00	14898.208
1741.000000	0.000384	0.00	15254.096
1742.000000	0.000387	0.00	15131.376
1743.000000	0.000411	0.00	14456.416
1744.000000	0.000419	0.00	14726.400
1745.000000	0.000368	0.00	15340.000
1746.000000	0.000412	0.00	14591.408
1747.000000	0.000401	0.00	14382.784
1748.000000	0.000416	0.00	14407.328
1749.000000	0.000413	0.00	14505.504
1750.000000	0.000424	0.00	14456.416
1751.000000	0.000384	0.00	14763.216
1752.000000	0.000381	0.00	14824.576
1753.000000	0.000436	0.00	14223.248
1754.000000	0.000390	0.00	15070.016
1755.000000	0.000403	0.00	14714.128
1756.000000	0.000424	0.00	14382.784
1757.000000	0.000422	0.00	14309.152
1758.000000	0.000407	0.00	14873.664
1759.000000	0.000433	0.00	14284.608
1760.000000	0.000404	0.00	14775.488
1761.000000	0.000390	0.00	14824.576
1762.000000	0.000421	0.00	14321.424
1763.000000	0.000408	0.00	14677.312
1764.000000	0.000416	0.00	14714.128
1765.000000	0.000401	0.00	14849.120
1766.000000	0.000412	0.00	14640.496
1767.000000	0.000389	0.00	15229.552
1768.000000	0.000396	0.00	14959.568
1769.000000	0.000389	0.00	15180.464
1770.000000	0.000413	0.00	14530.048
1771.000000	0.000394	0.00	14689.584
1772.000000	0.000390	0.00	14984.112
1773.000000	0.000402	0.00	15131.376
1774.000000	0.000389	0.00	14996.384
1775.000000	0.000404	0.00	14873.664
1776.000000	0.000378	0.00	15168.192
1777.000000	0.000400	0.00	14947.296
1778.000000	0.000408	0.00	14812.304
1779.000000	0.000432	0.00	14186.432
1780.000000	0.000401	0.00	14750.944
1781.000000	0.000375	0.00	15695.888
1782.000000	0.000396	0.00	14824.576
1783.000000	0.000417	0.00	14640.496
1784.000000	0.000396	0.00	14750.944
1785.000000	0.000412	0.00	14603.680
1786.000000	0.000406	0.00	14640.496
1787.000000	0.000382	0.00	15057.744
1788.000000	0.000392	0.00	15106.832
1789.000000	0.000391	0.00	15241.824
1790.000000	0.000398	0.00	14640.496
1791.000000	0.000436	0.00	14247.792
1792.000000	0.000377	0.00	15315.456
1793.000000	0.000399	0.00	14750.944
1794.000000	0.000402	0.00	14714.128
1795.000000	0.000401	0.00	14787.760
1796.000000	0.000417	0.00	14444.144
1797.000000	0.000395	0.00	14738.672
1798.000000	0.000408	0.00	14358.240
1799.000000	0.000438	0.00	14419.600
1800.000000	0.000414	0.00	14505.504
1801.000000	0.000384	0.00	15450.448
1802.000000	0.000373	0.00	15364.544
1803.000000	0.000402	0.00	14861.392
1804.000000	0.000407	0.00	14701.856
1805.000000	0.000390	0.00	14935.024
1806.000000	0.000416	0.00	14714.128
1807.000000	0.000436	0.00	14247.792
1808.000000	0.000394	0.00	14984.112
1809.000000	0.000386	0.00	15168.192
1810.000000	0.000404	0.00	14971.840
1811.000000	0.000367	0.00	15487.264
1812.000000	0.000397	0.00	14763.216
1813.000000	0.000417	0.00	14689.584
1814.000000	0.000440	0.00	14186.432
1815.000000	0.000372	0.00	15315.456
1816.000000	0.000417	0.00	14517.776
1817.000000	0.000409	0.00	14750.944
1818.000000	0.000392	0.00	14836.848
1819.000000	0.000400	0.00	14947.296
1820.000000	0.000402	0.00	14861.392
1821.000000	0.000404	0.00	14517.776
1822.000000	0.000408	0.00	14665.040
1823.000000	0.000407	0.00	14824.576
1824.000000	0.000391	0.00	15119.104
1825.000000	0.000417	0.00	14444.144
1826.000000	0.000445	0.00	14063.712
1827.000000	0.000422	0.00	14444.144
1828.000000	0.000417	0.00	14223.248
1829.000000	0.000427	0.00	14407.328
1830.000000	0.000430	0.00	14358.240
1831.000000	0.000435	0.00	14505.504
1832.000000	0.000393	0.00	14812.304
1833.000000	0.000381	0.00	14836.848
1834.000000	0.000393	0.00	14640.496
1835.000000	0.000421	0.00	14370.512
1836.000000	0.000365	0.00	15106.832
1837.000000	0.000390	0.00	14935.024
1838.000000	0.000393	0.00	14836.848
1839.000000	0.000446	0.00	14125.072
1840.000000	0.000398	0.00	14836.848
1841.000000	0.000410	0.00	14800.032
1842.000000	0.000413	0.00	14800.032
1843.000000	0.000393	0.00	14910.480
1844.000000	0.000396	0.00	14800.032
1845.000000	0.000420	0.00	14419.600
1846.000000	0.000427	0.00	14530.048
1847.000000	0.000424	0.00	14530.048
1848.000000	0.000415	0.00	14775.488
1849.000000	0.000421	0.00	14554.592
1850.000000	0.000405	0.00	14885.936
1851.000000	0.000419	0.00	14542.320
1852.000000	0.000400	0.00	14628.224
1853.000000	0.000413	0.00	14640.496
1854.000000	0.000417	0.00	14480.960
1855.000000	0.000392	0.00	14922.752
1856.000000	0.000384	0.00	14824.576
1857.000000	0.000397	0.00	14959.568
1858.000000	0.000389	0.00	14959.568
1859.000000	0.000414	0.00	14579.136
1860.000000	0.000417	0.00	14505.504
1861.000000	0.000397	0.00	14935.024
1862.000000	0.000408	0.00	14579.136
1863.000000	0.000391	0.00	14959.568
1864.000000	0.000407	0.00	14922.752
1865.000000	0.000392	0.00	14836.848
1866.000000	0.000392	0.00	14824.576
1867.000000	0.000392	0.00	14677.312
1868.000000	0.000419	0.00	14579.136
1869.000000	0.000420	0.00	14480.960
1870.000000	0.000419	0.00	14370.512
1871.000000	0.000398	0.00	14775.488
1872.000000	0.000390	0.00	15008.656
1873.000000	0.000400	0.00	15082.288
1874.000000	0.000404	0.00	15033.200
1875.000000	0.000446	0.00	13769.184
1876.000000	0.000379	0.00	15229.552
1877.000000	0.000390	0.00	14984.112
1878.000000	0.000406	0.00	14603.680
1879.000000	0.000408	0.00	14677.312
1880.000000	0.000387	0.00	14849.120
1881.000000	0.000395	0.00	14738.672
1882.000000	0.000406	0.00	15008.656
1883.000000	0.000402	0.00	14836.848
1884.000000	0.000413	0.00	14738.672
1885.000000	0.000404	0.00	14726.400
1886.000000	0.000405	0.00	14910.480
1887.000000	0.000412	0.00	14726.400
1888.000000	0.000407	0.00	14885.936
1889.000000	0.000424	0.00	14468.688
1890.000000	0.000393	0.00	15241.824
1891.000000	0.000402	0.00	14996.384
1892.000000	0.000396	0.00	14873.664
1893.000000	0.000400	0.00	14984.112
1894.000000	0.000398	0.00	14603.680
1895.000000	0.000403	0.00	14615.952
1896.000000	0.000411	0.00	14579.136
1897.000000	0.000422	0.00	14603.680
1898.000000	0.000391	0.00	15229.552
1899.000000	0.000382	0.00	15106.832
1900.000000	0.000396	0.00	14750.944
1901.000000	0.000394	0.00	14885.936
1902.000000	0.000410	0.00	14787.760
1903.000000	0.000388	0.00	14898.208
1904.000000	0.000402	0.00	14959.568
1905.000000	0.000397	0.00	14910.480
1906.000000	0.000413	0.00	14898.208
1907.000000	0.000414	0.00	14615.952
1908.000000	0.000398	0.00	14800.032
1909.000000	0.000417	0.00	14419.600
1910.000000	0.000408	0.00	14935.024
1911.000000	0.000393	0.00	14812.304
1912.000000	0.000392	0.00	15180.464
1913.000000	0.000395	0.00	15168.192
1914.000000	0.000391	0.00	14824.576
1915.000000	0.000387	0.00	15106.832
1916.000000	0.000404	0.00	14738.672
1917.000000	0.000399	0.00	14665.040
1918.000000	0.000421	0.00	14579.136
1919.000000	0.000392	0.00	14444.144
1920.000000	0.000398	0.00	14996.384
1921.000000	0.000401	0.00	14579.136
1922.000000	0.000381	0.00	14984.112
1923.000000	0.000393	0.00	15008.656
1924.000000	0.000386	0.00	14935.024
1925.000000	0.000408	0.00	15082.288
1926.000000	0.000410	0.00	14615.952
1927.000000	0.000417	0.00	14493.232
1928.000000	0.000394	0.00	14947.296
1929.000000	0.000423	0.00	14431.872
1930.000000	0.000401	0.00	14579.136
1931.000000	0.000405	0.00	14763.216
1932.000000	0.000387	0.00	14984.112
1933.000000	0.000388	0.00	14885.936
1934.000000	0.000429	0.00	14444.144
1935.000000	0.000391	0.00	14873.664
1936.000000	0.000421	0.00	14787.760
1937.000000	0.000414	0.00	14395.056
1938.000000	0.000400	0.00	14996.384
1939.000000	0.000400	0.00	14579.136
1940.000000	0.000412	0.00	14640.496
1941.000000	0.000421	0.00	14566.864
1942.000000	0.000407	0.00	14615.952
1943.000000	0.000417	0.00	14505.504
1944.000000	0.000431	0.00	14382.784
1945.000000	0.000400	0.00	15180.464
1946.000000	0.000425	0.00	14701.856
1947.000000	0.000395	0.00	14947.296
1948.000000	0.000394	0.00	14824.576
1949.000000	0.000411	0.00	14922.752
1950.000000	0.000410	0.00	14652.768
1951.000000	0.000411	0.00	14272.336
1952.000000	0.000382	0.00	15143.648
1953.000000	0.000396	0.00	14775.488
1954.000000	0.000418	0.00	14566.864
1955.000000	0.000393	0.00	14763.216
1956.000000	0.000400	0.00	14935.024
1957.000000	0.000389	0.00	14812.304
1958.000000	0.000389	0.00	14861.392
1959.000000	0.000393	0.00	14885.936
1960.000000	0.000429	0.00	14137.344
1961.000000	0.000413	0.00	15180.464
1962.000000	0.000434	0.00	14444.144
1963.000000	0.000405	0.00	14566.864
1964.000000	0.000424	0.00	14395.056
1965.000000	0.000430	0.00	14444.144
1966.000000	0.000387	0.00	15241.824
1967.000000	0.000407	0.00	14701.856
1968.000000	0.000387	0.00	14763.216
1969.000000	0.000438	0.00	13990.080
1970.000000	0.000430	0.00	14333.696
1971.000000	0.000402	0.00	14763.216
1972.000000	0.000418	0.00	14358.240
1973.000000	0.000394	0.00	14947.296
1974.000000	0.000392	0.00	14959.568
1975.000000	0.000421	0.00	14272.336
1976.000000	0.000399	0.00	14873.664
1977.000000	0.000416	0.00	14370.512
1978.000000	0.000394	0.00	15290.912
1979.000000	0.000397	0.00	14800.032
1980.000000	0.000421	0.00	14309.152
1981.000000	0.000392	0.00	14910.480
1982.000000	0.000428	0.00	14345.968
1983.000000	0.000410	0.00	15155.920
1984.000000	0.000439	0.00	14210.976
1985.000000	0.000394	0.00	14640.496
1986.000000	0.000436	0.00	14002.352
1987.000000	0.000387	0.00	14701.856
1988.000000	0.000405	0.00	14971.840
1989.000000	0.000401	0.00	14971.840
1990.000000	0.000403	0.00	14542.320
1991.000000	0.000423	0.00	14395.056
1992.000000	0.000403	0.00	14677.312
1993.000000	0.000385	0.00	14898.208
1994.000000	0.000390	0.00	15033.200
1995.000000	0.000408	0.00	14750.944
1996.000000	0.000415	0.00	14493.232
1997.000000	0.000419	0.00	14566.864
1998.000000	0.000398	0.00	14971.840
1999.000000	0.000407	0.00	14677.312
2000.000000	0.000401	0.00	14959.568
2001.000000	0.000387	0.00	15155.920
2002.000000	0.000424	0.00	13977.808
2003.000000	0.000396	0.00	14787.760
2004.000000	0.000392	0.00	14910.480
2005.000000	0.000406	0.00	14800.032
2006.000000	0.000385	0.00	15082.288
2007.000000	0.000400	0.00	14750.944
2008.000000	0.000415	0.00	14714.128
2009.000000	0.000382	0.00	15290.912
2010.000000	0.000402	0.00	14812.304
2011.000000	0.000394	0.00	15131.376
2012.000000	0.000435	0.00	14284.608
2013.000000	0.000394	0.00	14738.672
2014.000000	0.000404	0.00	14505.504
2015.000000	0.000399	0.00	14701.856
2016.000000	0.000377	0.00	15106.832
2017.000000	0.000396	0.00	15008.656
2018.000000	0.000392	0.00	14861.392
2019.000000	0.000411	0.00	14493.232
2020.000000	0.000384	0.00	15376.816
2021.000000	0.000399	0.00	15008.656
2022.000000	0.000397	0.00	15033.200
2023.000000	0.000404	0.00	14714.128
2024.000000	0.000402	0.00	14947.296
2025.000000	0.000410	0.00	14738.672
2026.000000	0.000373	0.00	15131.376
2027.000000	0.000399	0.00	14689.584
2028.000000	0.000421	0.00	14480.960
2029.000000	0.000383	0.00	15168.192
2030.000000	0.000396	0.00	14628.224
2031.000000	0.000436	0.00	14210.976
2032.000000	0.000383	0.00	15376.816
2033.000000	0.000410	0.00	14493.232
2034.000000	0.000393	0.00	15241.824
2035.000000	0.000384	0.00	14898.208
2036.000000	0.000388	0.00	15033.200
2037.000000	0.000402	0.00	14689.584
2038.000000	0.000433	0.00	14542.320
2039.000000	0.000393	0.00	14885.936
2040.000000	0.000418	0.00	14640.496
2041.000000	0.000426	0.00	14456.416
2042.000000	0.000426	0.00	14358.240
2043.000000	0.000402	0.00	14849.120
2044.000000	0.000439	0.00	14309.152
2045.000000	0.000395	0.00	15020.928
2046.000000	0.000392	0.00	14935.024
2047.000000	0.000384	0.00	14873.664
2048.000000	0.000429	0.00	14272.336
2049.000000	0.000393	0.00	14812.304
2050.000000	0.000390	0.00	14652.768
2051.000000	0.000398	0.00	15659.072
2052.000000	0.000402	0.00	14738.672
2053.000000	0.000406	0.00	15008.656
2054.000000	0.000406	0.00	14836.848
2055.000000	0.000391	0.00	15413.632
2056.000000	0.000420	0.00	14640.496
2057.000000	0.000388	0.00	14873.664
2058.000000	0.000410	0.00	14677.312
2059.000000	0.000400	0.00	14873.664
2060.000000	0.000385	0.00	15057.744
2061.000000	0.000418	0.00	14456.416
2062.000000	0.000437	0.00	14137.344
2063.000000	0.000403	0.00	14591.408
2064.000000	0.000411	0.00	14579.136
2065.000000	0.000417	0.00	14370.512
2066.000000	0.000400	0.00	14996.384
2067.000000	0.000379	0.00	15094.560
2068.000000	0.000407	0.00	14652.768
2069.000000	0.000414	0.00	14345.968
2070.000000	0.000380	0.00	15106.832
2071.000000	0.000410	0.00	14885.936
2072.000000	0.000383	0.00	15020.928
2073.000000	0.000403	0.00	14959.568
2074.000000	0.000405	0.00	14849.120
2075.000000	0.000394	0.00	14984.112
2076.000000	0.000393	0.00	14935.024
2077.000000	0.000405	0.00	15106.832
2078.000000	0.000414	0.00	14395.056
2079.000000	0.000389	0.00	14763.216
2080.000000	0.000402	0.00	14824.576
2081.000000	0.000398	0.00	14677.312
2082.000000	0.000397	0.00	14812.304
2083.000000	0.000396	0.00	14763.216
2084.000000	0.000408	0.00	14812.304
2085.000000	0.000411	0.00	15033.200
2086.000000	0.000406	0.00	14652.768
2087.000000	0.000402	0.00	14652.768
2088.000000	0.000403	0.00	14701.856
2089.000000	0.000414	0.00	14800.032
2090.000000	0.000402	0.00	14873.664
2091.000000	0.000387	0.00	14935.024
2092.000000	0.000406	0.00	14652.768
2093.000000	0.000428	0.00	14284.608
2094.000000	0.000444	0.00	14039.168
2095.000000	0.000398	0.00	14566.864
2096.000000	0.000389	0.00	14873.664
2097.000000	0.000394	0.00	15045.472
2098.000000	0.000381	0.00	15192.736
2099.000000	0.000403	0.00	14750.944
2100.000000	0.000386	0.00	14959.568
2101.000000	0.000390	0.00	14824.576
2102.000000	0.000402	0.00	14885.936
2103.000000	0.000392	0.00	14898.208
2104.000000	0.000393	0.00	14947.296
2105.000000	0.000392	0.00	14763.216
2106.000000	0.000413	0.00	14665.040
2107.000000	0.000410	0.00	14665.040
2108.000000	0.000381	0.00	15008.656
2109.000000	0.000405	0.00	14726.400
2110.000000	0.000418	0.00	14603.680
2111.000000	0.000395	0.00	15106.832
2112.000000	0.000392	0.00	14984.112
2113.000000	0.000398	0.00	14652.768
2114.000000	0.000424	0.00	14444.144
2115.000000	0.000386	0.00	15106.832
2116.000000	0.000404	0.00	14309.152
2117.000000	0.000437	0.00	14284.608
2118.000000	0.000394	0.00	14714.128
2119.000000	0.000400	0.00	14750.944
2120.000000	0.000408	0.00	15266.368
2121.000000	0.000413	0.00	14885.936
2122.000000	0.000418	0.00	14456.416
2123.000000	0.000419	0.00	14419.600
2124.000000	0.000400	0.00	14738.672
2125.000000	0.000390	0.00	15315.456
2126.000000	0.000422	0.00	14345.968
2127.000000	0.000405	0.00	14603.680
2128.000000	0.000418	0.00	14284.608
2129.000000	0.000396	0.00	14947.296
2130.000000	0.000413	0.00	14640.496
2131.000000	0.000399	0.00	14971.840
2132.000000	0.000395	0.00	15119.104
2133.000000	0.000416	0.00	14468.688
2134.000000	0.000425	0.00	14505.504
2135.000000	0.000417	0.00	14603.680
2136.000000	0.000383	0.00	14959.568
2137.000000	0.000426	0.00	14493.232
2138.000000	0.000429	0.00	14284.608
2139.000000	0.000383	0.00	15254.096
2140.000000	0.000395	0.00	14861.392
2141.000000	0.000424	0.00	14395.056
2142.000000	0.000417	0.00	14849.120
2143.000000	0.000396	0.00	15119.104
2144.000000	0.000387	0.00	14898.208
2145.000000	0.000419	0.00	14247.792
2146.000000	0.000409	0.00	14677.312
2147.000000	0.000402	0.00	14824.576
2148.000000	0.000381	0.00	15119.104
2149.000000	0.000400	0.00	14922.752
2150.000000	0.000404	0.00	14665.040
2151.000000	0.000420	0.00	14652.768
2152.000000	0.000393	0.00	15094.560
2153.000000	0.000412	0.00	14358.240
2154.000000	0.000411	0.00	14726.400
2155.000000	0.000388	0.00	15155.920
2156.000000	0.000434	0.00	14051.440
2157.000000	0.000401	0.00	14505.504
2158.000000	0.000375	0.00	15057.744
2159.000000	0.000383	0.00	15401.360
2160.000000	0.000387	0.00	14898.208
2161.000000	0.000408	0.00	14689.584
2162.000000	0.000392	0.00	15008.656
2163.000000	0.000385	0.00	14726.400
2164.000000	0.000413	0.00	14444.144
2165.000000	0.000410	0.00	14652.768
2166.000000	0.000412	0.00	14579.136
2167.000000	0.000427	0.00	14395.056
2168.000000	0.000431	0.00	14296.880
2169.000000	0.000395	0.00	14971.840
2170.000000	0.000386	0.00	15241.824
2171.000000	0.000411	0.00	14996.384
2172.000000	0.000414	0.00	14603.680
2173.000000	0.000400	0.00	14984.112
2174.000000	0.000411	0.00	14714.128
2175.000000	0.000382	0.00	15008.656
2176.000000	0.000389	0.00	15290.912
2177.000000	0.000447	0.00	14468.688
2178.000000	0.000389	0.00	15057.744
2179.000000	0.000392	0.00	14579.136
2180.000000	0.000409	0.00	14493.232
2181.000000	0.000433	0.00	14284.608
2182.000000	0.000405	0.00	14431.872
2183.000000	0.000413	0.00	14579.136
2184.000000	0.000429	0.00	14260.064
2185.000000	0.000391	0.00	15070.016
2186.000000	0.000419	0.00	14370.512
2187.000000	0.000409	0.00	14750.944
2188.000000	0.000389	0.00	15131.376
2189.000000	0.000375	0.00	15082.288
2190.000000	0.000395	0.00	14947.296
2191.000000	0.000433	0.00	14223.248
2192.000000	0.000412	0.00	14419.600
2193.000000	0.000416	0.00	14517.776
2194.000000	0.000386	0.00	15070.016
2195.000000	0.000387	0.00	14873.664
2196.000000	0.000399	0.00	14444.144
2197.000000	0.000409	0.00	14542.320
2198.000000	0.000413	0.00	14517.776
2199.000000	0.000416	0.00	14247.792
2200.000000	0.000405	0.00	14935.024
2201.000000	0.000408	0.00	14493.232
2202.000000	0.000404	0.00	14714.128
2203.000000	0.000386	0.00	15119.104
2204.000000	0.000402	0.00	15155.920
2205.000000	0.000404	0.00	14750.944
2206.000000	0.000421	0.00	14530.048
2207.000000	0.000412	0.00	14714.128
2208.000000	0.000394	0.00	15315.456
2209.000000	0.000391	0.00	14677.312
2210.000000	0.000406	0.00	14640.496
2211.000000	0.000392	0.00	14996.384
2212.000000	0.000419	0.00	15119.104
2213.000000	0.000381	0.00	15155.920
2214.000000	0.000428	0.00	14223.248
2215.000000	0.000443	0.00	14026.896
2216.000000	0.000411	0.00	14812.304
2217.000000	0.000404	0.00	14530.048
2218.000000	0.000380	0.00	15020.928
2219.000000	0.000405	0.00	14824.576
2220.000000	0.000392	0.00	14898.208
2221.000000	0.000392	0.00	15143.648
2222.000000	0.000400	0.00	15229.552
2223.000000	0.000400	0.00	14714.128
2224.000000	0.000405	0.00	14652.768
2225.000000	0.000410	0.00	14849.120
2226.000000	0.000419	0.00	14579.136
2227.000000	0.000410	0.00	14677.312
2228.000000	0.000398	0.00	14861.392
2229.000000	0.000424	0.00	14431.872
2230.000000	0.000398	0.00	14849.120
2231.000000	0.000396	0.00	15119.104
2232.000000	0.000397	0.00	14517.776
2233.000000	0.000396	0.00	14984.112
2234.000000	0.000399	0.00	14996.384
2235.000000	0.000400	0.00	14910.480
2236.000000	0.000398	0.00	14689.584
2237.000000	0.000384	0.00	15143.648
2238.000000	0.000406	0.00	14591.408
2239.000000	0.000399	0.00	14800.032
2240.000000	0.000406	0.00	14800.032
2241.000000	0.000425	0.00	14235.520
2242.000000	0.000404	0.00	14689.584
2243.000000	0.000406	0.00	14812.304
2244.000000	0.000417	0.00	14603.680
2245.000000	0.000399	0.00	14849.120
2246.000000	0.000392	0.00	15192.736
2247.000000	0.000429	0.00	14517.776
2248.000000	0.000402	0.00	14898.208
2249.000000	0.000423	0.00	14296.880
2250.000000	0.000398	0.00	15045.472
2251.000000	0.000432	0.00	14235.520
2252.000000	0.000405	0.00	14321.424
2253.000000	0.000402	0.00	14812.304
2254.000000	0.000404	0.00	14603.680
2255.000000	0.000421	0.00	14493.232
2256.000000	0.000432	0.00	14566.864
2257.000000	0.000405	0.00	14603.680
2258.000000	0.000392	0.00	15033.200
2259.000000	0.000389	0.00	15045.472
2260.000000	0.000410	0.00	14726.400
2261.000000	0.000400	0.00	15131.376
2262.000000	0.000426	0.00	14247.792
2263.000000	0.000423	0.00	14395.056
2264.000000	0.000393	0.00	14935.024
2265.000000	0.000417	0.00	14615.952
2266.000000	0.000420	0.00	14591.408
2267.000000	0.000399	0.00	14296.880
2268.000000	0.000390	0.00	14849.120
2269.000000	0.000404	0.00	14554.592
2270.000000	0.000400	0.00	14689.584
2271.000000	0.000432	0.00	14137.344
2272.000000	0.000412	0.00	14505.504
2273.000000	0.000419	0.00	14370.512
2274.000000	0.000399	0.00	14677.312
2275.000000	0.000388	0.00	15020.928
2276.000000	0.000407	0.00	14615.952
2277.000000	0.000453	0.00	14125.072
2278.000000	0.000389	0.00	14836.848
2279.000000	0.000411	0.00	14370.512
2280.000000	0.000420	0.00	14665.040
2281.000000	0.000417	0.00	14554.592
2282.000000	0.000419	0.00	14652.768
2283.000000	0.000402	0.00	15119.104
2284.000000	0.000381	0.00	14885.936
2285.000000	0.000406	0.00	14885.936
2286.000000	0.000405	0.00	14382.784
2287.000000	0.000399	0.00	14824.576
2288.000000	0.000399	0.00	15241.824
2289.000000	0.000422	0.00	14407.328
2290.000000	0.000393	0.00	14910.480
2291.000000	0.000374	0.00	15609.984
2292.000000	0.000395	0.00	14861.392
2293.000000	0.000379	0.00	15045.472
2294.000000	0.000415	0.00	14493.232
2295.000000	0.000423	0.00	14272.336
2296.000000	0.000429	0.00	14223.248
2297.000000	0.000413	0.00	14640.496
2298.000000	0.000406	0.00	14800.032
2299.000000	0.000426	0.00	14309.152
2300.000000	0.000412	0.00	14677.312
2301.000000	0.000388	0.00	15045.472
2302.000000	0.000420	0.00	14530.048
2303.000000	0.000426	0.00	14456.416
2304.000000	0.000392	0.00	15070.016
2305.000000	0.000406	0.00	14652.768
2306.000000	0.000378	0.00	15057.744
2307.000000	0.000402	0.00	14800.032
2308.000000	0.000400	0.00	14652.768
2309.000000	0.000431	0.00	14382.784
2310.000000	0.000378	0.00	15290.912
2311.000000	0.000382	0.00	14971.840
2312.000000	0.000393	0.00	14726.400
2313.000000	0.000413	0.00	14824.576
2314.000000	0.000401	0.00	14505.504
2315.000000	0.000430	0.00	14260.064
2316.000000	0.000402	0.00	14922.752
2317.000000	0.000368	0.00	15499.536
2318.000000	0.000387	0.00	15389.088
2319.000000	0.000388	0.00	15119.104
2320.000000	0.000424	0.00	14284.608
2321.000000	0.000428	0.00	14137.344
2322.000000	0.000395	0.00	15008.656
2323.000000	0.000422	0.00	14382.784
2324.000000	0.000409	0.00	14738.672
2325.000000	0.000456	0.00	13965.536
2326.000000	0.000414	0.00	14395.056
2327.000000	0.000408	0.00	14652.768
2328.000000	0.000375	0.00	15131.376
2329.000000	0.000426	0.00	14370.512
2330.000000	0.000407	0.00	14591.408
2331.000000	0.000407	0.00	14615.952
2332.000000	0.000385	0.00	15131.376
2333.000000	0.000388	0.00	14775.488
2334.000000	0.000414	0.00	14542.320
2335.000000	0.000379	0.00	15327.728
2336.000000	0.000403	0.00	14714.128
2337.000000	0.000400	0.00	14800.032
2338.000000	0.000393	0.00	14689.584
2339.000000	0.000381	0.00	15155.920
2340.000000	0.000412	0.00	14615.952
2341.000000	0.000419	0.00	14444.144
2342.000000	0.000403	0.00	14775.488
2343.000000	0.000436	0.00	14382.784
2344.000000	0.000418	0.00	14517.776
2345.000000	0.000392	0.00	15192.736
2346.000000	0.000412	0.00	14517.776
2347.000000	0.000407	0.00	14640.496
2348.000000	0.000415	0.00	14701.856
2349.000000	0.000388	0.00	15131.376
2350.000000	0.000419	0.00	14775.488
2351.000000	0.000431	0.00	14296.880
2352.000000	0.000405	0.00	14615.952
2353.000000	0.000445	0.00	14039.168
2354.000000	0.000406	0.00	14836.848
2355.000000	0.000394	0.00	14738.672
2356.000000	0.000421	0.00	14493.232
2357.000000	0.000394	0.00	14959.568
2358.000000	0.000396	0.00	14566.864
2359.000000	0.000417	0.00	14493.232
2360.000000	0.000398	0.00	15070.016
2361.000000	0.000422	0.00	14505.504
2362.000000	0.000439	0.00	14223.248
2363.000000	0.000399	0.00	14640.496
2364.000000	0.000392	0.00	15057.744
2365.000000	0.000426	0.00	14235.520
2366.000000	0.000398	0.00	14910.480
2367.000000	0.000399	0.00	14898.208
2368.000000	0.000398	0.00	14861.392
2369.000000	0.000410	0.00	14812.304
2370.000000	0.000403	0.00	14971.840
2371.000000	0.000423	0.00	14345.968
2372.000000	0.000403	0.00	14701.856
2373.000000	0.000395	0.00	14431.872
2374.000000	0.000400	0.00	14787.760
2375.000000	0.000410	0.00	14714.128
2376.000000	0.000395	0.00	15094.560
2377.000000	0.000399	0.00	14836.848
2378.000000	0.000402	0.00	14542.320
2379.000000	0.000393	0.00	14775.488
2380.000000	0.000400	0.00	14812.304
2381.000000	0.000426	0.00	14456.416
2382.000000	0.000403	0.00	14824.576
2383.000000	0.000396	0.00	15143.648
2384.000000	0.000416	0.00	14358.240
2385.000000	0.000390	0.00	14947.296
2386.000000	0.000387	0.00	14984.112
2387.000000	0.000384	0.00	15045.472
2388.000000	0.000389	0.00	14714.128
2389.000000	0.000405	0.00	14468.688
2390.000000	0.000405	0.00	14665.040
2391.000000	0.000427	0.00	14247.792
2392.000000	0.000443	0.00	14260.064
2393.000000	0.000388	0.00	14726.400
2394.000000	0.000396	0.00	14984.112
2395.000000	0.000400	0.00	14640.496
2396.000000	0.000383	0.00	15192.736
2397.000000	0.000394	0.00	14910.480
2398.000000	0.000405	0.00	14800.032
2399.000000	0.000415	0.00	14652.768
2400.000000	0.000412	0.00	14493.232
2401.000000	0.000394	0.00	15205.008
2402.000000	0.000391	0.00	15008.656
2403.000000	0.000412	0.00	14370.512
2404.000000	0.000420	0.00	14505.504
2405.000000	0.000419	0.00	14493.232
2406.000000	0.000373	0.00	15180.464
2407.000000	0.000409	0.00	14787.760
2408.000000	0.000376	0.00	15389.088
2409.000000	0.000406	0.00	14505.504
2410.000000	0.000412	0.00	14493.232
2411.000000	0.000432	0.00	14161.888
2412.000000	0.000435	0.00	14456.416
2413.000000	0.000409	0.00	14750.944
2414.000000	0.000409	0.00	14370.512
2415.000000	0.000425	0.00	14296.880
2416.000000	0.000426	0.00	14419.600
2417.000000	0.000406	0.00	14849.120
2418.000000	0.000402	0.00	14910.480
2419.000000	0.000404	0.00	14922.752
2420.000000	0.000422	0.00	14468.688
2421.000000	0.000404	0.00	14640.496
2422.000000	0.000401	0.00	14652.768
2423.000000	0.000420	0.00	14505.504
2424.000000	0.000425	0.00	14530.048
2425.000000	0.000416	0.00	14468.688
2426.000000	0.000382	0.00	15033.200
2427.000000	0.000399	0.00	14640.496
2428.000000	0.000401	0.00	14591.408
2429.000000	0.000415	0.00	15070.016
2430.000000	0.000402	0.00	14542.320
2431.000000	0.000417	0.00	14395.056
2432.000000	0.000410	0.00	14640.496
2433.000000	0.000398	0.00	14824.576
2434.000000	0.000399	0.00	14775.488
2435.000000	0.000398	0.00	14800.032
2436.000000	0.000415	0.00	14787.760
2437.000000	0.000396	0.00	14591.408
2438.000000	0.000429	0.00	14149.616
2439.000000	0.000398	0.00	14665.040
2440.000000	0.000431	0.00	14407.328
2441.000000	0.000414	0.00	14333.696
2442.000000	0.000425	0.00	14382.784
2443.000000	0.000418	0.00	14517.776
2444.000000	0.000403	0.00	14763.216
2445.000000	0.000424	0.00	14296.880
2446.000000	0.000399	0.00	15057.744
2447.000000	0.000411	0.00	14640.496
2448.000000	0.000430	0.00	14223.248
2449.000000	0.000430	0.00	14493.232
2450.000000	0.000403	0.00	14763.216
2451.000000	0.000468	0.00	13867.360
2452.000000	0.000411	0.00	14530.048
2453.000000	0.000389	0.00	14836.848
2454.000000	0.000390	0.00	15131.376
2455.000000	0.000426	0.00	14530.048
2456.000000	0.000420	0.00	14701.856
2457.000000	0.000426	0.00	14579.136
2458.000000	0.000385	0.00	15155.920
2459.000000	0.000380	0.00	15217.280
2460.000000	0.000434	0.00	14431.872
2461.000000	0.000423	0.00	14726.400
2462.000000	0.000407	0.00	14628.224
2463.000000	0.000390	0.00	15070.016
2464.000000	0.000395	0.00	14873.664
2465.000000	0.000386	0.00	15094.560
2466.000000	0.000401	0.00	15143.648
2467.000000	0.000398	0.00	14996.384
2468.000000	0.000392	0.00	14849.120
2469.000000	0.000398	0.00	14615.952
2470.000000	0.000409	0.00	14726.400
2471.000000	0.000428	0.00	14125.072
2472.000000	0.000428	0.00	14174.160
2473.000000	0.000408	0.00	14677.312
2474.000000	0.000409	0.00	14591.408
2475.000000	0.000401	0.00	14689.584
2476.000000	0.000396	0.00	14971.840
2477.000000	0.000423	0.00	14677.312
2478.000000	0.000409	0.00	14542.320
2479.000000	0.000428	0.00	14542.320
2480.000000	0.000387	0.00	14935.024
2481.000000	0.000412	0.00	14689.584
2482.000000	0.000402	0.00	14971.840
2483.000000	0.000412	0.00	14554.592
2484.000000	0.000396	0.00	14947.296
2485.000000	0.000412	0.00	14812.304
2486.000000	0.000401	0.00	14873.664
2487.000000	0.000415	0.00	14677.312
2488.000000	0.000397	0.00	15008.656
2489.000000	0.000388	0.00	15033.200
2490.000000	0.000400	0.00	14910.480
2491.000000	0.000391	0.00	14996.384
2492.000000	0.000387	0.00	15217.280
2493.000000	0.000394	0.00	15241.824
2494.000000	0.000402	0.00	14505.504
2495.000000	0.000397	0.00	14885.936
2496.000000	0.000401	0.00	14652.768
2497.000000	0.000385	0.00	15241.824
2498.000000	0.000425	0.00	14247.792
2499.000000	0.000401	0.00	15045.472
2500.000000	0.000418	0.00	14444.144
2501.000000	0.000413	0.00	14284.608
2502.000000	0.000427	0.00	14505.504
2503.000000	0.000394	0.00	14615.952
2504.000000	0.000414	0.00	14579.136
2505.000000	0.000414	0.00	14591.408
2506.000000	0.000430	0.00	14272.336
2507.000000	0.000424	0.00	14505.504
2508.000000	0.000386	0.00	15033.200
2509.000000	0.000410	0.00	14689.584
2510.000000	0.000411	0.00	14407.328
2511.000000	0.000387	0.00	14959.568
2512.000000	0.000402	0.00	14861.392
2513.000000	0.000420	0.00	14382.784
2514.000000	0.000380	0.00	14885.936
2515.000000	0.000406	0.00	14333.696
2516.000000	0.000410	0.00	14701.856
2517.000000	0.000390	0.00	15241.824
2518.000000	0.000388	0.00	14812.304
2519.000000	0.000407	0.00	14701.856
2520.000000	0.000396	0.00	15045.472
2521.000000	0.000408	0.00	14714.128
2522.000000	0.000405	0.00	14935.024
2523.000000	0.000401	0.00	14922.752
2524.000000	0.000440	0.00	14137.344
2525.000000	0.000434	0.00	14198.704
2526.000000	0.000396	0.00	15364.544
2527.000000	0.000400	0.00	14689.584
2528.000000	0.000398	0.00	15119.104
2529.000000	0.000393	0.00	14873.664
2530.000000	0.000411	0.00	14677.312
2531.000000	0.000399	0.00	14959.568
2532.000000	0.000423	0.00	14272.336
2533.000000	0.000390	0.00	14628.224
2534.000000	0.000389	0.00	14714.128
2535.000000	0.000403	0.00	14935.024
2536.000000	0.000394	0.00	14714.128
2537.000000	0.000415	0.00	14542.320
2538.000000	0.000422	0.00	14382.784
2539.000000	0.000400	0.00	14861.392
2540.000000	0.000375	0.00	15205.008
2541.000000	0.000394	0.00	14836.848
2542.000000	0.000423	0.00	14566.864
2543.000000	0.000394	0.00	14885.936
2544.000000	0.000399	0.00	14836.848
2545.000000	0.000388	0.00	14885.936
2546.000000	0.000415	0.00	14935.024
2547.000000	0.000404	0.00	14984.112
2548.000000	0.000402	0.00	14579.136
2549.000000	0.000407	0.00	14750.944
2550.000000	0.000401	0.00	15020.928
2551.000000	0.000407	0.00	14603.680
2552.000000	0.000405	0.00	14431.872
2553.000000	0.000448	0.00	13953.264
2554.000000	0.000422	0.00	14628.224
2555.000000	0.000417	0.00	14419.600
2556.000000	0.000391	0.00	14935.024
2557.000000	0.000414	0.00	14517.776
2558.000000	0.000405	0.00	14628.224
2559.000000	0.000408	0.00	14358.240
2560.000000	0.000403	0.00	14836.848
2561.000000	0.000399	0.00	14628.224
2562.000000	0.000406	0.00	14505.504
2563.000000	0.000388	0.00	15119.104
2564.000000	0.000382	0.00	15119.104
2565.000000	0.000404	0.00	14726.400
2566.000000	0.000389	0.00	15254.096
2567.000000	0.000379	0.00	15008.656
2568.000000	0.000411	0.00	14407.328
2569.000000	0.000401	0.00	14714.128
2570.000000	0.000421	0.00	14321.424
2571.000000	0.000412	0.00	14701.856
2572.000000	0.000398	0.00	15070.016
2573.000000	0.000418	0.00	14530.048
2574.000000	0.000406	0.00	14738.672
2575.000000	0.000395	0.00	14885.936
2576.000000	0.000410	0.00	14579.136
2577.000000	0.000386	0.00	15143.648
2578.000000	0.000408	0.00	14677.312
2579.000000	0.000410	0.00	14640.496
2580.000000	0.000404	0.00	14603.680
2581.000000	0.000417	0.00	14984.112
2582.000000	0.000399	0.00	14701.856
2583.000000	0.000423	0.00	14370.512
2584.000000	0.000410	0.00	14603.680
2585.000000	0.000405	0.00	14468.688
2586.000000	0.000404	0.00	14885.936
2587.000000	0.000391	0.00	14836.848
2588.000000	0.000392	0.00	14935.024
2589.000000	0.000401	0.00	14898.208
2590.000000	0.000428	0.00	14382.784
2591.000000	0.000427	0.00	14468.688
2592.000000	0.000424	0.00	14149.616
2593.000000	0.000413	0.00	14419.600
2594.000000	0.000384	0.00	14984.112
2595.000000	0.000390	0.00	15082.288
2596.000000	0.000396	0.00	14947.296
2597.000000	0.000409	0.00	14431.872
2598.000000	0.000398	0.00	14836.848
2599.000000	0.000419	0.00	14775.488
2600.000000	0.000425	0.00	14284.608
2601.000000	0.000393	0.00	15057.744
2602.000000	0.000390	0.00	14763.216
2603.000000	0.000423	0.00	14321.424
2604.000000	0.000402	0.00	14861.392
2605.000000	0.000403	0.00	14873.664
2606.000000	0.000448	0.00	14051.440
2607.000000	0.000436	0.00	14370.512
2608.000000	0.000414	0.00	14701.856
2609.000000	0.000397	0.00	14603.680
2610.000000	0.000422	0.00	14431.872
2611.000000	0.000378	0.00	15008.656
2612.000000	0.000437	0.00	14198.704
2613.000000	0.000389	0.00	14775.488
2614.000000	0.000400	0.00	14922.752
2615.000000	0.000403	0.00	15082.288
2616.000000	0.000385	0.00	15155.920
2617.000000	0.000421	0.00	14235.520
2618.000000	0.000426	0.00	14333.696
2619.000000	0.000379	0.00	15241.824
2620.000000	0.000400	0.00	14726.400
2621.000000	0.000404	0.00	15020.928
2622.000000	0.000395	0.00	14726.400
2623.000000	0.000404	0.00	14812.304
2624.000000	0.000403	0.00	14591.408
2625.000000	0.000406	0.00	14652.768
2626.000000	0.000401	0.00	14628.224
2627.000000	0.000407	0.00	14763.216
2628.000000	0.000406	0.00	14615.952
2629.000000	0.000438	0.00	14223.248
2630.000000	0.000393	0.00	14898.208
2631.000000	0.000406	0.00	14849.120
2632.000000	0.000397	0.00	15205.008
2633.000000	0.000404	0.00	14935.024
2634.000000	0.000403	0.00	15119.104
2635.000000	0.000429	0.00	14407.328
2636.000000	0.000409	0.00	14775.488
2637.000000	0.000390	0.00	14984.112
2638.000000	0.000432	0.00	14333.696
2639.000000	0.000396	0.00	15168.192
2640.000000	0.000418	0.00	14395.056
2641.000000	0.000411	0.00	14517.776
2642.000000	0.000400	0.00	15376.816
2643.000000	0.000418	0.00	14382.784
2644.000000	0.000394	0.00	14898.208
2645.000000	0.000429	0.00	14395.056
2646.000000	0.000404	0.00	14542.320
2647.000000	0.000404	0.00	14652.768
2648.000000	0.000402	0.00	14861.392
2649.000000	0.000415	0.00	14885.936
2650.000000	0.000442	0.00	14088.256
2651.000000	0.000407	0.00	14738.672
2652.000000	0.000418	0.00	14419.600
2653.000000	0.000399	0.00	14959.568
2654.000000	0.000401	0.00	14947.296
2655.000000	0.000412	0.00	14407.328
2656.000000	0.000409	0.00	14444.144
2657.000000	0.000414	0.00	14530.048
2658.000000	0.000408	0.00	14885.936
2659.000000	0.000439	0.00	14063.712
2660.000000	0.000402	0.00	14922.752
2661.000000	0.000397	0.00	14947.296
2662.000000	0.000406	0.00	14603.680
2663.000000	0.000394	0.00	14910.480
2664.000000	0.000384	0.00	15082.288
2665.000000	0.000393	0.00	14922.752
2666.000000	0.000395	0.00	15229.552
2667.000000	0.000400	0.00	14603.680
2668.000000	0.000399	0.00	14677.312
2669.000000	0.000395	0.00	14714.128
2670.000000	0.000410	0.00	14652.768
2671.000000	0.000430	0.00	14382.784
2672.000000	0.000416	0.00	14579.136
2673.000000	0.000394	0.00	14959.568
2674.000000	0.000381	0.00	15168.192
2675.000000	0.000396	0.00	14738.672
2676.000000	0.000406	0.00	14652.768
2677.000000	0.000398	0.00	14726.400
2678.000000	0.000408	0.00	14554.592
2679.000000	0.000392	0.00	15241.824
2680.000000	0.000430	0.00	14554.592
2681.000000	0.000425	0.00	14370.512
2682.000000	0.000423	0.00	14419.600
2683.000000	0.000378	0.00	15070.016
2684.000000	0.000421	0.00	14051.440
2685.000000	0.000388	0.00	15290.912
2686.000000	0.000382	0.00	15106.832
2687.000000	0.000416	0.00	14272.336
2688.000000	0.000405	0.00	14726.400
2689.000000	0.000415	0.00	14530.048
2690.000000	0.000401	0.00	14665.040
2691.000000	0.000410	0.00	14530.048
2692.000000	0.000406	0.00	14898.208
2693.000000	0.000409	0.00	14738.672
2694.000000	0.000435	0.00	14272.336
2695.000000	0.000407	0.00	14861.392
2696.000000	0.000395	0.00	14971.840
2697.000000	0.000403	0.00	14689.584
2698.000000	0.000401	0.00	14542.320
2699.000000	0.000410	0.00	14800.032
2700.000000	0.000434	0.00	14296.880
2701.000000	0.000398	0.00	14517.776
2702.000000	0.000431	0.00	14358.240
2703.000000	0.000404	0.00	14615.952
2704.000000	0.000394	0.00	14726.400
2705.000000	0.000411	0.00	14456.416
2706.000000	0.000432	0.00	14444.144
2707.000000	0.000396	0.00	14665.040
2708.000000	0.000407	0.00	14628.224
2709.000000	0.000415	0.00	14677.312
2710.000000	0.000428	0.00	14137.344
2711.000000	0.000411	0.00	14407.328
2712.000000	0.000404	0.00	14530.048
2713.000000	0.000417	0.00	14272.336
2714.000000	0.000405	0.00	15008.656
2715.000000	0.000407	0.00	14701.856
2716.000000	0.000384	0.00	15119.104
2717.000000	0.000408	0.00	14615.952
2718.000000	0.000375	0.00	15340.000
2719.000000	0.000395	0.00	14873.664
2720.000000	0.000405	0.00	14714.128
2721.000000	0.000418	0.00	14333.696
2722.000000	0.000416	0.00	14652.768
2723.000000	0.000417	0.00	14444.144
2724.000000	0.000411	0.00	14775.488
2725.000000	0.000432	0.00	14395.056
2726.000000	0.000400	0.00	14689.584
2727.000000	0.000417	0.00	14480.960
2728.000000	0.000435	0.00	14174.160
2729.000000	0.000398	0.00	14800.032
2730.000000	0.000399	0.00	15033.200
2731.000000	0.000408	0.00	14873.664
2732.000000	0.000394	0.00	14444.144
2733.000000	0.000396	0.00	14898.208
2734.000000	0.000416	0.00	14296.880
2735.000000	0.000402	0.00	14530.048
2736.000000	0.000454	0.00	13707.824
2737.000000	0.000404	0.00	14517.776
2738.000000	0.000384	0.00	14738.672
2739.000000	0.000407	0.00	14824.576
2740.000000	0.000401	0.00	14922.752
2741.000000	0.000383	0.00	14750.944
2742.000000	0.000383	0.00	15057.744
2743.000000	0.000403	0.00	14566.864
2744.000000	0.000416	0.00	14296.880
2745.000000	0.000393	0.00	14689.584
2746.000000	0.000413	0.00	14677.312
2747.000000	0.000391	0.00	15008.656
2748.000000	0.000398	0.00	14665.040
2749.000000	0.000391	0.00	15241.824
2750.000000	0.000406	0.00	14480.960
2751.000000	0.000394	0.00	14763.216
2752.000000	0.000393	0.00	14800.032
2753.000000	0.000394	0.00	14922.752
2754.000000	0.000391	0.00	15205.008
2755.000000	0.000408	0.00	14640.496
2756.000000	0.000385	0.00	15119.104
2757.000000	0.000401	0.00	15278.640
