start, delay, loss random, rate
0.000000	0.000389	0.00	15241.824
1.000000	0.000376	0.00	14947.296
2.000000	0.000408	0.00	14726.400
3.000000	0.000394	0.00	14849.120
4.000000	0.000414	0.00	14615.952
5.000000	0.000403	0.00	14444.144
6.000000	0.000405	0.00	14836.848
7.000000	0.000382	0.00	15020.928
8.000000	0.000377	0.00	14996.384
9.000000	0.000397	0.00	14812.304
10.000000	0.000412	0.00	14775.488
11.000000	0.000423	0.00	14419.600
12.000000	0.000426	0.00	14640.496
13.000000	0.000386	0.00	15143.648
14.000000	0.000423	0.00	14628.224
15.000000	0.000398	0.00	14873.664
16.000000	0.000398	0.00	15217.280
17.000000	0.000396	0.00	14677.312
18.000000	0.000404	0.00	14959.568
19.000000	0.000409	0.00	14763.216
20.000000	0.000398	0.00	15094.560
21.000000	0.000420	0.00	14493.232
22.000000	0.000394	0.00	15008.656
23.000000	0.000418	0.00	14296.880
24.000000	0.000394	0.00	14431.872
25.000000	0.000407	0.00	14738.672
26.000000	0.000410	0.00	14714.128
27.000000	0.000391	0.00	14787.760
28.000000	0.000385	0.00	15425.904
29.000000	0.000404	0.00	14235.520
30.000000	0.000401	0.00	15082.288
31.000000	0.000420	0.00	14345.968
32.000000	0.000389	0.00	15168.192
33.000000	0.000396	0.00	14959.568
34.000000	0.000408	0.00	14701.856
35.000000	0.000398	0.00	14959.568
36.000000	0.000405	0.00	14984.112
37.000000	0.000399	0.00	14836.848
38.000000	0.000388	0.00	15241.824
39.000000	0.000407	0.00	14370.512
40.000000	0.000414	0.00	14333.696
41.000000	0.000383	0.00	14812.304
42.000000	0.000441	0.00	14186.432
43.000000	0.000387	0.00	14935.024
44.000000	0.000413	0.00	14407.328
45.000000	0.000409	0.00	14677.312
46.000000	0.000409	0.00	14689.584
47.000000	0.000414	0.00	14677.312
48.000000	0.000408	0.00	14812.304
49.000000	0.000389	0.00	14763.216
50.000000	0.000395	0.00	15094.560
51.000000	0.000429	0.00	14210.976
52.000000	0.000408	0.00	15057.744
53.000000	0.000384	0.00	15033.200
54.000000	0.000403	0.00	14615.952
55.000000	0.000383	0.00	15217.280
56.000000	0.000394	0.00	15131.376
57.000000	0.000378	0.00	15168.192
58.000000	0.000386	0.00	15217.280
59.000000	0.000400	0.00	15082.288
60.000000	0.000412	0.00	14566.864
61.000000	0.000401	0.00	14959.568
62.000000	0.000410	0.00	14566.864
63.000000	0.000393	0.00	14849.120
64.000000	0.000424	0.00	14309.152
65.000000	0.000431	0.00	14223.248
66.000000	0.000415	0.00	14812.304
67.000000	0.000409	0.00	14370.512
68.000000	0.000383	0.00	14996.384
69.000000	0.000392	0.00	14714.128
70.000000	0.000410	0.00	14419.600
71.000000	0.000406	0.00	14750.944
72.000000	0.000395	0.00	14922.752
73.000000	0.000408	0.00	14959.568
74.000000	0.000400	0.00	14714.128
75.000000	0.000409	0.00	14689.584
76.000000	0.000392	0.00	14714.128
77.000000	0.000406	0.00	14787.760
78.000000	0.000404	0.00	14738.672
79.000000	0.000392	0.00	15205.008
80.000000	0.000410	0.00	14971.840
81.000000	0.000405	0.00	14358.240
82.000000	0.000384	0.00	15192.736
83.000000	0.000412	0.00	14542.320
84.000000	0.000384	0.00	14971.840
85.000000	0.000411	0.00	14579.136
86.000000	0.000413	0.00	14677.312
87.000000	0.000393	0.00	14714.128
88.000000	0.000398	0.00	15192.736
89.000000	0.000417	0.00	14198.704
90.000000	0.000388	0.00	14910.480
91.000000	0.000413	0.00	14689.584
92.000000	0.000428	0.00	14395.056
93.000000	0.000402	0.00	14824.576
94.000000	0.000392	0.00	14861.392
95.000000	0.000391	0.00	14947.296
96.000000	0.000386	0.00	15094.560
97.000000	0.000395	0.00	14922.752
98.000000	0.000434	0.00	14333.696
99.000000	0.000400	0.00	14714.128
100.000000	0.000415	0.00	14628.224
101.000000	0.000397	0.00	15020.928
102.000000	0.000427	0.00	14677.312
103.000000	0.000412	0.00	14431.872
104.000000	0.000420	0.00	14517.776
105.000000	0.000417	0.00	14480.960
106.000000	0.000425	0.00	14395.056
107.000000	0.000388	0.00	14910.480
108.000000	0.000383	0.00	15254.096
109.000000	0.000386	0.00	15033.200
110.000000	0.000428	0.00	14382.784
111.000000	0.000394	0.00	14898.208
112.000000	0.000425	0.00	14382.784
113.000000	0.000400	0.00	14554.592
114.000000	0.000397	0.00	14738.672
115.000000	0.000424	0.00	14395.056
116.000000	0.000399	0.00	14763.216
117.000000	0.000427	0.00	14382.784
118.000000	0.000403	0.00	14824.576
119.000000	0.000410	0.00	14554.592
120.000000	0.000393	0.00	14861.392
121.000000	0.000409	0.00	14505.504
122.000000	0.000421	0.00	14480.960
123.000000	0.000388	0.00	15143.648
124.000000	0.000384	0.00	15155.920
125.000000	0.000414	0.00	14603.680
126.000000	0.000398	0.00	14750.944
127.000000	0.000399	0.00	14885.936
128.000000	0.000398	0.00	14787.760
129.000000	0.000371	0.00	15364.544
130.000000	0.000379	0.00	15241.824
131.000000	0.000398	0.00	14984.112
132.000000	0.000416	0.00	14345.968
133.000000	0.000426	0.00	14652.768
134.000000	0.000384	0.00	15241.824
135.000000	0.000392	0.00	14836.848
136.000000	0.000417	0.00	14554.592
137.000000	0.000406	0.00	14566.864
138.000000	0.000403	0.00	14836.848
139.000000	0.000387	0.00	15266.368
140.000000	0.000409	0.00	14677.312
141.000000	0.000396	0.00	15020.928
142.000000	0.000404	0.00	14554.592
143.000000	0.000388	0.00	14984.112
144.000000	0.000410	0.00	14603.680
145.000000	0.000418	0.00	14321.424
146.000000	0.000408	0.00	14689.584
147.000000	0.000396	0.00	14898.208
148.000000	0.000400	0.00	14812.304
149.000000	0.000384	0.00	15020.928
150.000000	0.000405	0.00	14800.032
151.000000	0.000397	0.00	14775.488
152.000000	0.000408	0.00	14161.888
153.000000	0.000417	0.00	14382.784
154.000000	0.000417	0.00	14554.592
155.000000	0.000415	0.00	14125.072
156.000000	0.000403	0.00	14885.936
157.000000	0.000415	0.00	14763.216
158.000000	0.000408	0.00	14517.776
159.000000	0.000383	0.00	15143.648
160.000000	0.000420	0.00	14444.144
161.000000	0.000406	0.00	14530.048
162.000000	0.000400	0.00	14787.760
163.000000	0.000413	0.00	14898.208
164.000000	0.000419	0.00	14210.976
165.000000	0.000396	0.00	15327.728
166.000000	0.000417	0.00	14480.960
167.000000	0.000412	0.00	14665.040
168.000000	0.000411	0.00	14517.776
169.000000	0.000372	0.00	15290.912
170.000000	0.000401	0.00	14726.400
171.000000	0.000431	0.00	14407.328
172.000000	0.000419	0.00	14505.504
173.000000	0.000420	0.00	14223.248
174.000000	0.000414	0.00	14775.488
175.000000	0.000408	0.00	14824.576
176.000000	0.000400	0.00	14971.840
177.000000	0.000391	0.00	14824.576
178.000000	0.000399	0.00	14849.120
179.000000	0.000418	0.00	14247.792
180.000000	0.000382	0.00	15082.288
181.000000	0.000394	0.00	14652.768
182.000000	0.000392	0.00	14898.208
183.000000	0.000405	0.00	14628.224
184.000000	0.000398	0.00	15008.656
185.000000	0.000395	0.00	14640.496
186.000000	0.000395	0.00	15020.928
187.000000	0.000391	0.00	15168.192
188.000000	0.000396	0.00	14836.848
189.000000	0.000419	0.00	14431.872
190.000000	0.000404	0.00	14726.400
191.000000	0.000395	0.00	15008.656
192.000000	0.000402	0.00	14885.936
193.000000	0.000409	0.00	14689.584
194.000000	0.000380	0.00	15205.008
195.000000	0.000413	0.00	14714.128
196.000000	0.000375	0.00	15229.552
197.000000	0.000372	0.00	15119.104
198.000000	0.000398	0.00	14468.688
199.000000	0.000408	0.00	14714.128
200.000000	0.000399	0.00	14885.936
201.000000	0.000418	0.00	14701.856
202.000000	0.000401	0.00	14824.576
203.000000	0.000411	0.00	14542.320
204.000000	0.000434	0.00	14333.696
205.000000	0.000386	0.00	14996.384
206.000000	0.000406	0.00	14714.128
207.000000	0.000398	0.00	14677.312
208.000000	0.000451	0.00	14063.712
209.000000	0.000415	0.00	14370.512
210.000000	0.000404	0.00	14431.872
211.000000	0.000405	0.00	14628.224
212.000000	0.000409	0.00	14407.328
213.000000	0.000424	0.00	14309.152
214.000000	0.000390	0.00	14824.576
215.000000	0.000394	0.00	15008.656
216.000000	0.000420	0.00	14358.240
217.000000	0.000401	0.00	14861.392
218.000000	0.000417	0.00	14922.752
219.000000	0.000414	0.00	14652.768
220.000000	0.000399	0.00	15008.656
221.000000	0.000399	0.00	14689.584
222.000000	0.000410	0.00	14530.048
223.000000	0.000389	0.00	14849.120
224.000000	0.000407	0.00	14284.608
225.000000	0.000393	0.00	14677.312
226.000000	0.000403	0.00	14591.408
227.000000	0.000408	0.00	14726.400
228.000000	0.000394	0.00	14898.208
229.000000	0.000378	0.00	15511.808
230.000000	0.000388	0.00	15020.928
231.000000	0.000425	0.00	14517.776
232.000000	0.000430	0.00	14002.352
233.000000	0.000415	0.00	14824.576
234.000000	0.000421	0.00	14615.952
235.000000	0.000406	0.00	14971.840
236.000000	0.000380	0.00	15119.104
237.000000	0.000382	0.00	15450.448
238.000000	0.000400	0.00	15020.928
239.000000	0.000402	0.00	14309.152
240.000000	0.000436	0.00	14235.520
241.000000	0.000407	0.00	14849.120
242.000000	0.000397	0.00	14898.208
243.000000	0.000374	0.00	15499.536
244.000000	0.000396	0.00	14763.216
245.000000	0.000391	0.00	14763.216
246.000000	0.000398	0.00	14591.408
247.000000	0.000411	0.00	14714.128
248.000000	0.000419	0.00	14750.944
249.000000	0.000396	0.00	14849.120
250.000000	0.000411	0.00	14419.600
251.000000	0.000413	0.00	14480.960
252.000000	0.000427	0.00	14493.232
253.000000	0.000408	0.00	14431.872
254.000000	0.000415	0.00	14603.680
255.000000	0.000408	0.00	14677.312
256.000000	0.000401	0.00	14640.496
257.000000	0.000387	0.00	15303.184
258.000000	0.000395	0.00	14959.568
259.000000	0.000406	0.00	14677.312
260.000000	0.000417	0.00	14861.392
261.000000	0.000404	0.00	14750.944
262.000000	0.000386	0.00	15671.344
263.000000	0.000411	0.00	14370.512
264.000000	0.000382	0.00	15266.368
265.000000	0.000405	0.00	14530.048
266.000000	0.000403	0.00	14787.760
267.000000	0.000398	0.00	14996.384
268.000000	0.000399	0.00	14873.664
269.000000	0.000393	0.00	14922.752
270.000000	0.000430	0.00	14137.344
271.000000	0.000406	0.00	14517.776
272.000000	0.000421	0.00	14431.872
273.000000	0.000402	0.00	14750.944
274.000000	0.000422	0.00	14370.512
275.000000	0.000431	0.00	14112.800
276.000000	0.000400	0.00	14836.848
277.000000	0.000423	0.00	14407.328
278.000000	0.000418	0.00	14370.512
279.000000	0.000391	0.00	15217.280
280.000000	0.000392	0.00	14885.936
281.000000	0.000402	0.00	14775.488
282.000000	0.000406	0.00	14677.312
283.000000	0.000419	0.00	14395.056
284.000000	0.000383	0.00	15315.456
285.000000	0.000407	0.00	14493.232
286.000000	0.000396	0.00	14935.024
287.000000	0.000416	0.00	14530.048
288.000000	0.000399	0.00	14787.760
289.000000	0.000393	0.00	14971.840
290.000000	0.000392	0.00	14750.944
291.000000	0.000421	0.00	14223.248
292.000000	0.000411	0.00	14615.952
293.000000	0.000381	0.00	15217.280
294.000000	0.000396	0.00	15168.192
295.000000	0.000422	0.00	14603.680
296.000000	0.000377	0.00	15548.624
297.000000	0.000402	0.00	14824.576
298.000000	0.000410	0.00	14493.232
299.000000	0.000397	0.00	14922.752
300.000000	0.000408	0.00	14640.496
301.000000	0.000424	0.00	14149.616
302.000000	0.000378	0.00	15180.464
303.000000	0.000412	0.00	14689.584
304.000000	0.000392	0.00	15033.200
305.000000	0.000398	0.00	14603.680
306.000000	0.000388	0.00	14910.480
307.000000	0.000394	0.00	14714.128
308.000000	0.000415	0.00	14493.232
309.000000	0.000393	0.00	14665.040
310.000000	0.000391	0.00	14849.120
311.000000	0.000372	0.00	15401.360
312.000000	0.000417	0.00	15045.472
313.000000	0.000411	0.00	14321.424
314.000000	0.000404	0.00	14849.120
315.000000	0.000389	0.00	14800.032
316.000000	0.000396	0.00	15192.736
317.000000	0.000401	0.00	15070.016
318.000000	0.000399	0.00	14738.672
319.000000	0.000391	0.00	14935.024
320.000000	0.000399	0.00	14689.584
321.000000	0.000423	0.00	14505.504
322.000000	0.000413	0.00	14763.216
323.000000	0.000392	0.00	14763.216
324.000000	0.000416	0.00	14493.232
325.000000	0.000392	0.00	15266.368
326.000000	0.000403	0.00	14800.032
327.000000	0.000398	0.00	15119.104
328.000000	0.000410	0.00	14444.144
329.000000	0.000434	0.00	14370.512
330.000000	0.000408	0.00	14800.032
331.000000	0.000396	0.00	14910.480
332.000000	0.000405	0.00	14714.128
333.000000	0.000396	0.00	14517.776
334.000000	0.000389	0.00	15057.744
335.000000	0.000411	0.00	14444.144
336.000000	0.000407	0.00	14640.496
337.000000	0.000407	0.00	14407.328
338.000000	0.000386	0.00	15303.184
339.000000	0.000407	0.00	14750.944
340.000000	0.000408	0.00	14996.384
341.000000	0.000407	0.00	14898.208
342.000000	0.000394	0.00	14984.112
343.000000	0.000411	0.00	14566.864
344.000000	0.000417	0.00	14579.136
345.000000	0.000424	0.00	14210.976
346.000000	0.000401	0.00	14701.856
347.000000	0.000399	0.00	15070.016
348.000000	0.000413	0.00	14493.232
349.000000	0.000396	0.00	14714.128
350.000000	0.000388	0.00	14898.208
351.000000	0.000424	0.00	14395.056
352.000000	0.000398	0.00	14701.856
353.000000	0.000388	0.00	15033.200
354.000000	0.000400	0.00	14800.032
355.000000	0.000380	0.00	15425.904
356.000000	0.000411	0.00	14812.304
357.000000	0.000398	0.00	14738.672
358.000000	0.000412	0.00	14493.232
359.000000	0.000393	0.00	15008.656
360.000000	0.000404	0.00	14628.224
361.000000	0.000400	0.00	14812.304
362.000000	0.000413	0.00	14775.488
363.000000	0.000398	0.00	14750.944
364.000000	0.000390	0.00	14800.032
365.000000	0.000426	0.00	14223.248
366.000000	0.000415	0.00	14407.328
367.000000	0.000439	0.00	14051.440
368.000000	0.000391	0.00	15340.000
369.000000	0.000416	0.00	14480.960
370.000000	0.000393	0.00	14849.120
371.000000	0.000386	0.00	14787.760
372.000000	0.000401	0.00	14996.384
373.000000	0.000401	0.00	14861.392
374.000000	0.000406	0.00	14910.480
375.000000	0.000406	0.00	14996.384
376.000000	0.000396	0.00	14984.112
377.000000	0.000390	0.00	15106.832
378.000000	0.000416	0.00	14530.048
379.000000	0.000414	0.00	14652.768
380.000000	0.000407	0.00	14493.232
381.000000	0.000395	0.00	14579.136
382.000000	0.000399	0.00	14701.856
383.000000	0.000407	0.00	14665.040
384.000000	0.000394	0.00	15217.280
385.000000	0.000401	0.00	14738.672
386.000000	0.000409	0.00	14750.944
387.000000	0.000406	0.00	14824.576
388.000000	0.000410	0.00	14689.584
389.000000	0.000396	0.00	14849.120
390.000000	0.000380	0.00	15585.440
391.000000	0.000425	0.00	14345.968
392.000000	0.000376	0.00	15168.192
393.000000	0.000417	0.00	14517.776
394.000000	0.000406	0.00	14566.864
395.000000	0.000416	0.00	14628.224
396.000000	0.000433	0.00	14603.680
397.000000	0.000436	0.00	14198.704
398.000000	0.000401	0.00	15008.656
399.000000	0.000390	0.00	15266.368
400.000000	0.000426	0.00	14591.408
401.000000	0.000406	0.00	14738.672
402.000000	0.000419	0.00	14579.136
403.000000	0.000386	0.00	14971.840
404.000000	0.000426	0.00	14444.144
405.000000	0.000396	0.00	14996.384
406.000000	0.000420	0.00	14530.048
407.000000	0.000399	0.00	14689.584
408.000000	0.000394	0.00	14885.936
409.000000	0.000402	0.00	14419.600
410.000000	0.000392	0.00	15057.744
411.000000	0.000404	0.00	15033.200
412.000000	0.000415	0.00	14505.504
413.000000	0.000429	0.00	14468.688
414.000000	0.000381	0.00	15229.552
415.000000	0.000432	0.00	14333.696
416.000000	0.000395	0.00	14296.880
417.000000	0.000399	0.00	14652.768
418.000000	0.000389	0.00	14898.208
419.000000	0.000388	0.00	15229.552
420.000000	0.000430	0.00	14566.864
421.000000	0.000408	0.00	14910.480
422.000000	0.000412	0.00	14885.936
423.000000	0.000413	0.00	14370.512
424.000000	0.000410	0.00	14468.688
425.000000	0.000403	0.00	14480.960
426.000000	0.000414	0.00	14530.048
427.000000	0.000377	0.00	15033.200
428.000000	0.000428	0.00	14407.328
429.000000	0.000408	0.00	14566.864
430.000000	0.000383	0.00	14714.128
431.000000	0.000400	0.00	14898.208
432.000000	0.000427	0.00	14370.512
433.000000	0.000423	0.00	14272.336
434.000000	0.000407	0.00	14714.128
435.000000	0.000416	0.00	14701.856
436.000000	0.000406	0.00	14763.216
437.000000	0.000394	0.00	15070.016
438.000000	0.000402	0.00	14603.680
439.000000	0.000411	0.00	14726.400
440.000000	0.000410	0.00	14787.760
441.000000	0.000387	0.00	15057.744
442.000000	0.000423	0.00	14554.592
443.000000	0.000376	0.00	15511.808
444.000000	0.000382	0.00	14898.208
445.000000	0.000409	0.00	14824.576
446.000000	0.000400	0.00	14750.944
447.000000	0.000411	0.00	14480.960
448.000000	0.000414	0.00	14260.064
449.000000	0.000398	0.00	14898.208
450.000000	0.000389	0.00	14812.304
451.000000	0.000401	0.00	14910.480
452.000000	0.000373	0.00	15033.200
453.000000	0.000397	0.00	14579.136
454.000000	0.000404	0.00	14714.128
455.000000	0.000418	0.00	14444.144
456.000000	0.000393	0.00	14836.848
457.000000	0.000401	0.00	14787.760
458.000000	0.000414	0.00	14800.032
459.000000	0.000435	0.00	14370.512
460.000000	0.000411	0.00	14628.224
461.000000	0.000394	0.00	14689.584
462.000000	0.000416	0.00	14456.416
463.000000	0.000403	0.00	14885.936
464.000000	0.000398	0.00	14959.568
465.000000	0.000403	0.00	14628.224
466.000000	0.000393	0.00	14824.576
467.000000	0.000390	0.00	15131.376
468.000000	0.000397	0.00	14763.216
469.000000	0.000401	0.00	14750.944
470.000000	0.000404	0.00	14591.408
471.000000	0.000426	0.00	14530.048
472.000000	0.000413	0.00	14714.128
473.000000	0.000398	0.00	15192.736
474.000000	0.000403	0.00	14689.584
475.000000	0.000404	0.00	14763.216
476.000000	0.000400	0.00	14517.776
477.000000	0.000423	0.00	14505.504
478.000000	0.000392	0.00	15008.656
479.000000	0.000407	0.00	14579.136
480.000000	0.000426	0.00	14309.152
481.000000	0.000418	0.00	14358.240
482.000000	0.000419	0.00	14714.128
483.000000	0.000382	0.00	15180.464
484.000000	0.000391	0.00	15082.288
485.000000	0.000404	0.00	14738.672
486.000000	0.000395	0.00	14701.856
487.000000	0.000392	0.00	15020.928
488.000000	0.000419	0.00	14395.056
489.000000	0.000432	0.00	14125.072
490.000000	0.000386	0.00	15241.824
491.000000	0.000410	0.00	14579.136
492.000000	0.000429	0.00	14333.696
493.000000	0.000402	0.00	14603.680
494.000000	0.000395	0.00	14873.664
495.000000	0.000427	0.00	14284.608
496.000000	0.000397	0.00	14849.120
497.000000	0.000413	0.00	14615.952
498.000000	0.000378	0.00	15487.264
499.000000	0.000412	0.00	14579.136
500.000000	0.000394	0.00	14763.216
501.000000	0.000399	0.00	14738.672
502.000000	0.000394	0.00	14861.392
503.000000	0.000412	0.00	14763.216
504.000000	0.000405	0.00	14579.136
505.000000	0.000405	0.00	14530.048
506.000000	0.000410	0.00	14382.784
507.000000	0.000396	0.00	14763.216
508.000000	0.000417	0.00	14382.784
509.000000	0.000389	0.00	15376.816
510.000000	0.000426	0.00	14333.696
511.000000	0.000425	0.00	14554.592
512.000000	0.000398	0.00	14579.136
513.000000	0.000389	0.00	14959.568
514.000000	0.000406	0.00	14652.768
515.000000	0.000399	0.00	14677.312
516.000000	0.000405	0.00	14628.224
517.000000	0.000396	0.00	14775.488
518.000000	0.000380	0.00	15548.624
519.000000	0.000392	0.00	15057.744
520.000000	0.000404	0.00	14800.032
521.000000	0.000395	0.00	14726.400
522.000000	0.000430	0.00	14493.232
523.000000	0.000400	0.00	14763.216
524.000000	0.000407	0.00	14480.960
525.000000	0.000434	0.00	14174.160
526.000000	0.000398	0.00	14836.848
527.000000	0.000421	0.00	14726.400
528.000000	0.000420	0.00	14235.520
529.000000	0.000418	0.00	14800.032
530.000000	0.000404	0.00	14750.944
531.000000	0.000424	0.00	14321.424
532.000000	0.000392	0.00	14873.664
533.000000	0.000386	0.00	14959.568
534.000000	0.000390	0.00	14996.384
535.000000	0.000399	0.00	15020.928
536.000000	0.000409	0.00	14468.688
537.000000	0.000436	0.00	14296.880
538.000000	0.000405	0.00	14898.208
539.000000	0.000423	0.00	14382.784
540.000000	0.000411	0.00	14763.216
541.000000	0.000398	0.00	14665.040
542.000000	0.000391	0.00	14861.392
543.000000	0.000395	0.00	14984.112
544.000000	0.000415	0.00	14628.224
545.000000	0.000416	0.00	14517.776
546.000000	0.000386	0.00	14849.120
547.000000	0.000399	0.00	14898.208
548.000000	0.000382	0.00	15192.736
549.000000	0.000439	0.00	14161.888
550.000000	0.000428	0.00	14566.864
551.000000	0.000400	0.00	14738.672
552.000000	0.000406	0.00	14898.208
553.000000	0.000396	0.00	15020.928
554.000000	0.000411	0.00	14444.144
555.000000	0.000405	0.00	14628.224
556.000000	0.000413	0.00	14763.216
557.000000	0.000419	0.00	14517.776
558.000000	0.000415	0.00	14824.576
559.000000	0.000400	0.00	14984.112
560.000000	0.000397	0.00	14763.216
561.000000	0.000413	0.00	14431.872
562.000000	0.000401	0.00	14947.296
563.000000	0.000413	0.00	15045.472
564.000000	0.000396	0.00	15217.280
565.000000	0.000407	0.00	14775.488
566.000000	0.000408	0.00	14603.680
567.000000	0.000404	0.00	14419.600
568.000000	0.000414	0.00	14701.856
569.000000	0.000420	0.00	14260.064
570.000000	0.000383	0.00	15229.552
571.000000	0.000429	0.00	14824.576
572.000000	0.000387	0.00	14898.208
573.000000	0.000409	0.00	14738.672
574.000000	0.000398	0.00	15290.912
575.000000	0.000400	0.00	14836.848
576.000000	0.000394	0.00	15401.360
577.000000	0.000424	0.00	14456.416
578.000000	0.000384	0.00	15278.640
579.000000	0.000417	0.00	14947.296
580.000000	0.000388	0.00	15217.280
581.000000	0.000417	0.00	14235.520
582.000000	0.000400	0.00	14775.488
583.000000	0.000401	0.00	14885.936
584.000000	0.000394	0.00	14849.120
585.000000	0.000386	0.00	15303.184
586.000000	0.000415	0.00	14395.056
587.000000	0.000421	0.00	14395.056
588.000000	0.000425	0.00	14456.416
589.000000	0.000411	0.00	14701.856
590.000000	0.000441	0.00	13904.176
591.000000	0.000401	0.00	14910.480
592.000000	0.000384	0.00	15094.560
593.000000	0.000392	0.00	15143.648
594.000000	0.000419	0.00	14517.776
595.000000	0.000430	0.00	14088.256
596.000000	0.000400	0.00	14554.592
597.000000	0.000365	0.00	15143.648
598.000000	0.000414	0.00	14517.776
599.000000	0.000401	0.00	14800.032
600.000000	0.000398	0.00	14677.312
601.000000	0.000420	0.00	14333.696
602.000000	0.000379	0.00	14898.208
603.000000	0.000390	0.00	15229.552
604.000000	0.000390	0.00	14800.032
605.000000	0.000420	0.00	14603.680
606.000000	0.000412	0.00	14652.768
607.000000	0.000412	0.00	14530.048
608.000000	0.000421	0.00	14640.496
609.000000	0.000397	0.00	14959.568
610.000000	0.000402	0.00	14628.224
611.000000	0.000414	0.00	14321.424
612.000000	0.000405	0.00	14689.584
613.000000	0.000391	0.00	15045.472
614.000000	0.000395	0.00	15119.104
615.000000	0.000398	0.00	14849.120
616.000000	0.000408	0.00	14763.216
617.000000	0.000392	0.00	14959.568
618.000000	0.000417	0.00	14628.224
619.000000	0.000402	0.00	14665.040
620.000000	0.000412	0.00	14701.856
621.000000	0.000395	0.00	14726.400
622.000000	0.000427	0.00	14260.064
623.000000	0.000435	0.00	14112.800
624.000000	0.000415	0.00	14296.880
625.000000	0.000400	0.00	14530.048
626.000000	0.000366	0.00	15168.192
627.000000	0.000436	0.00	14075.984
628.000000	0.000403	0.00	14591.408
629.000000	0.000425	0.00	14419.600
630.000000	0.000406	0.00	14849.120
631.000000	0.000417	0.00	14824.576
632.000000	0.000406	0.00	14480.960
633.000000	0.000408	0.00	14849.120
634.000000	0.000418	0.00	14566.864
635.000000	0.000420	0.00	14566.864
636.000000	0.000379	0.00	15033.200
637.000000	0.000395	0.00	15131.376
638.000000	0.000394	0.00	14665.040
639.000000	0.000409	0.00	14554.592
640.000000	0.000419	0.00	14345.968
641.000000	0.000395	0.00	14800.032
642.000000	0.000421	0.00	14235.520
643.000000	0.000428	0.00	14345.968
644.000000	0.000407	0.00	14542.320
645.000000	0.000394	0.00	15266.368
646.000000	0.000425	0.00	14554.592
647.000000	0.000423	0.00	14493.232
648.000000	0.000403	0.00	14910.480
649.000000	0.000412	0.00	14689.584
650.000000	0.000399	0.00	14775.488
651.000000	0.000397	0.00	14714.128
652.000000	0.000405	0.00	14640.496
653.000000	0.000438	0.00	14186.432
654.000000	0.000385	0.00	15290.912
655.000000	0.000424	0.00	14345.968
656.000000	0.000391	0.00	15070.016
657.000000	0.000399	0.00	14885.936
658.000000	0.000410	0.00	14554.592
659.000000	0.000422	0.00	14468.688
660.000000	0.000400	0.00	15057.744
661.000000	0.000410	0.00	14738.672
662.000000	0.000372	0.00	15131.376
663.000000	0.000405	0.00	14738.672
664.000000	0.000422	0.00	14677.312
665.000000	0.000396	0.00	14775.488
666.000000	0.000421	0.00	14345.968
667.000000	0.000400	0.00	14898.208
668.000000	0.000427	0.00	14444.144
669.000000	0.000376	0.00	15450.448
670.000000	0.000411	0.00	15082.288
671.000000	0.000402	0.00	14665.040
672.000000	0.000414	0.00	14419.600
673.000000	0.000392	0.00	14947.296
674.000000	0.000397	0.00	14873.664
675.000000	0.000383	0.00	15106.832
676.000000	0.000392	0.00	14812.304
677.000000	0.000401	0.00	15033.200
678.000000	0.000405	0.00	14787.760
679.000000	0.000403	0.00	14615.952
680.000000	0.000380	0.00	15119.104
681.000000	0.000403	0.00	14996.384
682.000000	0.000412	0.00	14480.960
683.000000	0.000397	0.00	14665.040
684.000000	0.000414	0.00	14321.424
685.000000	0.000438	0.00	14223.248
686.000000	0.000376	0.00	15266.368
687.000000	0.000431	0.00	14566.864
688.000000	0.000411	0.00	14800.032
689.000000	0.000384	0.00	15045.472
690.000000	0.000437	0.00	14174.160
691.000000	0.000401	0.00	14677.312
692.000000	0.000399	0.00	15131.376
693.000000	0.000426	0.00	14456.416
694.000000	0.000403	0.00	14763.216
695.000000	0.000397	0.00	15070.016
696.000000	0.000402	0.00	14922.752
697.000000	0.000401	0.00	14738.672
698.000000	0.000394	0.00	15045.472
699.000000	0.000410	0.00	14591.408
700.000000	0.000395	0.00	14935.024
701.000000	0.000421	0.00	14272.336
702.000000	0.000415	0.00	14861.392
703.000000	0.000431	0.00	14088.256
704.000000	0.000411	0.00	14812.304
705.000000	0.000417	0.00	14701.856
706.000000	0.000396	0.00	14714.128
707.000000	0.000408	0.00	14517.776
708.000000	0.000376	0.00	15192.736
709.000000	0.000428	0.00	14345.968
710.000000	0.000396	0.00	14861.392
711.000000	0.000409	0.00	14885.936
712.000000	0.000385	0.00	15033.200
713.000000	0.000395	0.00	14726.400
714.000000	0.000408	0.00	14701.856
715.000000	0.000409	0.00	14640.496
716.000000	0.000374	0.00	15106.832
717.000000	0.000393	0.00	14849.120
718.000000	0.000435	0.00	14174.160
719.000000	0.000399	0.00	14824.576
720.000000	0.000383	0.00	14996.384
721.000000	0.000384	0.00	14898.208
722.000000	0.000397	0.00	14935.024
723.000000	0.000418	0.00	14284.608
724.000000	0.000391	0.00	14873.664
725.000000	0.000406	0.00	14345.968
726.000000	0.000414	0.00	14652.768
727.000000	0.000408	0.00	14444.144
728.000000	0.000389	0.00	14959.568
729.000000	0.000390	0.00	14959.568
730.000000	0.000438	0.00	14309.152
731.000000	0.000395	0.00	15143.648
732.000000	0.000401	0.00	14935.024
733.000000	0.000394	0.00	14849.120
734.000000	0.000402	0.00	14750.944
735.000000	0.000435	0.00	14505.504
736.000000	0.000405	0.00	14714.128
737.000000	0.000395	0.00	15168.192
738.000000	0.000416	0.00	14554.592
739.000000	0.000411	0.00	14468.688
740.000000	0.000397	0.00	15070.016
741.000000	0.000399	0.00	14935.024
742.000000	0.000394	0.00	15045.472
743.000000	0.000418	0.00	14198.704
744.000000	0.000419	0.00	14284.608
745.000000	0.000407	0.00	14615.952
746.000000	0.000383	0.00	15106.832
747.000000	0.000391	0.00	14849.120
748.000000	0.000389	0.00	14750.944
749.000000	0.000409	0.00	14836.848
750.000000	0.000398	0.00	14885.936
751.000000	0.000399	0.00	14996.384
752.000000	0.000409	0.00	14750.944
753.000000	0.000428	0.00	14591.408
754.000000	0.000383	0.00	15376.816
755.000000	0.000411	0.00	14615.952
756.000000	0.000401	0.00	14615.952
757.000000	0.000399	0.00	14652.768
758.000000	0.000378	0.00	15609.984
759.000000	0.000404	0.00	14615.952
760.000000	0.000409	0.00	14530.048
761.000000	0.000412	0.00	14530.048
762.000000	0.000421	0.00	14579.136
763.000000	0.000411	0.00	14652.768
764.000000	0.000393	0.00	14763.216
765.000000	0.000401	0.00	14468.688
766.000000	0.000420	0.00	14075.984
767.000000	0.000388	0.00	15143.648
768.000000	0.000415	0.00	14615.952
769.000000	0.000418	0.00	14922.752
770.000000	0.000428	0.00	14174.160
771.000000	0.000389	0.00	15229.552
772.000000	0.000406	0.00	14824.576
773.000000	0.000364	0.00	15511.808
774.000000	0.000410	0.00	14603.680
775.000000	0.000422	0.00	14026.896
776.000000	0.000407	0.00	14579.136
777.000000	0.000390	0.00	15217.280
778.000000	0.000415	0.00	14628.224
779.000000	0.000389	0.00	14959.568
780.000000	0.000382	0.00	15315.456
781.000000	0.000429	0.00	14431.872
782.000000	0.000391	0.00	14922.752
783.000000	0.000406	0.00	14800.032
784.000000	0.000413	0.00	14836.848
785.000000	0.000394	0.00	15008.656
786.000000	0.000406	0.00	14701.856
787.000000	0.000410	0.00	14615.952
788.000000	0.000424	0.00	14419.600
789.000000	0.000422	0.00	14358.240
790.000000	0.000411	0.00	14836.848
791.000000	0.000404	0.00	14652.768
792.000000	0.000383	0.00	15229.552
793.000000	0.000433	0.00	14260.064
794.000000	0.000429	0.00	14161.888
795.000000	0.000429	0.00	14260.064
796.000000	0.000410	0.00	14824.576
797.000000	0.000411	0.00	15020.928
798.000000	0.000418	0.00	14468.688
799.000000	0.000434	0.00	14407.328
800.000000	0.000396	0.00	15401.360
801.000000	0.000421	0.00	14554.592
802.000000	0.000386	0.00	14996.384
803.000000	0.000387	0.00	14763.216
804.000000	0.000383	0.00	15106.832
805.000000	0.000432	0.00	14333.696
806.000000	0.000419	0.00	14333.696
807.000000	0.000388	0.00	14971.840
808.000000	0.000406	0.00	14530.048
809.000000	0.000395	0.00	14898.208
810.000000	0.000404	0.00	14628.224
811.000000	0.000407	0.00	14750.944
812.000000	0.000429	0.00	14075.984
813.000000	0.000392	0.00	14873.664
814.000000	0.000428	0.00	14333.696
815.000000	0.000395	0.00	14836.848
816.000000	0.000401	0.00	14370.512
817.000000	0.000389	0.00	14947.296
818.000000	0.000406	0.00	14640.496
819.000000	0.000402	0.00	14898.208
820.000000	0.000420	0.00	14407.328
821.000000	0.000399	0.00	14775.488
822.000000	0.000411	0.00	14910.480
823.000000	0.000400	0.00	14714.128
824.000000	0.000389	0.00	14836.848
825.000000	0.000407	0.00	14431.872
826.000000	0.000400	0.00	14677.312
827.000000	0.000427	0.00	14370.512
828.000000	0.000397	0.00	14714.128
829.000000	0.000395	0.00	14787.760
830.000000	0.000422	0.00	14321.424
831.000000	0.000409	0.00	14873.664
832.000000	0.000397	0.00	14787.760
833.000000	0.000411	0.00	14812.304
834.000000	0.000401	0.00	14849.120
835.000000	0.000440	0.00	14075.984
836.000000	0.000391	0.00	14959.568
837.000000	0.000417	0.00	14640.496
838.000000	0.000389	0.00	14849.120
839.000000	0.000379	0.00	15192.736
840.000000	0.000439	0.00	14137.344
841.000000	0.000393	0.00	14935.024
842.000000	0.000402	0.00	14750.944
843.000000	0.000426	0.00	14284.608
844.000000	0.000393	0.00	15254.096
845.000000	0.000410	0.00	14566.864
846.000000	0.000388	0.00	15033.200
847.000000	0.000401	0.00	14750.944
848.000000	0.000415	0.00	14603.680
849.000000	0.000394	0.00	14885.936
850.000000	0.000387	0.00	15082.288
851.000000	0.000427	0.00	14272.336
852.000000	0.000402	0.00	15168.192
853.000000	0.000388	0.00	15217.280
854.000000	0.000405	0.00	14579.136
855.000000	0.000425	0.00	14186.432
856.000000	0.000422	0.00	14431.872
857.000000	0.000403	0.00	15082.288
858.000000	0.000430	0.00	14149.616
859.000000	0.000412	0.00	14677.312
860.000000	0.000393	0.00	14640.496
861.000000	0.000391	0.00	15217.280
862.000000	0.000402	0.00	14579.136
863.000000	0.000393	0.00	14812.304
864.000000	0.000377	0.00	15315.456
865.000000	0.000396	0.00	14959.568
866.000000	0.000409	0.00	14505.504
867.000000	0.000402	0.00	14505.504
868.000000	0.000410	0.00	14763.216
869.000000	0.000400	0.00	14714.128
870.000000	0.000417	0.00	14603.680
871.000000	0.000433	0.00	14174.160
872.000000	0.000394	0.00	14652.768
873.000000	0.000406	0.00	14591.408
874.000000	0.000415	0.00	14591.408
875.000000	0.000441	0.00	14247.792
876.000000	0.000389	0.00	15082.288
877.000000	0.000387	0.00	15106.832
878.000000	0.000410	0.00	14591.408
879.000000	0.000384	0.00	15192.736
880.000000	0.000395	0.00	14824.576
881.000000	0.000420	0.00	14554.592
882.000000	0.000405	0.00	14763.216
883.000000	0.000402	0.00	14480.960
884.000000	0.000403	0.00	14885.936
885.000000	0.000391	0.00	14971.840
886.000000	0.000406	0.00	14615.952
887.000000	0.000392	0.00	14861.392
888.000000	0.000381	0.00	15315.456
889.000000	0.000391	0.00	14984.112
890.000000	0.000410	0.00	14898.208
891.000000	0.000403	0.00	14726.400
892.000000	0.000398	0.00	14738.672
893.000000	0.000400	0.00	14812.304
894.000000	0.000411	0.00	14750.944
895.000000	0.000378	0.00	15303.184
896.000000	0.000385	0.00	15094.560
897.000000	0.000399	0.00	14800.032
898.000000	0.000410	0.00	14849.120
899.000000	0.000402	0.00	14836.848
900.000000	0.000413	0.00	14419.600
901.000000	0.000415	0.00	14345.968
902.000000	0.000402	0.00	14910.480
903.000000	0.000414	0.00	14849.120
904.000000	0.000390	0.00	15254.096
905.000000	0.000414	0.00	14603.680
906.000000	0.000400	0.00	14689.584
907.000000	0.000378	0.00	15057.744
908.000000	0.000412	0.00	14787.760
909.000000	0.000395	0.00	14885.936
910.000000	0.000412	0.00	14566.864
911.000000	0.000389	0.00	14898.208
912.000000	0.000436	0.00	14247.792
913.000000	0.000404	0.00	14714.128
914.000000	0.000411	0.00	14677.312
915.000000	0.000376	0.00	15278.640
916.000000	0.000393	0.00	14984.112
917.000000	0.000386	0.00	15205.008
918.000000	0.000400	0.00	15020.928
919.000000	0.000409	0.00	14714.128
920.000000	0.000427	0.00	14603.680
921.000000	0.000412	0.00	14861.392
922.000000	0.000402	0.00	14800.032
923.000000	0.000399	0.00	15057.744
924.000000	0.000390	0.00	14996.384
925.000000	0.000395	0.00	15057.744
926.000000	0.000394	0.00	15168.192
927.000000	0.000385	0.00	14849.120
928.000000	0.000411	0.00	14468.688
929.000000	0.000405	0.00	14615.952
930.000000	0.000407	0.00	15033.200
931.000000	0.000400	0.00	14849.120
932.000000	0.000399	0.00	14775.488
933.000000	0.000390	0.00	14824.576
934.000000	0.000435	0.00	14358.240
935.000000	0.000404	0.00	14763.216
936.000000	0.000419	0.00	14407.328
937.000000	0.000428	0.00	14247.792
938.000000	0.000405	0.00	14566.864
939.000000	0.000398	0.00	14775.488
940.000000	0.000371	0.00	14910.480
941.000000	0.000398	0.00	14836.848
942.000000	0.000437	0.00	14321.424
943.000000	0.000387	0.00	15401.360
944.000000	0.000401	0.00	14849.120
945.000000	0.000401	0.00	14984.112
946.000000	0.000388	0.00	14910.480
947.000000	0.000406	0.00	14652.768
948.000000	0.000392	0.00	14922.752
949.000000	0.000405	0.00	14665.040
950.000000	0.000414	0.00	14444.144
951.000000	0.000399	0.00	14873.664
952.000000	0.000425	0.00	14260.064
953.000000	0.000398	0.00	14959.568
954.000000	0.000410	0.00	14775.488
955.000000	0.000407	0.00	15106.832
956.000000	0.000402	0.00	14591.408
957.000000	0.000421	0.00	14530.048
958.000000	0.000398	0.00	14873.664
959.000000	0.000422	0.00	14272.336
960.000000	0.000396	0.00	14898.208
961.000000	0.000414	0.00	14615.952
962.000000	0.000386	0.00	14996.384
963.000000	0.000402	0.00	14628.224
964.000000	0.000395	0.00	14873.664
965.000000	0.000390	0.00	15070.016
966.000000	0.000405	0.00	14579.136
967.000000	0.000377	0.00	15143.648
968.000000	0.000392	0.00	15070.016
969.000000	0.000428	0.00	14505.504
970.000000	0.000431	0.00	14493.232
971.000000	0.000423	0.00	14701.856
972.000000	0.000394	0.00	14984.112
973.000000	0.000364	0.00	15278.640
974.000000	0.000394	0.00	15180.464
975.000000	0.000410	0.00	14861.392
976.000000	0.000412	0.00	14517.776
977.000000	0.000403	0.00	14615.952
978.000000	0.000433	0.00	13904.176
979.000000	0.000413	0.00	14738.672
980.000000	0.000410	0.00	14603.680
981.000000	0.000402	0.00	14726.400
982.000000	0.000409	0.00	14591.408
983.000000	0.000404	0.00	14836.848
984.000000	0.000413	0.00	14603.680
985.000000	0.000419	0.00	14284.608
986.000000	0.000430	0.00	14665.040
987.000000	0.000389	0.00	15057.744
988.000000	0.000387	0.00	14763.216
989.000000	0.000421	0.00	14407.328
990.000000	0.000409	0.00	14505.504
991.000000	0.000421	0.00	14272.336
992.000000	0.000406	0.00	14566.864
993.000000	0.000441	0.00	14137.344
994.000000	0.000412	0.00	14665.040
995.000000	0.000405	0.00	14665.040
996.000000	0.000389	0.00	15180.464
997.000000	0.000418	0.00	14579.136
998.000000	0.000404	0.00	14395.056
999.000000	0.000394	0.00	14922.752
1000.000000	0.000413	0.00	14579.136
1001.000000	0.000374	0.00	14873.664
1002.000000	0.000401	0.00	14689.584
1003.000000	0.000438	0.00	14296.880
1004.000000	0.000410	0.00	14407.328
1005.000000	0.000418	0.00	14603.680
1006.000000	0.000402	0.00	14824.576
1007.000000	0.000415	0.00	14775.488
1008.000000	0.000394	0.00	14922.752
1009.000000	0.000405	0.00	14701.856
1010.000000	0.000401	0.00	14849.120
1011.000000	0.000418	0.00	14689.584
1012.000000	0.000410	0.00	14468.688
1013.000000	0.000392	0.00	14849.120
1014.000000	0.000386	0.00	15290.912
1015.000000	0.000403	0.00	14910.480
1016.000000	0.000399	0.00	14763.216
1017.000000	0.000418	0.00	14493.232
1018.000000	0.000394	0.00	14984.112
1019.000000	0.000390	0.00	15020.928
1020.000000	0.000421	0.00	14517.776
1021.000000	0.000410	0.00	14726.400
1022.000000	0.000418	0.00	14149.616
1023.000000	0.000403	0.00	14873.664
1024.000000	0.000414	0.00	14296.880
1025.000000	0.000417	0.00	14542.320
1026.000000	0.000408	0.00	14603.680
1027.000000	0.000384	0.00	15180.464
1028.000000	0.000417	0.00	14419.600
1029.000000	0.000411	0.00	14763.216
1030.000000	0.000396	0.00	14775.488
1031.000000	0.000380	0.00	15143.648
1032.000000	0.000391	0.00	14959.568
1033.000000	0.000390	0.00	14996.384
1034.000000	0.000420	0.00	14407.328
1035.000000	0.000385	0.00	15217.280
1036.000000	0.000439	0.00	14223.248
1037.000000	0.000411	0.00	14726.400
1038.000000	0.000403	0.00	14615.952
1039.000000	0.000399	0.00	15045.472
1040.000000	0.000391	0.00	14689.584
1041.000000	0.000390	0.00	15278.640
1042.000000	0.000374	0.00	15168.192
1043.000000	0.000389	0.00	14910.480
1044.000000	0.000401	0.00	14775.488
1045.000000	0.000428	0.00	14444.144
1046.000000	0.000396	0.00	14861.392
1047.000000	0.000399	0.00	15070.016
1048.000000	0.000403	0.00	14935.024
1049.000000	0.000407	0.00	14935.024
1050.000000	0.000388	0.00	14652.768
1051.000000	0.000411	0.00	14579.136
1052.000000	0.000409	0.00	14652.768
1053.000000	0.000410	0.00	14333.696
1054.000000	0.000418	0.00	14444.144
1055.000000	0.000399	0.00	14922.752
1056.000000	0.000414	0.00	14714.128
1057.000000	0.000444	0.00	14112.800
1058.000000	0.000384	0.00	14984.112
1059.000000	0.000431	0.00	14382.784
1060.000000	0.000407	0.00	14456.416
1061.000000	0.000403	0.00	14591.408
1062.000000	0.000383	0.00	14873.664
1063.000000	0.000388	0.00	15008.656
1064.000000	0.000422	0.00	14161.888
1065.000000	0.000381	0.00	14898.208
1066.000000	0.000386	0.00	15278.640
1067.000000	0.000409	0.00	14591.408
1068.000000	0.000389	0.00	15057.744
1069.000000	0.000385	0.00	14984.112
1070.000000	0.000439	0.00	14112.800
1071.000000	0.000408	0.00	14873.664
1072.000000	0.000397	0.00	14959.568
1073.000000	0.000408	0.00	14493.232
1074.000000	0.000417	0.00	14714.128
1075.000000	0.000409	0.00	14566.864
1076.000000	0.000395	0.00	14898.208
1077.000000	0.000381	0.00	15094.560
1078.000000	0.000420	0.00	14505.504
1079.000000	0.000397	0.00	14922.752
1080.000000	0.000411	0.00	14554.592
1081.000000	0.000394	0.00	14935.024
1082.000000	0.000417	0.00	14444.144
1083.000000	0.000410	0.00	14603.680
1084.000000	0.000405	0.00	14579.136
1085.000000	0.000407	0.00	14505.504
1086.000000	0.000409	0.00	14763.216
1087.000000	0.000405	0.00	14959.568
1088.000000	0.000397	0.00	14640.496
1089.000000	0.000392	0.00	15094.560
1090.000000	0.000447	0.00	14088.256
1091.000000	0.000380	0.00	14947.296
1092.000000	0.000399	0.00	15217.280
1093.000000	0.000411	0.00	14750.944
1094.000000	0.000398	0.00	14996.384
1095.000000	0.000393	0.00	14959.568
1096.000000	0.000402	0.00	14714.128
1097.000000	0.000425	0.00	14333.696
1098.000000	0.000400	0.00	14701.856
1099.000000	0.000399	0.00	14689.584
1100.000000	0.000396	0.00	14800.032
1101.000000	0.000426	0.00	14530.048
1102.000000	0.000401	0.00	14677.312
1103.000000	0.000395	0.00	14922.752
1104.000000	0.000424	0.00	14493.232
1105.000000	0.000415	0.00	14468.688
1106.000000	0.000375	0.00	15217.280
1107.000000	0.000395	0.00	14885.936
1108.000000	0.000407	0.00	14885.936
1109.000000	0.000401	0.00	14971.840
1110.000000	0.000407	0.00	14456.416
1111.000000	0.000390	0.00	15155.920
1112.000000	0.000414	0.00	14517.776
1113.000000	0.000425	0.00	14235.520
1114.000000	0.000390	0.00	14910.480
1115.000000	0.000380	0.00	15106.832
1116.000000	0.000408	0.00	14554.592
1117.000000	0.000389	0.00	14996.384
1118.000000	0.000395	0.00	14861.392
1119.000000	0.000385	0.00	15180.464
1120.000000	0.000420	0.00	14333.696
1121.000000	0.000388	0.00	15106.832
1122.000000	0.000406	0.00	14652.768
1123.000000	0.000396	0.00	14885.936
1124.000000	0.000407	0.00	14652.768
1125.000000	0.000440	0.00	14112.800
1126.000000	0.000394	0.00	15082.288
1127.000000	0.000414	0.00	14579.136
1128.000000	0.000428	0.00	14296.880
1129.000000	0.000403	0.00	15045.472
1130.000000	0.000418	0.00	14542.320
1131.000000	0.000404	0.00	14566.864
1132.000000	0.000412	0.00	14640.496
1133.000000	0.000420	0.00	14395.056
1134.000000	0.000400	0.00	14677.312
1135.000000	0.000401	0.00	14689.584
1136.000000	0.000402	0.00	14542.320
1137.000000	0.000395	0.00	15057.744
1138.000000	0.000419	0.00	14395.056
1139.000000	0.000400	0.00	14468.688
1140.000000	0.000428	0.00	14272.336
1141.000000	0.000388	0.00	14922.752
1142.000000	0.000428	0.00	14591.408
1143.000000	0.000411	0.00	14493.232
1144.000000	0.000415	0.00	14493.232
1145.000000	0.000406	0.00	14665.040
1146.000000	0.000385	0.00	14935.024
1147.000000	0.000412	0.00	14603.680
1148.000000	0.000406	0.00	14480.960
1149.000000	0.000409	0.00	14849.120
1150.000000	0.000425	0.00	14161.888
1151.000000	0.000396	0.00	14935.024
1152.000000	0.000408	0.00	14542.320
1153.000000	0.000393	0.00	14775.488
1154.000000	0.000404	0.00	14800.032
1155.000000	0.000401	0.00	14615.952
1156.000000	0.000369	0.00	15278.640
1157.000000	0.000400	0.00	14873.664
1158.000000	0.000388	0.00	15278.640
1159.000000	0.000409	0.00	14640.496
1160.000000	0.000426	0.00	14517.776
1161.000000	0.000392	0.00	14873.664
1162.000000	0.000380	0.00	14689.584
1163.000000	0.000394	0.00	14812.304
1164.000000	0.000414	0.00	14566.864
1165.000000	0.000410	0.00	14530.048
1166.000000	0.000403	0.00	14800.032
1167.000000	0.000398	0.00	14861.392
1168.000000	0.000409	0.00	14579.136
1169.000000	0.000430	0.00	14284.608
1170.000000	0.000403	0.00	14542.320
1171.000000	0.000397	0.00	14996.384
1172.000000	0.000417	0.00	14284.608
1173.000000	0.000407	0.00	14824.576
1174.000000	0.000400	0.00	15008.656
1175.000000	0.000399	0.00	14861.392
1176.000000	0.000406	0.00	14873.664
1177.000000	0.000429	0.00	14260.064
1178.000000	0.000433	0.00	14174.160
1179.000000	0.000390	0.00	15020.928
1180.000000	0.000410	0.00	14787.760
1181.000000	0.000399	0.00	14603.680
1182.000000	0.000411	0.00	14849.120
1183.000000	0.000409	0.00	14468.688
1184.000000	0.000381	0.00	14959.568
1185.000000	0.000406	0.00	15094.560
1186.000000	0.000406	0.00	14591.408
1187.000000	0.000432	0.00	14260.064
1188.000000	0.000414	0.00	14370.512
1189.000000	0.000433	0.00	14210.976
1190.000000	0.000405	0.00	14812.304
1191.000000	0.000381	0.00	15180.464
1192.000000	0.000390	0.00	15057.744
1193.000000	0.000387	0.00	14996.384
1194.000000	0.000389	0.00	15020.928
1195.000000	0.000386	0.00	15106.832
1196.000000	0.000417	0.00	14456.416
1197.000000	0.000399	0.00	14714.128
1198.000000	0.000381	0.00	14935.024
1199.000000	0.000391	0.00	14812.304
1200.000000	0.000402	0.00	14750.944
1201.000000	0.000414	0.00	14382.784
1202.000000	0.000416	0.00	14677.312
1203.000000	0.000383	0.00	15082.288
1204.000000	0.000408	0.00	14726.400
1205.000000	0.000444	0.00	14063.712
1206.000000	0.000404	0.00	14603.680
1207.000000	0.000416	0.00	14640.496
1208.000000	0.000383	0.00	15192.736
1209.000000	0.000385	0.00	15131.376
1210.000000	0.000408	0.00	14566.864
1211.000000	0.000391	0.00	14800.032
1212.000000	0.000420	0.00	14824.576
1213.000000	0.000402	0.00	14861.392
1214.000000	0.000391	0.00	14922.752
1215.000000	0.000409	0.00	15106.832
1216.000000	0.000405	0.00	14787.760
1217.000000	0.000406	0.00	14935.024
1218.000000	0.000401	0.00	14677.312
1219.000000	0.000398	0.00	15082.288
1220.000000	0.000395	0.00	14689.584
1221.000000	0.000421	0.00	14309.152
1222.000000	0.000414	0.00	14640.496
1223.000000	0.000435	0.00	14554.592
1224.000000	0.000410	0.00	14714.128
1225.000000	0.000411	0.00	14787.760
1226.000000	0.000424	0.00	14456.416
1227.000000	0.000418	0.00	14701.856
1228.000000	0.000386	0.00	15057.744
1229.000000	0.000397	0.00	14579.136
1230.000000	0.000403	0.00	14726.400
1231.000000	0.000409	0.00	14738.672
1232.000000	0.000435	0.00	14431.872
1233.000000	0.000400	0.00	14517.776
1234.000000	0.000426	0.00	14247.792
1235.000000	0.000425	0.00	14677.312
1236.000000	0.000381	0.00	15413.632
1237.000000	0.000400	0.00	14824.576
1238.000000	0.000410	0.00	14542.320
1239.000000	0.000406	0.00	14787.760
1240.000000	0.000403	0.00	14947.296
1241.000000	0.000387	0.00	15008.656
1242.000000	0.000396	0.00	14726.400
1243.000000	0.000428	0.00	14223.248
1244.000000	0.000367	0.00	15499.536
1245.000000	0.000411	0.00	14750.944
1246.000000	0.000391	0.00	14701.856
1247.000000	0.000398	0.00	15192.736
1248.000000	0.000397	0.00	14763.216
1249.000000	0.000416	0.00	14689.584
1250.000000	0.000406	0.00	14554.592
1251.000000	0.000406	0.00	14787.760
1252.000000	0.000389	0.00	14971.840
1253.000000	0.000399	0.00	14849.120
1254.000000	0.000410	0.00	14591.408
1255.000000	0.000407	0.00	14861.392
1256.000000	0.000378	0.00	14984.112
1257.000000	0.000375	0.00	15622.256
1258.000000	0.000410	0.00	14726.400
1259.000000	0.000423	0.00	14640.496
1260.000000	0.000395	0.00	14800.032
1261.000000	0.000432	0.00	14063.712
1262.000000	0.000428	0.00	14198.704
1263.000000	0.000402	0.00	15057.744
1264.000000	0.000384	0.00	15168.192
1265.000000	0.000420	0.00	14652.768
1266.000000	0.000408	0.00	14824.576
1267.000000	0.000396	0.00	14665.040
1268.000000	0.000381	0.00	15205.008
1269.000000	0.000394	0.00	15352.272
1270.000000	0.000395	0.00	14701.856
1271.000000	0.000409	0.00	14579.136
1272.000000	0.000434	0.00	14161.888
1273.000000	0.000405	0.00	14480.960
1274.000000	0.000405	0.00	14468.688
1275.000000	0.000420	0.00	14395.056
1276.000000	0.000422	0.00	14382.784
1277.000000	0.000419	0.00	14530.048
1278.000000	0.000401	0.00	14444.144
1279.000000	0.000409	0.00	14419.600
1280.000000	0.000414	0.00	14431.872
1281.000000	0.000415	0.00	14419.600
1282.000000	0.000423	0.00	14566.864
1283.000000	0.000416	0.00	14566.864
1284.000000	0.000393	0.00	15106.832
1285.000000	0.000411	0.00	14726.400
1286.000000	0.000420	0.00	14468.688
1287.000000	0.000390	0.00	14726.400
1288.000000	0.000410	0.00	14480.960
1289.000000	0.000409	0.00	14603.680
1290.000000	0.000425	0.00	14407.328
1291.000000	0.000385	0.00	15045.472
1292.000000	0.000396	0.00	14763.216
1293.000000	0.000416	0.00	14775.488
1294.000000	0.000411	0.00	14800.032
1295.000000	0.000421	0.00	14247.792
1296.000000	0.000397	0.00	14726.400
1297.000000	0.000411	0.00	14750.944
1298.000000	0.000432	0.00	14174.160
1299.000000	0.000391	0.00	14910.480
1300.000000	0.000385	0.00	14873.664
1301.000000	0.000418	0.00	14419.600
1302.000000	0.000423	0.00	14591.408
1303.000000	0.000430	0.00	14272.336
1304.000000	0.000428	0.00	14296.880
1305.000000	0.000388	0.00	14836.848
1306.000000	0.000433	0.00	14480.960
1307.000000	0.000383	0.00	15229.552
1308.000000	0.000408	0.00	14665.040
1309.000000	0.000408	0.00	14701.856
1310.000000	0.000380	0.00	15020.928
1311.000000	0.000403	0.00	14640.496
1312.000000	0.000422	0.00	14382.784
1313.000000	0.000401	0.00	14738.672
1314.000000	0.000396	0.00	14947.296
1315.000000	0.000400	0.00	14836.848
1316.000000	0.000390	0.00	14873.664
1317.000000	0.000431	0.00	14615.952
1318.000000	0.000391	0.00	15057.744
1319.000000	0.000414	0.00	14431.872
1320.000000	0.000403	0.00	14947.296
1321.000000	0.000407	0.00	14812.304
1322.000000	0.000404	0.00	14787.760
1323.000000	0.000393	0.00	14750.944
1324.000000	0.000420	0.00	14885.936
1325.000000	0.000400	0.00	15094.560
1326.000000	0.000406	0.00	14407.328
1327.000000	0.000379	0.00	15033.200
1328.000000	0.000384	0.00	15143.648
1329.000000	0.000394	0.00	14750.944
1330.000000	0.000389	0.00	15033.200
1331.000000	0.000393	0.00	14898.208
1332.000000	0.000426	0.00	13904.176
1333.000000	0.000402	0.00	14971.840
1334.000000	0.000412	0.00	14775.488
1335.000000	0.000408	0.00	15033.200
1336.000000	0.000429	0.00	14689.584
1337.000000	0.000416	0.00	14468.688
1338.000000	0.000384	0.00	15045.472
1339.000000	0.000379	0.00	15180.464
1340.000000	0.000406	0.00	15033.200
1341.000000	0.000419	0.00	14665.040
1342.000000	0.000425	0.00	14493.232
1343.000000	0.000409	0.00	14873.664
1344.000000	0.000394	0.00	14750.944
1345.000000	0.000377	0.00	15266.368
1346.000000	0.000389	0.00	14750.944
1347.000000	0.000416	0.00	14382.784
1348.000000	0.000396	0.00	15119.104
1349.000000	0.000396	0.00	15008.656
1350.000000	0.000412	0.00	14701.856
1351.000000	0.000403	0.00	14689.584
1352.000000	0.000422	0.00	14444.144
1353.000000	0.000418	0.00	14849.120
1354.000000	0.000381	0.00	15303.184
1355.000000	0.000392	0.00	14935.024
1356.000000	0.000427	0.00	14174.160
1357.000000	0.000404	0.00	14885.936
1358.000000	0.000409	0.00	14615.952
1359.000000	0.000400	0.00	14554.592
1360.000000	0.000418	0.00	14554.592
1361.000000	0.000394	0.00	14996.384
1362.000000	0.000429	0.00	14333.696
1363.000000	0.000405	0.00	14640.496
1364.000000	0.000409	0.00	14603.680
1365.000000	0.000395	0.00	14849.120
1366.000000	0.000396	0.00	14935.024
1367.000000	0.000407	0.00	14701.856
1368.000000	0.000415	0.00	14689.584
1369.000000	0.000395	0.00	14885.936
1370.000000	0.000413	0.00	14861.392
1371.000000	0.000397	0.00	14812.304
1372.000000	0.000401	0.00	14787.760
1373.000000	0.000394	0.00	14922.752
1374.000000	0.000392	0.00	14922.752
1375.000000	0.000390	0.00	14959.568
1376.000000	0.000391	0.00	15131.376
1377.000000	0.000410	0.00	14382.784
1378.000000	0.000384	0.00	15278.640
1379.000000	0.000395	0.00	14849.120
1380.000000	0.000389	0.00	14701.856
1381.000000	0.000423	0.00	14530.048
1382.000000	0.000403	0.00	14701.856
1383.000000	0.000405	0.00	14615.952
1384.000000	0.000392	0.00	14812.304
1385.000000	0.000391	0.00	14714.128
1386.000000	0.000395	0.00	14898.208
1387.000000	0.000409	0.00	14726.400
1388.000000	0.000377	0.00	15634.528
1389.000000	0.000399	0.00	14615.952
1390.000000	0.000406	0.00	14530.048
1391.000000	0.000414	0.00	14591.408
1392.000000	0.000422	0.00	14456.416
1393.000000	0.000430	0.00	14149.616
1394.000000	0.000382	0.00	15229.552
1395.000000	0.000399	0.00	14615.952
1396.000000	0.000419	0.00	14665.040
1397.000000	0.000395	0.00	14640.496
1398.000000	0.000383	0.00	14935.024
1399.000000	0.000390	0.00	14910.480
1400.000000	0.000384	0.00	15266.368
1401.000000	0.000385	0.00	15082.288
1402.000000	0.000413	0.00	14272.336
1403.000000	0.000401	0.00	14763.216
1404.000000	0.000420	0.00	14677.312
1405.000000	0.000394	0.00	14836.848
1406.000000	0.000388	0.00	15082.288
1407.000000	0.000407	0.00	14812.304
1408.000000	0.000388	0.00	15082.288
1409.000000	0.000393	0.00	15008.656
1410.000000	0.000400	0.00	14775.488
1411.000000	0.000386	0.00	14898.208
1412.000000	0.000404	0.00	14726.400
1413.000000	0.000421	0.00	14714.128
1414.000000	0.000403	0.00	14701.856
1415.000000	0.000410	0.00	14677.312
1416.000000	0.000405	0.00	14775.488
1417.000000	0.000392	0.00	14873.664
1418.000000	0.000425	0.00	14174.160
1419.000000	0.000396	0.00	14787.760
1420.000000	0.000393	0.00	14738.672
1421.000000	0.000421	0.00	14750.944
1422.000000	0.000385	0.00	14824.576
1423.000000	0.000430	0.00	14014.624
1424.000000	0.000399	0.00	15033.200
1425.000000	0.000409	0.00	14542.320
1426.000000	0.000412	0.00	14812.304
1427.000000	0.000396	0.00	14849.120
1428.000000	0.000391	0.00	14935.024
1429.000000	0.000390	0.00	15070.016
1430.000000	0.000404	0.00	14701.856
1431.000000	0.000412	0.00	14775.488
1432.000000	0.000402	0.00	14775.488
1433.000000	0.000406	0.00	14701.856
1434.000000	0.000412	0.00	14603.680
1435.000000	0.000393	0.00	15303.184
1436.000000	0.000368	0.00	15536.352
1437.000000	0.000415	0.00	14750.944
1438.000000	0.000448	0.00	13953.264
1439.000000	0.000398	0.00	14505.504
1440.000000	0.000374	0.00	15511.808
1441.000000	0.000421	0.00	14260.064
1442.000000	0.000424	0.00	14321.424
1443.000000	0.000389	0.00	14836.848
1444.000000	0.000387	0.00	14984.112
1445.000000	0.000400	0.00	14898.208
1446.000000	0.000410	0.00	14603.680
1447.000000	0.000393	0.00	14812.304
1448.000000	0.000380	0.00	15352.272
1449.000000	0.000385	0.00	15573.168
1450.000000	0.000395	0.00	14935.024
1451.000000	0.000362	0.00	15573.168
1452.000000	0.000388	0.00	14763.216
1453.000000	0.000386	0.00	15205.008
1454.000000	0.000410	0.00	14566.864
1455.000000	0.000401	0.00	14959.568
1456.000000	0.000378	0.00	15070.016
1457.000000	0.000399	0.00	14763.216
1458.000000	0.000424	0.00	14345.968
1459.000000	0.000401	0.00	14849.120
1460.000000	0.000413	0.00	14603.680
1461.000000	0.000396	0.00	14689.584
1462.000000	0.000407	0.00	14603.680
1463.000000	0.000405	0.00	14922.752
1464.000000	0.000411	0.00	14517.776
1465.000000	0.000386	0.00	15082.288
1466.000000	0.000396	0.00	14959.568
1467.000000	0.000424	0.00	14542.320
1468.000000	0.000377	0.00	15094.560
1469.000000	0.000395	0.00	15020.928
1470.000000	0.000445	0.00	14174.160
1471.000000	0.000388	0.00	14836.848
1472.000000	0.000400	0.00	15033.200
1473.000000	0.000406	0.00	14935.024
1474.000000	0.000407	0.00	14935.024
1475.000000	0.000414	0.00	14321.424
1476.000000	0.000402	0.00	15119.104
1477.000000	0.000388	0.00	15229.552
1478.000000	0.000411	0.00	14480.960
1479.000000	0.000393	0.00	15045.472
1480.000000	0.000390	0.00	15266.368
1481.000000	0.000398	0.00	14763.216
1482.000000	0.000375	0.00	15119.104
1483.000000	0.000391	0.00	15106.832
1484.000000	0.000388	0.00	14959.568
1485.000000	0.000390	0.00	14701.856
1486.000000	0.000402	0.00	14701.856
1487.000000	0.000384	0.00	14984.112
1488.000000	0.000425	0.00	14210.976
1489.000000	0.000366	0.00	15609.984
1490.000000	0.000425	0.00	14554.592
1491.000000	0.000375	0.00	15327.728
1492.000000	0.000418	0.00	14505.504
1493.000000	0.000399	0.00	14849.120
1494.000000	0.000398	0.00	14800.032
1495.000000	0.000396	0.00	14566.864
1496.000000	0.000384	0.00	14885.936
1497.000000	0.000394	0.00	15070.016
1498.000000	0.000413	0.00	14628.224
1499.000000	0.000398	0.00	15143.648
1500.000000	0.000386	0.00	14885.936
1501.000000	0.000398	0.00	14922.752
1502.000000	0.000388	0.00	14849.120
1503.000000	0.000405	0.00	14885.936
1504.000000	0.000405	0.00	14665.040
1505.000000	0.000401	0.00	14628.224
1506.000000	0.000407	0.00	14542.320
1507.000000	0.000383	0.00	15155.920
1508.000000	0.000405	0.00	14849.120
1509.000000	0.000388	0.00	15303.184
1510.000000	0.000413	0.00	14652.768
1511.000000	0.000411	0.00	14873.664
1512.000000	0.000396	0.00	15020.928
1513.000000	0.000409	0.00	14530.048
1514.000000	0.000404	0.00	14873.664
1515.000000	0.000430	0.00	14358.240
1516.000000	0.000411	0.00	14726.400
1517.000000	0.000398	0.00	14787.760
1518.000000	0.000423	0.00	14517.776
1519.000000	0.000410	0.00	14615.952
1520.000000	0.000400	0.00	15045.472
1521.000000	0.000386	0.00	14935.024
1522.000000	0.000414	0.00	14493.232
1523.000000	0.000402	0.00	14800.032
1524.000000	0.000430	0.00	14247.792
1525.000000	0.000374	0.00	15376.816
1526.000000	0.000397	0.00	14652.768
1527.000000	0.000388	0.00	15094.560
1528.000000	0.000379	0.00	15217.280
1529.000000	0.000384	0.00	15266.368
1530.000000	0.000407	0.00	14480.960
1531.000000	0.000377	0.00	15241.824
1532.000000	0.000402	0.00	14652.768
1533.000000	0.000403	0.00	14971.840
1534.000000	0.000401	0.00	14480.960
1535.000000	0.000407	0.00	14714.128
1536.000000	0.000391	0.00	14885.936
1537.000000	0.000403	0.00	14726.400
1538.000000	0.000384	0.00	14959.568
1539.000000	0.000404	0.00	14800.032
1540.000000	0.000408	0.00	14665.040
1541.000000	0.000398	0.00	14885.936
1542.000000	0.000417	0.00	14493.232
1543.000000	0.000393	0.00	14836.848
1544.000000	0.000415	0.00	14603.680
1545.000000	0.000423	0.00	14468.688
1546.000000	0.000395	0.00	14615.952
1547.000000	0.000381	0.00	14873.664
1548.000000	0.000436	0.00	14149.616
1549.000000	0.000404	0.00	15033.200
1550.000000	0.000393	0.00	14775.488
1551.000000	0.000388	0.00	15070.016
1552.000000	0.000439	0.00	14039.168
1553.000000	0.000432	0.00	14321.424
1554.000000	0.000391	0.00	14812.304
1555.000000	0.000427	0.00	14260.064
1556.000000	0.000381	0.00	15180.464
1557.000000	0.000423	0.00	14431.872
1558.000000	0.000416	0.00	14480.960
1559.000000	0.000385	0.00	14996.384
1560.000000	0.000417	0.00	14566.864
1561.000000	0.000415	0.00	14480.960
1562.000000	0.000414	0.00	14345.968
1563.000000	0.000407	0.00	14836.848
1564.000000	0.000406	0.00	14615.952
1565.000000	0.000404	0.00	14665.040
1566.000000	0.000390	0.00	14824.576
1567.000000	0.000402	0.00	14677.312
1568.000000	0.000423	0.00	14247.792
1569.000000	0.000390	0.00	14910.480
1570.000000	0.000400	0.00	14628.224
1571.000000	0.000382	0.00	15168.192
1572.000000	0.000394	0.00	15217.280
1573.000000	0.000407	0.00	14431.872
1574.000000	0.000413	0.00	14517.776
1575.000000	0.000422	0.00	14407.328
1576.000000	0.000409	0.00	14738.672
1577.000000	0.000400	0.00	14763.216
1578.000000	0.000420	0.00	14615.952
1579.000000	0.000420	0.00	14677.312
1580.000000	0.000393	0.00	14824.576
1581.000000	0.000392	0.00	14775.488
1582.000000	0.000396	0.00	14971.840
1583.000000	0.000420	0.00	14603.680
1584.000000	0.000405	0.00	14787.760
1585.000000	0.000402	0.00	14910.480
1586.000000	0.000393	0.00	14971.840
1587.000000	0.000408	0.00	14910.480
1588.000000	0.000404	0.00	14750.944
1589.000000	0.000389	0.00	14738.672
1590.000000	0.000382	0.00	15094.560
1591.000000	0.000399	0.00	14861.392
1592.000000	0.000409	0.00	14849.120
1593.000000	0.000437	0.00	14075.984
1594.000000	0.000381	0.00	14984.112
1595.000000	0.000411	0.00	14419.600
1596.000000	0.000414	0.00	14763.216
1597.000000	0.000409	0.00	14763.216
1598.000000	0.000407	0.00	14812.304
1599.000000	0.000398	0.00	14873.664
1600.000000	0.000404	0.00	14665.040
1601.000000	0.000430	0.00	14468.688
1602.000000	0.000413	0.00	14579.136
1603.000000	0.000428	0.00	14198.704
1604.000000	0.000426	0.00	14345.968
1605.000000	0.000402	0.00	14750.944
1606.000000	0.000379	0.00	15425.904
1607.000000	0.000407	0.00	14824.576
1608.000000	0.000413	0.00	14885.936
1609.000000	0.000408	0.00	14935.024
1610.000000	0.000408	0.00	14738.672
1611.000000	0.000388	0.00	14714.128
1612.000000	0.000416	0.00	14812.304
1613.000000	0.000409	0.00	14456.416
1614.000000	0.000408	0.00	14530.048
1615.000000	0.000436	0.00	14198.704
1616.000000	0.000433	0.00	14186.432
1617.000000	0.000390	0.00	14763.216
1618.000000	0.000393	0.00	14971.840
1619.000000	0.000396	0.00	14849.120
1620.000000	0.000405	0.00	14628.224
1621.000000	0.000388	0.00	15070.016
1622.000000	0.000417	0.00	14419.600
1623.000000	0.000402	0.00	14689.584
1624.000000	0.000434	0.00	14186.432
1625.000000	0.000409	0.00	14530.048
1626.000000	0.000396	0.00	14935.024
1627.000000	0.000399	0.00	14935.024
1628.000000	0.000394	0.00	14971.840
1629.000000	0.000396	0.00	15082.288
1630.000000	0.000401	0.00	14775.488
1631.000000	0.000418	0.00	14665.040
1632.000000	0.000399	0.00	14677.312
1633.000000	0.000397	0.00	14787.760
1634.000000	0.000400	0.00	14800.032
1635.000000	0.000450	0.00	14051.440
1636.000000	0.000413	0.00	14468.688
1637.000000	0.000438	0.00	14149.616
1638.000000	0.000362	0.00	15720.432
1639.000000	0.000404	0.00	14775.488
1640.000000	0.000408	0.00	14468.688
1641.000000	0.000386	0.00	15119.104
1642.000000	0.000410	0.00	14824.576
1643.000000	0.000403	0.00	14591.408
1644.000000	0.000414	0.00	14223.248
1645.000000	0.000428	0.00	14480.960
1646.000000	0.000447	0.00	14382.784
1647.000000	0.000401	0.00	14456.416
1648.000000	0.000410	0.00	14689.584
1649.000000	0.000409	0.00	14517.776
1650.000000	0.000380	0.00	15155.920
1651.000000	0.000402	0.00	14701.856
1652.000000	0.000411	0.00	14468.688
1653.000000	0.000426	0.00	14701.856
1654.000000	0.000387	0.00	14898.208
1655.000000	0.000381	0.00	15241.824
1656.000000	0.000388	0.00	15094.560
1657.000000	0.000422	0.00	14689.584
1658.000000	0.000416	0.00	14591.408
1659.000000	0.000400	0.00	14603.680
1660.000000	0.000406	0.00	14689.584
1661.000000	0.000430	0.00	14480.960
1662.000000	0.000397	0.00	15094.560
1663.000000	0.000413	0.00	14345.968
1664.000000	0.000413	0.00	14885.936
1665.000000	0.000399	0.00	15057.744
1666.000000	0.000430	0.00	14407.328
1667.000000	0.000385	0.00	15057.744
1668.000000	0.000385	0.00	14849.120
1669.000000	0.000423	0.00	14444.144
1670.000000	0.000400	0.00	14775.488
1671.000000	0.000408	0.00	14750.944
1672.000000	0.000383	0.00	14984.112
1673.000000	0.000362	0.00	15413.632
1674.000000	0.000418	0.00	14517.776
1675.000000	0.000406	0.00	15045.472
1676.000000	0.000382	0.00	15033.200
1677.000000	0.000414	0.00	14579.136
1678.000000	0.000417	0.00	14530.048
1679.000000	0.000425	0.00	14210.976
1680.000000	0.000403	0.00	14652.768
1681.000000	0.000415	0.00	14640.496
1682.000000	0.000432	0.00	14186.432
1683.000000	0.000395	0.00	14836.848
1684.000000	0.000412	0.00	14689.584
1685.000000	0.000437	0.00	14284.608
1686.000000	0.000385	0.00	14885.936
1687.000000	0.000391	0.00	15033.200
1688.000000	0.000406	0.00	14505.504
1689.000000	0.000402	0.00	14787.760
1690.000000	0.000389	0.00	15106.832
1691.000000	0.000403	0.00	14971.840
1692.000000	0.000396	0.00	15057.744
1693.000000	0.000397	0.00	14640.496
1694.000000	0.000390	0.00	15205.008
1695.000000	0.000397	0.00	14873.664
1696.000000	0.000412	0.00	14665.040
1697.000000	0.000415	0.00	14750.944
1698.000000	0.000394	0.00	15131.376
1699.000000	0.000408	0.00	14922.752
1700.000000	0.000408	0.00	14885.936
1701.000000	0.000388	0.00	14910.480
1702.000000	0.000394	0.00	15045.472
1703.000000	0.000395	0.00	15119.104
1704.000000	0.000401	0.00	14579.136
1705.000000	0.000409	0.00	14665.040
1706.000000	0.000410	0.00	14726.400
1707.000000	0.000397	0.00	14530.048
1708.000000	0.000413	0.00	14493.232
1709.000000	0.000407	0.00	15070.016
1710.000000	0.000381	0.00	15254.096
1711.000000	0.000406	0.00	14505.504
1712.000000	0.000403	0.00	14922.752
1713.000000	0.000401	0.00	14714.128
1714.000000	0.000406	0.00	14714.128
1715.000000	0.000400	0.00	14615.952
1716.000000	0.000381	0.00	15082.288
1717.000000	0.000403	0.00	14517.776
1718.000000	0.000410	0.00	14419.600
1719.000000	0.000411	0.00	14493.232
1720.000000	0.000412	0.00	14272.336
1721.000000	0.000410	0.00	14579.136
1722.000000	0.000380	0.00	15155.920
1723.000000	0.000408	0.00	14800.032
1724.000000	0.000379	0.00	15352.272
1725.000000	0.000380	0.00	14996.384
1726.000000	0.000386	0.00	14947.296
1727.000000	0.000407	0.00	14959.568
1728.000000	0.000399	0.00	14542.320
1729.000000	0.000387	0.00	14824.576
1730.000000	0.000395	0.00	14898.208
1731.000000	0.000385	0.00	14579.136
1732.000000	0.000399	0.00	14517.776
1733.000000	0.000403	0.00	15241.824
1734.000000	0.000408	0.00	14480.960
1735.000000	0.000401	0.00	14628.224
1736.000000	0.000398	0.00	14898.208
1737.000000	0.000434	0.00	14370.512
1738.000000	0.000389	0.00	14689.584
1739.000000	0.000413	0.00	14517.776
1740.000000	0.000400	0.00	14701.856
1741.000000	0.000429	0.00	14272.336
1742.000000	0.000401	0.00	14677.312
1743.000000	0.000373	0.00	15352.272
1744.000000	0.000405	0.00	14701.856
1745.000000	0.000402	0.00	14652.768
1746.000000	0.000401	0.00	14812.304
1747.000000	0.000394	0.00	15192.736
1748.000000	0.000412	0.00	14849.120
1749.000000	0.000402	0.00	14824.576
1750.000000	0.000427	0.00	14542.320
1751.000000	0.000369	0.00	15168.192
1752.000000	0.000377	0.00	15254.096
1753.000000	0.000423	0.00	14775.488
1754.000000	0.000410	0.00	14370.512
1755.000000	0.000420	0.00	14480.960
1756.000000	0.000416	0.00	14689.584
1757.000000	0.000388	0.00	15192.736
1758.000000	0.000411	0.00	14542.320
1759.000000	0.000419	0.00	14628.224
1760.000000	0.000404	0.00	14775.488
1761.000000	0.000387	0.00	14910.480
1762.000000	0.000404	0.00	14947.296
1763.000000	0.000391	0.00	14922.752
1764.000000	0.000395	0.00	14775.488
1765.000000	0.000393	0.00	14738.672
1766.000000	0.000420	0.00	14444.144
1767.000000	0.000412	0.00	14235.520
1768.000000	0.000382	0.00	14922.752
1769.000000	0.000409	0.00	14431.872
1770.000000	0.000390	0.00	15057.744
1771.000000	0.000383	0.00	15131.376
1772.000000	0.000400	0.00	14824.576
1773.000000	0.000431	0.00	14137.344
1774.000000	0.000381	0.00	14812.304
1775.000000	0.000429	0.00	14493.232
1776.000000	0.000402	0.00	14652.768
1777.000000	0.000398	0.00	14603.680
1778.000000	0.000393	0.00	14812.304
1779.000000	0.000413	0.00	14763.216
1780.000000	0.000404	0.00	14615.952
1781.000000	0.000440	0.00	13891.904
1782.000000	0.000393	0.00	14898.208
1783.000000	0.000425	0.00	14395.056
1784.000000	0.000403	0.00	14836.848
1785.000000	0.000423	0.00	14566.864
1786.000000	0.000399	0.00	14873.664
1787.000000	0.000395	0.00	14873.664
1788.000000	0.000410	0.00	14407.328
1789.000000	0.000440	0.00	14002.352
1790.000000	0.000399	0.00	14996.384
1791.000000	0.000417	0.00	14824.576
1792.000000	0.000390	0.00	14530.048
1793.000000	0.000405	0.00	14787.760
1794.000000	0.000396	0.00	14873.664
1795.000000	0.000390	0.00	14922.752
1796.000000	0.000407	0.00	14836.848
1797.000000	0.000395	0.00	14922.752
1798.000000	0.000389	0.00	15290.912
1799.000000	0.000407	0.00	14701.856
1800.000000	0.000402	0.00	14824.576
1801.000000	0.000407	0.00	14309.152
1802.000000	0.000406	0.00	14554.592
1803.000000	0.000416	0.00	14407.328
1804.000000	0.000398	0.00	14800.032
1805.000000	0.000404	0.00	14750.944
1806.000000	0.000404	0.00	14665.040
1807.000000	0.000420	0.00	14566.864
1808.000000	0.000406	0.00	14640.496
1809.000000	0.000395	0.00	14579.136
1810.000000	0.000408	0.00	14431.872
1811.000000	0.000390	0.00	14530.048
1812.000000	0.000406	0.00	14591.408
1813.000000	0.000431	0.00	14358.240
1814.000000	0.000403	0.00	14959.568
1815.000000	0.000386	0.00	14800.032
1816.000000	0.000396	0.00	14812.304
1817.000000	0.000410	0.00	14652.768
1818.000000	0.000390	0.00	14885.936
1819.000000	0.000410	0.00	14591.408
1820.000000	0.000402	0.00	14677.312
1821.000000	0.000401	0.00	14935.024
1822.000000	0.000411	0.00	14775.488
1823.000000	0.000417	0.00	14407.328
1824.000000	0.000392	0.00	14603.680
1825.000000	0.000414	0.00	14812.304
1826.000000	0.000409	0.00	14861.392
1827.000000	0.000401	0.00	14836.848
1828.000000	0.000374	0.00	15536.352
1829.000000	0.000425	0.00	14591.408
1830.000000	0.000405	0.00	14812.304
1831.000000	0.000435	0.00	14309.152
1832.000000	0.000405	0.00	14910.480
1833.000000	0.000375	0.00	15131.376
1834.000000	0.000398	0.00	14885.936
1835.000000	0.000413	0.00	14824.576
1836.000000	0.000381	0.00	14959.568
1837.000000	0.000379	0.00	15045.472
1838.000000	0.000399	0.00	14763.216
1839.000000	0.000401	0.00	14861.392
1840.000000	0.000409	0.00	14640.496
1841.000000	0.000422	0.00	14517.776
1842.000000	0.000407	0.00	14542.320
1843.000000	0.000385	0.00	14849.120
1844.000000	0.000407	0.00	14689.584
1845.000000	0.000397	0.00	14849.120
1846.000000	0.000427	0.00	14444.144
1847.000000	0.000410	0.00	14750.944
1848.000000	0.000420	0.00	14407.328
1849.000000	0.000402	0.00	14726.400
1850.000000	0.000421	0.00	14493.232
1851.000000	0.000423	0.00	14468.688
1852.000000	0.000396	0.00	14971.840
1853.000000	0.000421	0.00	14480.960
1854.000000	0.000420	0.00	14689.584
1855.000000	0.000402	0.00	14628.224
1856.000000	0.000380	0.00	15180.464
1857.000000	0.000408	0.00	14714.128
1858.000000	0.000386	0.00	14861.392
1859.000000	0.000393	0.00	14898.208
1860.000000	0.000405	0.00	14750.944
1861.000000	0.000394	0.00	14665.040
1862.000000	0.000391	0.00	15106.832
1863.000000	0.000414	0.00	14542.320
1864.000000	0.000436	0.00	14358.240
1865.000000	0.000397	0.00	14714.128
1866.000000	0.000400	0.00	14800.032
1867.000000	0.000394	0.00	14984.112
1868.000000	0.000412	0.00	14689.584
1869.000000	0.000409	0.00	14738.672
1870.000000	0.000401	0.00	14971.840
1871.000000	0.000405	0.00	14800.032
1872.000000	0.000396	0.00	14885.936
1873.000000	0.000416	0.00	14395.056
1874.000000	0.000439	0.00	14014.624
1875.000000	0.000394	0.00	15425.904
1876.000000	0.000403	0.00	14615.952
1877.000000	0.000410	0.00	14628.224
1878.000000	0.000411	0.00	14701.856
1879.000000	0.000391	0.00	14910.480
1880.000000	0.000384	0.00	15082.288
1881.000000	0.000393	0.00	14959.568
1882.000000	0.000412	0.00	14370.512
1883.000000	0.000406	0.00	14652.768
1884.000000	0.000394	0.00	14836.848
1885.000000	0.000407	0.00	14689.584
1886.000000	0.000418	0.00	14370.512
1887.000000	0.000404	0.00	14701.856
1888.000000	0.000398	0.00	14689.584
1889.000000	0.000395	0.00	14971.840
1890.000000	0.000401	0.00	14296.880
1891.000000	0.000428	0.00	14321.424
1892.000000	0.000394	0.00	14750.944
1893.000000	0.000417	0.00	14382.784
1894.000000	0.000393	0.00	14971.840
1895.000000	0.000396	0.00	14873.664
1896.000000	0.000411	0.00	14763.216
1897.000000	0.000405	0.00	14677.312
1898.000000	0.000437	0.00	14100.528
1899.000000	0.000392	0.00	14750.944
1900.000000	0.000384	0.00	15119.104
1901.000000	0.000389	0.00	14873.664
1902.000000	0.000425	0.00	14382.784
1903.000000	0.000374	0.00	15143.648
1904.000000	0.000411	0.00	14566.864
1905.000000	0.000401	0.00	14701.856
1906.000000	0.000433	0.00	14210.976
1907.000000	0.000396	0.00	14959.568
1908.000000	0.000394	0.00	14898.208
1909.000000	0.000392	0.00	15131.376
1910.000000	0.000414	0.00	14468.688
1911.000000	0.000403	0.00	14763.216
1912.000000	0.000418	0.00	14431.872
1913.000000	0.000423	0.00	14161.888
1914.000000	0.000396	0.00	14750.944
1915.000000	0.000402	0.00	14603.680
1916.000000	0.000411	0.00	14665.040
1917.000000	0.000400	0.00	14836.848
1918.000000	0.000405	0.00	14640.496
1919.000000	0.000355	0.00	15732.704
1920.000000	0.000414	0.00	14456.416
1921.000000	0.000382	0.00	15278.640
1922.000000	0.000383	0.00	14971.840
1923.000000	0.000410	0.00	14444.144
1924.000000	0.000385	0.00	15070.016
1925.000000	0.000427	0.00	14125.072
1926.000000	0.000401	0.00	14824.576
1927.000000	0.000393	0.00	14971.840
1928.000000	0.000400	0.00	14615.952
1929.000000	0.000399	0.00	14898.208
1930.000000	0.000394	0.00	14996.384
1931.000000	0.000398	0.00	14738.672
1932.000000	0.000390	0.00	14763.216
1933.000000	0.000385	0.00	14984.112
1934.000000	0.000399	0.00	14910.480
1935.000000	0.000413	0.00	14701.856
1936.000000	0.000423	0.00	14333.696
1937.000000	0.000406	0.00	14984.112
1938.000000	0.000408	0.00	14579.136
1939.000000	0.000391	0.00	15082.288
1940.000000	0.000427	0.00	14517.776
1941.000000	0.000419	0.00	14714.128
1942.000000	0.000395	0.00	14971.840
1943.000000	0.000411	0.00	14738.672
1944.000000	0.000425	0.00	14444.144
1945.000000	0.000424	0.00	14223.248
1946.000000	0.000419	0.00	14309.152
1947.000000	0.000411	0.00	14395.056
1948.000000	0.000405	0.00	14714.128
1949.000000	0.000418	0.00	14345.968
1950.000000	0.000408	0.00	14652.768
1951.000000	0.000394	0.00	15119.104
1952.000000	0.000402	0.00	14468.688
1953.000000	0.000398	0.00	14812.304
1954.000000	0.000419	0.00	14628.224
1955.000000	0.000390	0.00	15143.648
1956.000000	0.000419	0.00	14431.872
1957.000000	0.000389	0.00	14996.384
1958.000000	0.000391	0.00	14984.112
1959.000000	0.000406	0.00	14640.496
1960.000000	0.000393	0.00	15168.192
1961.000000	0.000448	0.00	14014.624
1962.000000	0.000425	0.00	14431.872
1963.000000	0.000378	0.00	15155.920
1964.000000	0.000405	0.00	14885.936
1965.000000	0.000415	0.00	14714.128
1966.000000	0.000393	0.00	14579.136
1967.000000	0.000408	0.00	14554.592
1968.000000	0.000365	0.00	15327.728
1969.000000	0.000399	0.00	15303.184
1970.000000	0.000414	0.00	14726.400
1971.000000	0.000380	0.00	15045.472
1972.000000	0.000392	0.00	15217.280
1973.000000	0.000405	0.00	14689.584
1974.000000	0.000408	0.00	14714.128
1975.000000	0.000384	0.00	15168.192
1976.000000	0.000387	0.00	14763.216
1977.000000	0.000422	0.00	14689.584
1978.000000	0.000441	0.00	14039.168
1979.000000	0.000410	0.00	14554.592
1980.000000	0.000408	0.00	14935.024
1981.000000	0.000404	0.00	14726.400
1982.000000	0.000425	0.00	14505.504
1983.000000	0.000422	0.00	14174.160
1984.000000	0.000428	0.00	14652.768
1985.000000	0.000380	0.00	15217.280
1986.000000	0.000402	0.00	15205.008
1987.000000	0.000380	0.00	15266.368
1988.000000	0.000411	0.00	14321.424
1989.000000	0.000403	0.00	14665.040
1990.000000	0.000400	0.00	15033.200
1991.000000	0.000402	0.00	14922.752
1992.000000	0.000405	0.00	14738.672
1993.000000	0.000411	0.00	14738.672
1994.000000	0.000412	0.00	14554.592
1995.000000	0.000412	0.00	14677.312
1996.000000	0.000397	0.00	14849.120
1997.000000	0.000418	0.00	14566.864
1998.000000	0.000421	0.00	14321.424
1999.000000	0.000397	0.00	14885.936
2000.000000	0.000405	0.00	14591.408
2001.000000	0.000419	0.00	14309.152
2002.000000	0.000380	0.00	15646.800
2003.000000	0.000394	0.00	14836.848
2004.000000	0.000394	0.00	14812.304
2005.000000	0.000412	0.00	14517.776
2006.000000	0.000395	0.00	14615.952
2007.000000	0.000384	0.00	15155.920
2008.000000	0.000396	0.00	14738.672
2009.000000	0.000409	0.00	14382.784
2010.000000	0.000400	0.00	14714.128
2011.000000	0.000423	0.00	14235.520
2012.000000	0.000436	0.00	14566.864
2013.000000	0.000398	0.00	14836.848
2014.000000	0.000394	0.00	15057.744
2015.000000	0.000410	0.00	14677.312
2016.000000	0.000395	0.00	14787.760
2017.000000	0.000408	0.00	14456.416
2018.000000	0.000383	0.00	15033.200
2019.000000	0.000403	0.00	14947.296
2020.000000	0.000392	0.00	14382.784
2021.000000	0.000404	0.00	14419.600
2022.000000	0.000407	0.00	14566.864
2023.000000	0.000422	0.00	14726.400
2024.000000	0.000403	0.00	14542.320
2025.000000	0.000417	0.00	14493.232
2026.000000	0.000393	0.00	14836.848
2027.000000	0.000404	0.00	14750.944
2028.000000	0.000403	0.00	14898.208
2029.000000	0.000395	0.00	14640.496
2030.000000	0.000393	0.00	15045.472
2031.000000	0.000408	0.00	14885.936
2032.000000	0.000408	0.00	14603.680
2033.000000	0.000404	0.00	14873.664
2034.000000	0.000407	0.00	14309.152
2035.000000	0.000383	0.00	15106.832
2036.000000	0.000389	0.00	14738.672
2037.000000	0.000393	0.00	14935.024
2038.000000	0.000443	0.00	14186.432
2039.000000	0.000408	0.00	14554.592
2040.000000	0.000427	0.00	14456.416
2041.000000	0.000407	0.00	14836.848
2042.000000	0.000403	0.00	14824.576
2043.000000	0.000420	0.00	14444.144
2044.000000	0.000409	0.00	14640.496
2045.000000	0.000393	0.00	14579.136
2046.000000	0.000403	0.00	14665.040
2047.000000	0.000388	0.00	14996.384
2048.000000	0.000419	0.00	14628.224
2049.000000	0.000392	0.00	15033.200
2050.000000	0.000375	0.00	15364.544
2051.000000	0.000489	0.00	13462.384
2052.000000	0.000397	0.00	14947.296
2053.000000	0.000430	0.00	14407.328
2054.000000	0.000422	0.00	14554.592
2055.000000	0.000433	0.00	13940.992
2056.000000	0.000401	0.00	14677.312
2057.000000	0.000389	0.00	14971.840
2058.000000	0.000408	0.00	14738.672
2059.000000	0.000395	0.00	14738.672
2060.000000	0.000393	0.00	14849.120
2061.000000	0.000409	0.00	14861.392
2062.000000	0.000398	0.00	15106.832
2063.000000	0.000381	0.00	15045.472
2064.000000	0.000419	0.00	14652.768
2065.000000	0.000401	0.00	15033.200
2066.000000	0.000414	0.00	14333.696
2067.000000	0.000374	0.00	14910.480
2068.000000	0.000404	0.00	14861.392
2069.000000	0.000399	0.00	14959.568
2070.000000	0.000393	0.00	14689.584
2071.000000	0.000408	0.00	14493.232
2072.000000	0.000408	0.00	14689.584
2073.000000	0.000398	0.00	14628.224
2074.000000	0.000398	0.00	14603.680
2075.000000	0.000409	0.00	14566.864
2076.000000	0.000418	0.00	14456.416
2077.000000	0.000438	0.00	13940.992
2078.000000	0.000408	0.00	14849.120
2079.000000	0.000385	0.00	15057.744
2080.000000	0.000412	0.00	14579.136
2081.000000	0.000396	0.00	14922.752
2082.000000	0.000398	0.00	14800.032
2083.000000	0.000389	0.00	15119.104
2084.000000	0.000432	0.00	14284.608
2085.000000	0.000426	0.00	14149.616
2086.000000	0.000396	0.00	14787.760
2087.000000	0.000391	0.00	14984.112
2088.000000	0.000415	0.00	14628.224
2089.000000	0.000411	0.00	14542.320
2090.000000	0.000414	0.00	14431.872
2091.000000	0.000405	0.00	14640.496
2092.000000	0.000410	0.00	14530.048
2093.000000	0.000413	0.00	14812.304
2094.000000	0.000416	0.00	14910.480
2095.000000	0.000393	0.00	15094.560
2096.000000	0.000374	0.00	15094.560
2097.000000	0.000413	0.00	14505.504
2098.000000	0.000408	0.00	14480.960
2099.000000	0.000406	0.00	14750.944
2100.000000	0.000398	0.00	14959.568
2101.000000	0.000399	0.00	14800.032
2102.000000	0.000404	0.00	14603.680
2103.000000	0.000411	0.00	14542.320
2104.000000	0.000410	0.00	14505.504
2105.000000	0.000398	0.00	14885.936
2106.000000	0.000405	0.00	14701.856
2107.000000	0.000396	0.00	14947.296
2108.000000	0.000398	0.00	14824.576
2109.000000	0.000407	0.00	14726.400
2110.000000	0.000418	0.00	14505.504
2111.000000	0.000424	0.00	14235.520
2112.000000	0.000408	0.00	14468.688
2113.000000	0.000391	0.00	15070.016
2114.000000	0.000404	0.00	14898.208
2115.000000	0.000402	0.00	14591.408
2116.000000	0.000373	0.00	15585.440
2117.000000	0.000427	0.00	14480.960
2118.000000	0.000394	0.00	14898.208
2119.000000	0.000407	0.00	14750.944
2120.000000	0.000462	0.00	13806.000
2121.000000	0.000409	0.00	14517.776
2122.000000	0.000402	0.00	14971.840
2123.000000	0.000418	0.00	14738.672
2124.000000	0.000401	0.00	14849.120
2125.000000	0.000415	0.00	14260.064
2126.000000	0.000415	0.00	14701.856
2127.000000	0.000406	0.00	14763.216
2128.000000	0.000385	0.00	15229.552
2129.000000	0.000413	0.00	14591.408
2130.000000	0.000430	0.00	14419.600
2131.000000	0.000382	0.00	14861.392
2132.000000	0.000412	0.00	14591.408
2133.000000	0.000409	0.00	14763.216
2134.000000	0.000411	0.00	14554.592
2135.000000	0.000405	0.00	14836.848
2136.000000	0.000384	0.00	14861.392
2137.000000	0.000396	0.00	14910.480
2138.000000	0.000409	0.00	14726.400
2139.000000	0.000419	0.00	14272.336
2140.000000	0.000383	0.00	14959.568
2141.000000	0.000403	0.00	14689.584
2142.000000	0.000448	0.00	13940.992
2143.000000	0.000402	0.00	14480.960
2144.000000	0.000387	0.00	14959.568
2145.000000	0.000382	0.00	15413.632
2146.000000	0.000396	0.00	14763.216
2147.000000	0.000398	0.00	14677.312
2148.000000	0.000397	0.00	14787.760
2149.000000	0.000415	0.00	14554.592
2150.000000	0.000405	0.00	14800.032
2151.000000	0.000429	0.00	14382.784
2152.000000	0.000437	0.00	14075.984
2153.000000	0.000371	0.00	15438.176
2154.000000	0.000406	0.00	14750.944
2155.000000	0.000420	0.00	14309.152
2156.000000	0.000403	0.00	15131.376
2157.000000	0.000404	0.00	14971.840
2158.000000	0.000391	0.00	14947.296
2159.000000	0.000403	0.00	14468.688
2160.000000	0.000395	0.00	14947.296
2161.000000	0.000403	0.00	14885.936
2162.000000	0.000399	0.00	14714.128
2163.000000	0.000372	0.00	15290.912
2164.000000	0.000387	0.00	15205.008
2165.000000	0.000405	0.00	14714.128
2166.000000	0.000398	0.00	14898.208
2167.000000	0.000431	0.00	14530.048
2168.000000	0.000419	0.00	14701.856
2169.000000	0.000403	0.00	14579.136
2170.000000	0.000403	0.00	14382.784
2171.000000	0.000438	0.00	14198.704
2172.000000	0.000417	0.00	14554.592
2173.000000	0.000399	0.00	14579.136
2174.000000	0.000434	0.00	14174.160
2175.000000	0.000386	0.00	15057.744
2176.000000	0.000424	0.00	14260.064
2177.000000	0.000421	0.00	14419.600
2178.000000	0.000387	0.00	14824.576
2179.000000	0.000369	0.00	15413.632
2180.000000	0.000385	0.00	15254.096
2181.000000	0.000411	0.00	14701.856
2182.000000	0.000375	0.00	15352.272
2183.000000	0.000394	0.00	14959.568
2184.000000	0.000409	0.00	14885.936
2185.000000	0.000382	0.00	14910.480
2186.000000	0.000395	0.00	15057.744
2187.000000	0.000423	0.00	14431.872
2188.000000	0.000415	0.00	14370.512
2189.000000	0.000389	0.00	14898.208
2190.000000	0.000416	0.00	14419.600
2191.000000	0.000410	0.00	14959.568
2192.000000	0.000390	0.00	15119.104
2193.000000	0.000408	0.00	14726.400
2194.000000	0.000401	0.00	14628.224
2195.000000	0.000374	0.00	15070.016
2196.000000	0.000384	0.00	15192.736
2197.000000	0.000402	0.00	14836.848
2198.000000	0.000406	0.00	14836.848
2199.000000	0.000382	0.00	15425.904
2200.000000	0.000404	0.00	14677.312
2201.000000	0.000403	0.00	14898.208
2202.000000	0.000390	0.00	14787.760
2203.000000	0.000393	0.00	14615.952
2204.000000	0.000453	0.00	13891.904
2205.000000	0.000418	0.00	14566.864
2206.000000	0.000414	0.00	14530.048
2207.000000	0.000426	0.00	14579.136
2208.000000	0.000401	0.00	14235.520
2209.000000	0.000372	0.00	15389.088
2210.000000	0.000410	0.00	14738.672
2211.000000	0.000401	0.00	14836.848
2212.000000	0.000466	0.00	13990.080
2213.000000	0.000404	0.00	14579.136
2214.000000	0.000406	0.00	14984.112
2215.000000	0.000411	0.00	14935.024
2216.000000	0.000442	0.00	14088.256
2217.000000	0.000397	0.00	15057.744
2218.000000	0.000387	0.00	14885.936
2219.000000	0.000415	0.00	14419.600
2220.000000	0.000387	0.00	14922.752
2221.000000	0.000401	0.00	14480.960
2222.000000	0.000434	0.00	13990.080
2223.000000	0.000402	0.00	14750.944
2224.000000	0.000403	0.00	14800.032
2225.000000	0.000438	0.00	14309.152
2226.000000	0.000406	0.00	14824.576
2227.000000	0.000410	0.00	14615.952
2228.000000	0.000421	0.00	14468.688
2229.000000	0.000417	0.00	14738.672
2230.000000	0.000407	0.00	14468.688
2231.000000	0.000388	0.00	14591.408
2232.000000	0.000406	0.00	15008.656
2233.000000	0.000403	0.00	14591.408
2234.000000	0.000406	0.00	14554.592
2235.000000	0.000406	0.00	14591.408
2236.000000	0.000388	0.00	15106.832
2237.000000	0.000399	0.00	14566.864
2238.000000	0.000402	0.00	14763.216
2239.000000	0.000393	0.00	15020.928
2240.000000	0.000395	0.00	14775.488
2241.000000	0.000384	0.00	15474.992
2242.000000	0.000405	0.00	14775.488
2243.000000	0.000400	0.00	14800.032
2244.000000	0.000410	0.00	14554.592
2245.000000	0.000391	0.00	14775.488
2246.000000	0.000413	0.00	14284.608
2247.000000	0.000447	0.00	14296.880
2248.000000	0.000400	0.00	14530.048
2249.000000	0.000397	0.00	15033.200
2250.000000	0.000401	0.00	14468.688
2251.000000	0.000400	0.00	15106.832
2252.000000	0.000376	0.00	15487.264
2253.000000	0.000403	0.00	14714.128
2254.000000	0.000379	0.00	15045.472
2255.000000	0.000408	0.00	14763.216
2256.000000	0.000418	0.00	14493.232
2257.000000	0.000411	0.00	14750.944
2258.000000	0.000400	0.00	14628.224
2259.000000	0.000401	0.00	14554.592
2260.000000	0.000423	0.00	14431.872
2261.000000	0.000417	0.00	14321.424
2262.000000	0.000406	0.00	14935.024
2263.000000	0.000407	0.00	14824.576
2264.000000	0.000406	0.00	14665.040
2265.000000	0.000421	0.00	14652.768
2266.000000	0.000417	0.00	14628.224
2267.000000	0.000373	0.00	15634.528
2268.000000	0.000388	0.00	15143.648
2269.000000	0.000403	0.00	14861.392
2270.000000	0.000400	0.00	14800.032
2271.000000	0.000405	0.00	14959.568
2272.000000	0.000382	0.00	15192.736
2273.000000	0.000401	0.00	15008.656
2274.000000	0.000384	0.00	14984.112
2275.000000	0.000426	0.00	14345.968
2276.000000	0.000400	0.00	14971.840
2277.000000	0.000409	0.00	15155.920
2278.000000	0.000388	0.00	15106.832
2279.000000	0.000401	0.00	15020.928
2280.000000	0.000411	0.00	14615.952
2281.000000	0.000420	0.00	14542.320
2282.000000	0.000420	0.00	14505.504
2283.000000	0.000433	0.00	14125.072
2284.000000	0.000370	0.00	15266.368
2285.000000	0.000415	0.00	14493.232
2286.000000	0.000385	0.00	15205.008
2287.000000	0.000402	0.00	14714.128
2288.000000	0.000421	0.00	14174.160
2289.000000	0.000407	0.00	14836.848
2290.000000	0.000405	0.00	14800.032
2291.000000	0.000409	0.00	14358.240
2292.000000	0.000403	0.00	14615.952
2293.000000	0.000387	0.00	14922.752
2294.000000	0.000399	0.00	14873.664
2295.000000	0.000409	0.00	14861.392
2296.000000	0.000398	0.00	14996.384
2297.000000	0.000409	0.00	14714.128
2298.000000	0.000417	0.00	14456.416
2299.000000	0.000413	0.00	14775.488
2300.000000	0.000412	0.00	14689.584
2301.000000	0.000394	0.00	14689.584
2302.000000	0.000400	0.00	14824.576
2303.000000	0.000409	0.00	14873.664
2304.000000	0.000416	0.00	14468.688
2305.000000	0.000384	0.00	15057.744
2306.000000	0.000379	0.00	15094.560
2307.000000	0.000425	0.00	14358.240
2308.000000	0.000392	0.00	14910.480
2309.000000	0.000420	0.00	14665.040
2310.000000	0.000397	0.00	14665.040
2311.000000	0.000409	0.00	14701.856
2312.000000	0.000392	0.00	15057.744
2313.000000	0.000422	0.00	14419.600
2314.000000	0.000402	0.00	14910.480
2315.000000	0.000431	0.00	14517.776
2316.000000	0.000408	0.00	14468.688
2317.000000	0.000411	0.00	14407.328
2318.000000	0.000414	0.00	14223.248
2319.000000	0.000393	0.00	14566.864
2320.000000	0.000405	0.00	14959.568
2321.000000	0.000394	0.00	15229.552
2322.000000	0.000408	0.00	14542.320
2323.000000	0.000406	0.00	14836.848
2324.000000	0.000404	0.00	14591.408
2325.000000	0.000407	0.00	15131.376
2326.000000	0.000388	0.00	15192.736
2327.000000	0.000407	0.00	14726.400
2328.000000	0.000402	0.00	14615.952
2329.000000	0.000414	0.00	14579.136
2330.000000	0.000412	0.00	14726.400
2331.000000	0.000396	0.00	15020.928
2332.000000	0.000405	0.00	14517.776
2333.000000	0.000380	0.00	15119.104
2334.000000	0.000402	0.00	14812.304
2335.000000	0.000418	0.00	14161.888
2336.000000	0.000403	0.00	14836.848
2337.000000	0.000411	0.00	14775.488
2338.000000	0.000392	0.00	15020.928
2339.000000	0.000393	0.00	14677.312
2340.000000	0.000423	0.00	14530.048
2341.000000	0.000402	0.00	14910.480
2342.000000	0.000403	0.00	14652.768
2343.000000	0.000436	0.00	14333.696
2344.000000	0.000390	0.00	14959.568
2345.000000	0.000400	0.00	14505.504
2346.000000	0.000408	0.00	14812.304
2347.000000	0.000400	0.00	14800.032
2348.000000	0.000427	0.00	14382.784
2349.000000	0.000411	0.00	14407.328
2350.000000	0.000430	0.00	14382.784
2351.000000	0.000418	0.00	14652.768
2352.000000	0.000403	0.00	14812.304
2353.000000	0.000434	0.00	14615.952
2354.000000	0.000419	0.00	14517.776
2355.000000	0.000401	0.00	14836.848
2356.000000	0.000446	0.00	14309.152
2357.000000	0.000413	0.00	14542.320
2358.000000	0.000395	0.00	15082.288
2359.000000	0.000416	0.00	14775.488
2360.000000	0.000445	0.00	14186.432
2361.000000	0.000403	0.00	14836.848
2362.000000	0.000401	0.00	14984.112
2363.000000	0.000400	0.00	14873.664
2364.000000	0.000414	0.00	14309.152
2365.000000	0.000400	0.00	14996.384
2366.000000	0.000402	0.00	14628.224
2367.000000	0.000411	0.00	14554.592
2368.000000	0.000389	0.00	14922.752
2369.000000	0.000428	0.00	14345.968
2370.000000	0.000408	0.00	14345.968
2371.000000	0.000404	0.00	14898.208
2372.000000	0.000402	0.00	14824.576
2373.000000	0.000396	0.00	15131.376
2374.000000	0.000414	0.00	14603.680
2375.000000	0.000409	0.00	14701.856
2376.000000	0.000410	0.00	14468.688
2377.000000	0.000401	0.00	14689.584
2378.000000	0.000381	0.00	15229.552
2379.000000	0.000384	0.00	15020.928
2380.000000	0.000398	0.00	14898.208
2381.000000	0.000415	0.00	14628.224
2382.000000	0.000388	0.00	14922.752
2383.000000	0.000420	0.00	14321.424
2384.000000	0.000407	0.00	15008.656
2385.000000	0.000412	0.00	14603.680
2386.000000	0.000392	0.00	14824.576
2387.000000	0.000397	0.00	14726.400
2388.000000	0.000372	0.00	15425.904
2389.000000	0.000403	0.00	14836.848
2390.000000	0.000397	0.00	14726.400
2391.000000	0.000412	0.00	14898.208
2392.000000	0.000410	0.00	14775.488
2393.000000	0.000378	0.00	15168.192
2394.000000	0.000397	0.00	14873.664
2395.000000	0.000381	0.00	15143.648
2396.000000	0.000403	0.00	14579.136
2397.000000	0.000391	0.00	14812.304
2398.000000	0.000413	0.00	14591.408
2399.000000	0.000402	0.00	14750.944
2400.000000	0.000395	0.00	14959.568
2401.000000	0.000428	0.00	14125.072
2402.000000	0.000396	0.00	14812.304
2403.000000	0.000397	0.00	15168.192
2404.000000	0.000397	0.00	14959.568
2405.000000	0.000401	0.00	14959.568
2406.000000	0.000388	0.00	14800.032
2407.000000	0.000423	0.00	14444.144
2408.000000	0.000398	0.00	14665.040
2409.000000	0.000400	0.00	15033.200
2410.000000	0.000414	0.00	14738.672
2411.000000	0.000413	0.00	14971.840
2412.000000	0.000428	0.00	14419.600
2413.000000	0.000414	0.00	14517.776
2414.000000	0.000397	0.00	15033.200
2415.000000	0.000410	0.00	14812.304
2416.000000	0.000398	0.00	14836.848
2417.000000	0.000417	0.00	14431.872
2418.000000	0.000424	0.00	14419.600
2419.000000	0.000406	0.00	14505.504
2420.000000	0.000418	0.00	14554.592
2421.000000	0.000385	0.00	14984.112
2422.000000	0.000394	0.00	15045.472
2423.000000	0.000393	0.00	14910.480
2424.000000	0.000423	0.00	14407.328
2425.000000	0.000415	0.00	14775.488
2426.000000	0.000386	0.00	14959.568
2427.000000	0.000402	0.00	14910.480
2428.000000	0.000385	0.00	15143.648
2429.000000	0.000448	0.00	14075.984
2430.000000	0.000379	0.00	15266.368
2431.000000	0.000400	0.00	15008.656
2432.000000	0.000388	0.00	14898.208
2433.000000	0.000406	0.00	14750.944
2434.000000	0.000394	0.00	14689.584
2435.000000	0.000393	0.00	14873.664
2436.000000	0.000425	0.00	14296.880
2437.000000	0.000384	0.00	15168.192
2438.000000	0.000409	0.00	14873.664
2439.000000	0.000389	0.00	15094.560
2440.000000	0.000430	0.00	14591.408
2441.000000	0.000394	0.00	15168.192
2442.000000	0.000413	0.00	14738.672
2443.000000	0.000410	0.00	14677.312
2444.000000	0.000416	0.00	14652.768
2445.000000	0.000399	0.00	15020.928
2446.000000	0.000415	0.00	14407.328
2447.000000	0.000415	0.00	14591.408
2448.000000	0.000402	0.00	15008.656
2449.000000	0.000432	0.00	14333.696
2450.000000	0.000405	0.00	14701.856
2451.000000	0.000388	0.00	15401.360
2452.000000	0.000398	0.00	14922.752
2453.000000	0.000402	0.00	14800.032
2454.000000	0.000412	0.00	14591.408
2455.000000	0.000405	0.00	14738.672
2456.000000	0.000430	0.00	14358.240
2457.000000	0.000423	0.00	14530.048
2458.000000	0.000390	0.00	14714.128
2459.000000	0.000396	0.00	14763.216
2460.000000	0.000419	0.00	14689.584
2461.000000	0.000419	0.00	14395.056
2462.000000	0.000392	0.00	14910.480
2463.000000	0.000403	0.00	14579.136
2464.000000	0.000410	0.00	14505.504
2465.000000	0.000399	0.00	14628.224
2466.000000	0.000441	0.00	14161.888
2467.000000	0.000403	0.00	14591.408
2468.000000	0.000404	0.00	14738.672
2469.000000	0.000402	0.00	14935.024
2470.000000	0.000418	0.00	14407.328
2471.000000	0.000393	0.00	15143.648
2472.000000	0.000401	0.00	14996.384
2473.000000	0.000398	0.00	14935.024
2474.000000	0.000396	0.00	14947.296
2475.000000	0.000410	0.00	14689.584
2476.000000	0.000406	0.00	14456.416
2477.000000	0.000405	0.00	14665.040
2478.000000	0.000400	0.00	14922.752
2479.000000	0.000435	0.00	14309.152
2480.000000	0.000399	0.00	14763.216
2481.000000	0.000398	0.00	14689.584
2482.000000	0.000421	0.00	14321.424
2483.000000	0.000402	0.00	14873.664
2484.000000	0.000406	0.00	14554.592
2485.000000	0.000433	0.00	14210.976
2486.000000	0.000433	0.00	14272.336
2487.000000	0.000418	0.00	14456.416
2488.000000	0.000422	0.00	14370.512
2489.000000	0.000407	0.00	14566.864
2490.000000	0.000382	0.00	14959.568
2491.000000	0.000396	0.00	14812.304
2492.000000	0.000394	0.00	14456.416
2493.000000	0.000422	0.00	14100.528
2494.000000	0.000397	0.00	15033.200
2495.000000	0.000404	0.00	14615.952
2496.000000	0.000397	0.00	15033.200
2497.000000	0.000401	0.00	14615.952
2498.000000	0.000390	0.00	15364.544
2499.000000	0.000435	0.00	14149.616
2500.000000	0.000412	0.00	14775.488
2501.000000	0.000398	0.00	15192.736
2502.000000	0.000418	0.00	14505.504
2503.000000	0.000383	0.00	15180.464
2504.000000	0.000408	0.00	14701.856
2505.000000	0.000391	0.00	14885.936
2506.000000	0.000417	0.00	14836.848
2507.000000	0.000413	0.00	14885.936
2508.000000	0.000406	0.00	14566.864
2509.000000	0.000414	0.00	14628.224
2510.000000	0.000395	0.00	14984.112
2511.000000	0.000398	0.00	14800.032
2512.000000	0.000424	0.00	14321.424
2513.000000	0.000413	0.00	14714.128
2514.000000	0.000379	0.00	15119.104
2515.000000	0.000381	0.00	15499.536
2516.000000	0.000420	0.00	14493.232
2517.000000	0.000431	0.00	14149.616
2518.000000	0.000395	0.00	14836.848
2519.000000	0.000427	0.00	14419.600
2520.000000	0.000415	0.00	14407.328
2521.000000	0.000410	0.00	14640.496
2522.000000	0.000416	0.00	14431.872
2523.000000	0.000411	0.00	14493.232
2524.000000	0.000408	0.00	14898.208
2525.000000	0.000386	0.00	15180.464
2526.000000	0.000433	0.00	13965.536
2527.000000	0.000405	0.00	14689.584
2528.000000	0.000424	0.00	14321.424
2529.000000	0.000400	0.00	14812.304
2530.000000	0.000405	0.00	14738.672
2531.000000	0.000413	0.00	14444.144
2532.000000	0.000411	0.00	14885.936
2533.000000	0.000376	0.00	15340.000
2534.000000	0.000398	0.00	15070.016
2535.000000	0.000410	0.00	14468.688
2536.000000	0.000393	0.00	14947.296
2537.000000	0.000403	0.00	14910.480
2538.000000	0.000394	0.00	15057.744
2539.000000	0.000407	0.00	14579.136
2540.000000	0.000389	0.00	14812.304
2541.000000	0.000403	0.00	14800.032
2542.000000	0.000431	0.00	14382.784
2543.000000	0.000410	0.00	14652.768
2544.000000	0.000386	0.00	14812.304
2545.000000	0.000387	0.00	14984.112
2546.000000	0.000435	0.00	14149.616
2547.000000	0.000422	0.00	14296.880
2548.000000	0.000399	0.00	14959.568
2549.000000	0.000416	0.00	14615.952
2550.000000	0.000420	0.00	14333.696
2551.000000	0.000401	0.00	14824.576
2552.000000	0.000390	0.00	15082.288
2553.000000	0.000387	0.00	15352.272
2554.000000	0.000421	0.00	14456.416
2555.000000	0.000404	0.00	14898.208
2556.000000	0.000389	0.00	14873.664
2557.000000	0.000403	0.00	14775.488
2558.000000	0.000390	0.00	15057.744
2559.000000	0.000374	0.00	15376.816
2560.000000	0.000393	0.00	14701.856
2561.000000	0.000388	0.00	15131.376
2562.000000	0.000395	0.00	15045.472
2563.000000	0.000416	0.00	14566.864
2564.000000	0.000375	0.00	14898.208
2565.000000	0.000410	0.00	14750.944
2566.000000	0.000402	0.00	14468.688
2567.000000	0.000389	0.00	14947.296
2568.000000	0.000407	0.00	14836.848
2569.000000	0.000389	0.00	15033.200
2570.000000	0.000425	0.00	14640.496
2571.000000	0.000405	0.00	14677.312
2572.000000	0.000408	0.00	14370.512
2573.000000	0.000404	0.00	14922.752
2574.000000	0.000411	0.00	14750.944
2575.000000	0.000402	0.00	14689.584
2576.000000	0.000403	0.00	14824.576
2577.000000	0.000394	0.00	14640.496
2578.000000	0.000403	0.00	14787.760
2579.000000	0.000405	0.00	14873.664
2580.000000	0.000387	0.00	15057.744
2581.000000	0.000442	0.00	13928.720
2582.000000	0.000389	0.00	15106.832
2583.000000	0.000402	0.00	14898.208
2584.000000	0.000395	0.00	14922.752
2585.000000	0.000396	0.00	15020.928
2586.000000	0.000411	0.00	14591.408
2587.000000	0.000400	0.00	14787.760
2588.000000	0.000406	0.00	14787.760
2589.000000	0.000400	0.00	14640.496
2590.000000	0.000439	0.00	14468.688
2591.000000	0.000396	0.00	14935.024
2592.000000	0.000384	0.00	15389.088
2593.000000	0.000403	0.00	14873.664
2594.000000	0.000404	0.00	14542.320
2595.000000	0.000405	0.00	14444.144
2596.000000	0.000403	0.00	14591.408
2597.000000	0.000394	0.00	15094.560
2598.000000	0.000396	0.00	14812.304
2599.000000	0.000430	0.00	14284.608
2600.000000	0.000398	0.00	15033.200
2601.000000	0.000404	0.00	14530.048
2602.000000	0.000386	0.00	15082.288
2603.000000	0.000409	0.00	14910.480
2604.000000	0.000428	0.00	14395.056
2605.000000	0.000409	0.00	14566.864
2606.000000	0.000412	0.00	14910.480
2607.000000	0.000407	0.00	14787.760
2608.000000	0.000410	0.00	14615.952
2609.000000	0.000389	0.00	15131.376
2610.000000	0.000400	0.00	14885.936
2611.000000	0.000375	0.00	15143.648
2612.000000	0.000433	0.00	14640.496
2613.000000	0.000394	0.00	14898.208
2614.000000	0.000412	0.00	14591.408
2615.000000	0.000432	0.00	14026.896
2616.000000	0.000416	0.00	14444.144
2617.000000	0.000397	0.00	15070.016
2618.000000	0.000429	0.00	14456.416
2619.000000	0.000394	0.00	14603.680
2620.000000	0.000389	0.00	15070.016
2621.000000	0.000414	0.00	14370.512
2622.000000	0.000387	0.00	14861.392
2623.000000	0.000427	0.00	14542.320
2624.000000	0.000394	0.00	14984.112
2625.000000	0.000399	0.00	14726.400
2626.000000	0.000407	0.00	14775.488
2627.000000	0.000401	0.00	14726.400
2628.000000	0.000402	0.00	14910.480
2629.000000	0.000424	0.00	14750.944
2630.000000	0.000399	0.00	14689.584
2631.000000	0.000419	0.00	14431.872
2632.000000	0.000414	0.00	14247.792
2633.000000	0.000402	0.00	14615.952
2634.000000	0.000419	0.00	14088.256
2635.000000	0.000417	0.00	14665.040
2636.000000	0.000409	0.00	14542.320
2637.000000	0.000397	0.00	14800.032
2638.000000	0.000426	0.00	14554.592
2639.000000	0.000412	0.00	14345.968
2640.000000	0.000411	0.00	14836.848
2641.000000	0.000390	0.00	15057.744
2642.000000	0.000449	0.00	13658.736
2643.000000	0.000399	0.00	14996.384
2644.000000	0.000406	0.00	14922.752
2645.000000	0.000410	0.00	14824.576
2646.000000	0.000391	0.00	15033.200
2647.000000	0.000386	0.00	15045.472
2648.000000	0.000421	0.00	14505.504
2649.000000	0.000429	0.00	14235.520
2650.000000	0.000435	0.00	14505.504
2651.000000	0.000379	0.00	14922.752
2652.000000	0.000412	0.00	15008.656
2653.000000	0.000430	0.00	14358.240
2654.000000	0.000404	0.00	14530.048
2655.000000	0.000399	0.00	14971.840
2656.000000	0.000403	0.00	15082.288
2657.000000	0.000413	0.00	14775.488
2658.000000	0.000422	0.00	14456.416
2659.000000	0.000430	0.00	14787.760
2660.000000	0.000423	0.00	14456.416
2661.000000	0.000415	0.00	14431.872
2662.000000	0.000416	0.00	14591.408
2663.000000	0.000403	0.00	14689.584
2664.000000	0.000389	0.00	14800.032
2665.000000	0.000405	0.00	14775.488
2666.000000	0.000422	0.00	14235.520
2667.000000	0.000401	0.00	14824.576
2668.000000	0.000413	0.00	14750.944
2669.000000	0.000378	0.00	15094.560
2670.000000	0.000406	0.00	14640.496
2671.000000	0.000407	0.00	14885.936
2672.000000	0.000400	0.00	14775.488
2673.000000	0.000400	0.00	14652.768
2674.000000	0.000399	0.00	14628.224
2675.000000	0.000404	0.00	14652.768
2676.000000	0.000391	0.00	14947.296
2677.000000	0.000381	0.00	15082.288
2678.000000	0.000413	0.00	14677.312
2679.000000	0.000426	0.00	14247.792
2680.000000	0.000433	0.00	14210.976
2681.000000	0.000410	0.00	14812.304
2682.000000	0.000420	0.00	14579.136
2683.000000	0.000390	0.00	14726.400
2684.000000	0.000394	0.00	15254.096
2685.000000	0.000419	0.00	14186.432
2686.000000	0.000379	0.00	14935.024
2687.000000	0.000406	0.00	15094.560
2688.000000	0.000403	0.00	14726.400
2689.000000	0.000407	0.00	14689.584
2690.000000	0.000407	0.00	14738.672
2691.000000	0.000408	0.00	14677.312
2692.000000	0.000422	0.00	14419.600
2693.000000	0.000408	0.00	14628.224
2694.000000	0.000418	0.00	14763.216
2695.000000	0.000414	0.00	14333.696
2696.000000	0.000404	0.00	14665.040
2697.000000	0.000410	0.00	14628.224
2698.000000	0.000387	0.00	15119.104
2699.000000	0.000430	0.00	14358.240
2700.000000	0.000426	0.00	14800.032
2701.000000	0.000378	0.00	15352.272
2702.000000	0.000425	0.00	14603.680
2703.000000	0.000393	0.00	15020.928
2704.000000	0.000378	0.00	15131.376
2705.000000	0.000409	0.00	14935.024
2706.000000	0.000394	0.00	14971.840
2707.000000	0.000377	0.00	15266.368
2708.000000	0.000406	0.00	14738.672
2709.000000	0.000411	0.00	14628.224
2710.000000	0.000384	0.00	15327.728
2711.000000	0.000400	0.00	14996.384
2712.000000	0.000407	0.00	14947.296
2713.000000	0.000396	0.00	15094.560
2714.000000	0.000426	0.00	14235.520
2715.000000	0.000393	0.00	14787.760
2716.000000	0.000393	0.00	14775.488
2717.000000	0.000407	0.00	14812.304
2718.000000	0.000401	0.00	14517.776
2719.000000	0.000401	0.00	14726.400
2720.000000	0.000402	0.00	14849.120
2721.000000	0.000393	0.00	15094.560
2722.000000	0.000395	0.00	14861.392
2723.000000	0.000401	0.00	14861.392
2724.000000	0.000416	0.00	14517.776
2725.000000	0.000437	0.00	14456.416
2726.000000	0.000411	0.00	14640.496
2727.000000	0.000392	0.00	14898.208
2728.000000	0.000401	0.00	14984.112
2729.000000	0.000386	0.00	15020.928
2730.000000	0.000403	0.00	14444.144
2731.000000	0.000422	0.00	14321.424
2732.000000	0.000384	0.00	15364.544
2733.000000	0.000379	0.00	14959.568
2734.000000	0.000401	0.00	15094.560
2735.000000	0.000379	0.00	15303.184
2736.000000	0.000399	0.00	15462.720
2737.000000	0.000375	0.00	15266.368
2738.000000	0.000376	0.00	15290.912
2739.000000	0.000395	0.00	14824.576
2740.000000	0.000413	0.00	14456.416
2741.000000	0.000396	0.00	15070.016
2742.000000	0.000394	0.00	14689.584
2743.000000	0.000393	0.00	14996.384
2744.000000	0.000373	0.00	15401.360
2745.000000	0.000383	0.00	15119.104
2746.000000	0.000389	0.00	14763.216
2747.000000	0.000413	0.00	14530.048
2748.000000	0.000402	0.00	14873.664
2749.000000	0.000405	0.00	14431.872
2750.000000	0.000401	0.00	15082.288
2751.000000	0.000393	0.00	14861.392
2752.000000	0.000398	0.00	14861.392
2753.000000	0.000403	0.00	14603.680
2754.000000	0.000435	0.00	14075.984
2755.000000	0.000399	0.00	14787.760
2756.000000	0.000391	0.00	14763.216
2757.000000	0.000424	0.00	14137.344
