start, delay, loss random, rate
0.000000	0.000398	0.00	14591.408
1.000000	0.000395	0.00	14996.384
2.000000	0.000431	0.00	14223.248
3.000000	0.000418	0.00	14480.960
4.000000	0.000438	0.00	14235.520
5.000000	0.000413	0.00	14959.568
6.000000	0.000479	0.00	13597.376
7.000000	0.000488	0.00	13572.832
8.000000	0.000521	0.00	13081.952
9.000000	0.000518	0.00	13499.200
10.000000	0.000604	0.00	12026.560
11.000000	0.000543	0.00	12934.688
12.000000	0.000629	0.00	12492.896
13.000000	0.000826	0.00	10136.672
14.000000	0.000951	0.00	9142.640
15.000000	0.000921	0.00	9584.432
16.000000	0.001015	0.14	8479.952
17.000000	0.001000	0.00	9228.544
18.000000	0.001191	0.16	7706.816
19.000000	0.001312	0.17	7387.744
20.000000	0.001771	0.21	5890.560
21.000000	0.001731	0.21	5915.104
22.000000	0.001636	0.39	6246.448
23.000000	0.002574	0.94	3865.680
24.000000	0.002881	1.73	3485.248
25.000000	0.002558	1.22	3963.856
26.000000	0.002824	3.24	2933.008
27.000000	0.003955	5.41	2147.600
28.000000	0.003066	5.80	2589.392
29.000000	0.003014	4.86	2883.920
30.000000	0.003803	10.13	1754.896
31.000000	0.004216	16.78	1460.368
32.000000	0.003214	12.58	1693.536
33.000000	0.002635	8.74	2319.408
34.000000	0.003426	5.45	2540.304
35.000000	0.002746	6.85	2834.832
36.000000	0.003114	2.28	3166.176
37.000000	0.002887	2.92	3264.352
38.000000	0.002365	2.35	3558.880
39.000000	0.002162	2.40	3988.400
40.000000	0.002111	1.04	4675.632
41.000000	0.001754	0.66	5534.672
42.000000	0.001715	0.00	6221.904
43.000000	0.001361	0.00	7485.920
44.000000	0.001388	0.00	7338.656
45.000000	0.001357	0.17	7031.856
46.000000	0.001233	0.00	7866.352
47.000000	0.001151	0.00	8271.328
48.000000	0.000902	0.13	9240.816
49.000000	0.000835	0.00	10320.752
50.000000	0.000916	0.00	9363.536
51.000000	0.000699	0.00	11412.960
52.000000	0.000747	0.00	10934.352
53.000000	0.000567	0.00	13118.768
54.000000	0.000590	0.00	12284.272
55.000000	0.000551	0.00	12885.600
56.000000	0.000531	0.00	12897.872
57.000000	0.000518	0.00	13081.952
58.000000	0.000505	0.00	13401.024
59.000000	0.000525	0.00	13143.312
60.000000	0.000472	0.00	14026.896
61.000000	0.000427	0.00	14456.416
62.000000	0.000451	0.00	14100.528
63.000000	0.000463	0.00	13683.280
64.000000	0.000432	0.00	14505.504
65.000000	0.000447	0.00	14063.712
66.000000	0.000449	0.00	13891.904
67.000000	0.000467	0.00	13891.904
68.000000	0.000466	0.00	13769.184
69.000000	0.000485	0.00	13818.272
70.000000	0.000513	0.00	13327.392
71.000000	0.000568	0.00	12321.088
72.000000	0.000539	0.00	12922.416
73.000000	0.000574	0.00	12554.256
74.000000	0.000605	0.00	12456.080
75.000000	0.000774	0.00	10529.376
76.000000	0.000652	0.00	11817.936
77.000000	0.000899	0.00	9842.144
78.000000	0.000888	0.00	10112.128
79.000000	0.000908	0.00	9731.696
80.000000	0.001129	0.00	8246.784
81.000000	0.001171	0.00	8357.232
82.000000	0.001171	0.00	8087.248
83.000000	0.001333	0.35	7093.216
84.000000	0.001392	0.35	6958.224
85.000000	0.001818	0.00	5951.920
86.000000	0.002069	1.08	4516.096
87.000000	0.002045	1.06	4589.728
88.000000	0.001836	1.52	4786.080
89.000000	0.002172	2.76	3877.952
90.000000	0.003089	2.94	2847.104
91.000000	0.002757	2.74	3485.248
92.000000	0.003963	7.78	2024.880
93.000000	0.002736	3.04	3129.360
94.000000	0.002846	1.38	3509.792
95.000000	0.002180	2.06	4086.576
96.000000	0.002068	1.08	4503.824
97.000000	0.002013	0.76	4798.352
98.000000	0.002168	0.52	4700.176
99.000000	0.001382	0.17	7301.840
100.000000	0.001725	0.21	5964.192
101.000000	0.001232	0.00	7731.360
102.000000	0.000920	0.12	10063.040
103.000000	0.000935	0.13	9707.152
104.000000	0.000948	0.00	9338.992
105.000000	0.000908	0.00	9449.440
106.000000	0.000903	0.00	10087.584
107.000000	0.000765	0.00	10860.720
108.000000	0.000741	0.12	9903.504
109.000000	0.000634	0.00	12051.104
110.000000	0.000585	0.00	12664.704
111.000000	0.000612	0.00	12308.816
112.000000	0.000566	0.00	12676.976
113.000000	0.000591	0.00	12296.544
114.000000	0.000531	0.00	12934.688
115.000000	0.000452	0.00	14272.336
116.000000	0.000482	0.00	13695.552
117.000000	0.000484	0.00	13842.816
118.000000	0.000458	0.00	13953.264
119.000000	0.000494	0.00	13401.024
120.000000	0.000486	0.00	13401.024
121.000000	0.000479	0.00	13806.000
122.000000	0.000447	0.00	14112.800
123.000000	0.000490	0.00	13327.392
124.000000	0.000500	0.00	13720.096
125.000000	0.000548	0.00	12799.696
126.000000	0.000559	0.00	12676.976
127.000000	0.000575	0.00	12664.704
128.000000	0.000644	0.00	12014.288
129.000000	0.000719	0.00	11192.064
130.000000	0.000711	0.00	11265.696
131.000000	0.000850	0.00	9768.512
132.000000	0.000779	0.00	10615.280
133.000000	0.000823	0.12	10112.128
134.000000	0.001035	0.00	8602.672
135.000000	0.000952	0.00	9596.704
136.000000	0.001036	0.00	8884.928
137.000000	0.001258	0.00	7792.720
138.000000	0.001292	0.17	7412.288
139.000000	0.001520	0.19	6381.440
140.000000	0.001566	0.00	6749.600
141.000000	0.001685	0.65	5657.392
142.000000	0.002024	1.08	4516.096
143.000000	0.001977	0.74	4970.160
144.000000	0.002720	2.49	2883.920
145.000000	0.002324	3.55	3350.256
146.000000	0.003019	4.72	2712.112
147.000000	0.003178	4.48	2613.936
148.000000	0.003054	4.03	2920.736
149.000000	0.002850	9.18	2184.416
150.000000	0.004267	11.49	1619.904
151.000000	0.003977	10.81	1619.904
152.000000	0.003809	17.01	1497.184
153.000000	0.003780	18.12	1374.464
154.000000	0.003105	9.73	2061.696
155.000000	0.004031	6.40	1963.520
156.000000	0.003106	5.71	2429.856
157.000000	0.002924	4.49	2871.648
158.000000	0.002320	3.12	3423.888
159.000000	0.002274	2.05	4098.848
160.000000	0.002193	1.35	4479.280
161.000000	0.002491	1.19	4062.032
162.000000	0.001746	1.15	5276.960
163.000000	0.002073	0.24	5141.968
164.000000	0.001591	0.00	6921.408
165.000000	0.001451	0.00	6921.408
166.000000	0.001533	0.00	6479.616
167.000000	0.001194	0.15	7976.800
168.000000	0.001068	0.15	8344.960
169.000000	0.001004	0.14	8664.032
170.000000	0.000891	0.00	10013.952
171.000000	0.000875	0.00	9878.960
172.000000	0.000724	0.00	11142.976
173.000000	0.000767	0.00	10848.448
174.000000	0.000791	0.00	10185.760
175.000000	0.000682	0.00	11351.600
176.000000	0.000587	0.00	12529.712
177.000000	0.000586	0.00	12357.904
178.000000	0.000537	0.00	13192.400
179.000000	0.000517	0.00	13118.768
180.000000	0.000552	0.00	12738.336
181.000000	0.000524	0.00	13401.024
182.000000	0.000518	0.00	13032.864
183.000000	0.000475	0.00	14333.696
184.000000	0.000500	0.00	13241.488
185.000000	0.000511	0.00	13143.312
186.000000	0.000461	0.00	13855.088
187.000000	0.000512	0.00	13253.760
188.000000	0.000501	0.00	13646.464
189.000000	0.000538	0.00	12897.872
190.000000	0.000527	0.00	13180.128
191.000000	0.000621	0.00	12186.096
192.000000	0.000577	0.00	12640.160
193.000000	0.000660	0.00	11621.584
194.000000	0.000691	0.00	11400.688
195.000000	0.000652	0.00	11805.664
196.000000	0.000882	0.00	9719.424
197.000000	0.000880	0.00	9793.056
198.000000	0.000926	0.00	9743.968
199.000000	0.001087	0.00	8614.944
200.000000	0.001091	0.15	8455.408
201.000000	0.001331	0.17	7068.672
202.000000	0.001204	0.00	8246.784
203.000000	0.001382	0.00	6995.040
204.000000	0.001704	0.64	5731.024
205.000000	0.001891	0.71	5129.696
206.000000	0.001986	1.31	4626.544
207.000000	0.002047	0.75	4871.984
208.000000	0.002026	2.63	4086.576
209.000000	0.002554	0.91	4000.672
210.000000	0.002977	2.25	3215.264
211.000000	0.003060	4.07	2601.664
212.000000	0.002467	6.30	2724.384
213.000000	0.003099	5.26	2663.024
214.000000	0.002934	3.83	3068.000
215.000000	0.003205	4.68	2761.200
216.000000	0.002602	6.49	2638.480
217.000000	0.003504	4.11	2577.120
218.000000	0.002639	4.32	3264.352
219.000000	0.003798	4.43	2380.768
220.000000	0.003085	3.33	2859.376
221.000000	0.003602	4.48	2356.224
222.000000	0.002793	8.45	2380.768
223.000000	0.003826	8.24	1914.432
224.000000	0.003712	6.00	2307.136
225.000000	0.003554	6.95	2147.600
226.000000	0.003307	10.50	1975.792
227.000000	0.003707	5.71	2024.880
228.000000	0.003898	12.87	1828.528
229.000000	0.004101	13.64	1632.176
230.000000	0.003578	11.66	1779.440
231.000000	0.004073	11.80	1730.352
232.000000	0.004575	16.79	1337.648
233.000000	0.004665	16.67	1362.192
234.000000	0.004170	23.64	1030.848
235.000000	0.003631	24.79	1079.936
236.000000	0.004865	36.73	760.864
237.000000	0.004169	20.61	1276.288
238.000000	0.004177	38.54	724.048
239.000000	0.004464	34.00	809.952
240.000000	0.003633	35.29	809.952
241.000000	0.004793	35.96	699.504
242.000000	0.004304	41.94	662.688
243.000000	0.005475	48.28	539.968
244.000000	0.004060	46.67	601.328
245.000000	0.003245	50.55	552.240
246.000000	0.004565	39.77	650.416
247.000000	0.005046	39.77	650.416
248.000000	0.004864	28.04	932.672
249.000000	0.004013	27.50	1067.664
250.000000	0.004007	20.47	1239.472
251.000000	0.005403	20.35	1116.752
252.000000	0.003751	16.34	1558.544
253.000000	0.004250	11.89	1546.272
254.000000	0.003451	8.70	2061.696
255.000000	0.003826	7.85	2172.144
256.000000	0.002709	3.68	3202.992
257.000000	0.002378	4.88	2883.920
258.000000	0.002355	2.88	3730.688
259.000000	0.002273	2.41	3963.856
260.000000	0.002332	0.28	4368.832
261.000000	0.002018	0.49	4970.160
262.000000	0.001457	0.18	6688.240
263.000000	0.001376	0.17	7203.664
264.000000	0.001527	0.18	6626.880
265.000000	0.001336	0.18	6872.320
266.000000	0.001246	0.00	7780.448
267.000000	0.001312	0.00	7498.192
268.000000	0.001040	0.00	8934.016
269.000000	0.000744	0.00	10946.624
270.000000	0.000769	0.00	10627.552
271.000000	0.000788	0.00	10603.008
272.000000	0.000589	0.00	12100.192
273.000000	0.000606	0.00	12431.536
274.000000	0.000490	0.00	13486.928
275.000000	0.000532	0.00	13045.136
276.000000	0.000451	0.00	14296.880
277.000000	0.000497	0.00	13462.384
278.000000	0.000461	0.00	14112.800
279.000000	0.000419	0.00	14480.960
280.000000	0.000438	0.00	14370.512
281.000000	0.000413	0.00	14738.672
282.000000	0.000419	0.00	14554.592
283.000000	0.000419	0.00	14309.152
284.000000	0.000400	0.00	14738.672
285.000000	0.000392	0.00	14898.208
286.000000	0.000417	0.00	14714.128
287.000000	0.000430	0.00	14358.240
288.000000	0.000435	0.00	14615.952
289.000000	0.000423	0.00	14480.960
290.000000	0.000426	0.00	14284.608
291.000000	0.000450	0.00	14505.504
292.000000	0.000441	0.00	14603.680
293.000000	0.000506	0.00	13462.384
294.000000	0.000518	0.00	13315.120
295.000000	0.000500	0.00	13671.008
296.000000	0.000618	0.00	12014.288
297.000000	0.000777	0.00	10578.464
298.000000	0.000773	0.00	10676.640
299.000000	0.000789	0.00	10394.384
300.000000	0.000824	0.00	10369.840
301.000000	0.000893	0.00	9866.688
302.000000	0.000926	0.13	9375.808
303.000000	0.000986	0.00	9216.272
304.000000	0.001147	0.15	8173.152
305.000000	0.001286	0.00	7841.808
306.000000	0.001455	0.37	6639.152
307.000000	0.001514	0.58	6344.624
308.000000	0.002108	2.11	4000.672
309.000000	0.002030	1.61	4479.280
310.000000	0.002456	2.68	3558.880
311.000000	0.002469	2.08	3472.976
312.000000	0.003429	2.88	2896.192
313.000000	0.002867	3.40	3141.632
314.000000	0.002970	4.38	2945.280
315.000000	0.003770	7.30	2024.880
316.000000	0.004240	11.11	1668.992
317.000000	0.003933	9.36	1902.160
318.000000	0.003018	14.45	1816.256
319.000000	0.003800	20.00	1288.560
320.000000	0.003997	23.68	1067.664
321.000000	0.003780	20.90	1288.560
322.000000	0.004591	18.55	1251.744
323.000000	0.005440	11.29	1337.648
324.000000	0.004272	10.32	1705.808
325.000000	0.003901	10.69	1754.896
326.000000	0.003936	12.88	1742.624
327.000000	0.003240	10.05	2086.240
328.000000	0.003126	10.87	2012.608
329.000000	0.003246	7.41	2147.600
330.000000	0.002814	9.77	1914.432
331.000000	0.002802	8.26	2466.672
332.000000	0.003655	7.29	2184.416
333.000000	0.003134	4.37	2687.568
334.000000	0.003296	3.67	2564.848
335.000000	0.002614	5.00	3031.184
336.000000	0.002792	4.96	2822.560
337.000000	0.003515	0.79	3080.272
338.000000	0.002677	4.10	3153.904
339.000000	0.003369	3.12	2663.024
340.000000	0.002970	4.03	2920.736
341.000000	0.002879	3.07	3104.816
342.000000	0.002892	2.30	3129.360
343.000000	0.003385	3.93	2699.840
344.000000	0.002442	6.61	2957.552
345.000000	0.003148	3.56	2663.024
346.000000	0.003171	3.45	2736.656
347.000000	0.002917	5.70	2638.480
348.000000	0.002763	6.64	2429.856
349.000000	0.003504	5.64	2245.776
350.000000	0.002997	4.58	2810.288
351.000000	0.002804	3.89	3043.456
352.000000	0.003038	1.52	3178.448
353.000000	0.002881	1.80	3350.256
354.000000	0.002816	4.65	3031.184
355.000000	0.002602	3.86	3055.728
356.000000	0.002795	2.22	3227.536
357.000000	0.002974	2.25	3202.992
358.000000	0.003416	3.54	2675.296
359.000000	0.003127	2.79	2994.368
360.000000	0.002577	3.50	3387.072
361.000000	0.002416	4.18	3374.800
362.000000	0.003119	7.14	2233.504
363.000000	0.003136	6.76	2380.768
364.000000	0.003818	5.26	2429.856
365.000000	0.003683	7.57	2086.240
366.000000	0.003530	5.26	2221.232
367.000000	0.002772	6.80	2343.952
368.000000	0.003402	4.26	2761.200
369.000000	0.003637	8.70	2061.696
370.000000	0.003940	9.88	1914.432
371.000000	0.003712	8.89	2000.336
372.000000	0.003820	10.53	1889.888
373.000000	0.004559	10.81	1619.904
374.000000	0.003690	18.80	1313.104
375.000000	0.004574	21.93	1092.208
376.000000	0.004699	20.33	1214.928
377.000000	0.003508	19.31	1435.824
378.000000	0.004663	16.67	1276.288
379.000000	0.005627	17.39	1178.112
380.000000	0.003745	20.47	1239.472
381.000000	0.004087	28.45	1018.576
382.000000	0.004123	27.59	1030.848
383.000000	0.004652	37.37	760.864
384.000000	0.004994	31.25	944.944
385.000000	0.004164	36.84	736.320
386.000000	0.005999	29.59	846.768
387.000000	0.005387	37.65	638.144
388.000000	0.006598	47.44	515.424
389.000000	0.007013	35.71	662.688
390.000000	0.004648	32.99	785.408
391.000000	0.004785	28.57	932.672
392.000000	0.004235	19.08	1300.832
393.000000	0.003861	21.54	1251.744
394.000000	0.004033	12.14	1509.456
395.000000	0.003584	13.64	1619.904
396.000000	0.004007	14.38	1534.000
397.000000	0.004145	6.15	2061.696
398.000000	0.003412	7.18	2393.040
399.000000	0.003287	7.41	2135.328
400.000000	0.002429	5.20	3141.632
401.000000	0.003090	4.07	2896.192
402.000000	0.002375	2.19	3816.592
403.000000	0.003152	3.93	2699.840
404.000000	0.002110	1.04	4663.360
405.000000	0.002006	0.73	5006.976
406.000000	0.001899	0.45	5387.408
407.000000	0.001776	0.43	5632.848
408.000000	0.001708	0.66	5559.216
409.000000	0.001694	0.41	5890.560
410.000000	0.001242	0.00	8136.336
411.000000	0.001668	0.21	5915.104
412.000000	0.001323	0.00	7645.456
413.000000	0.001298	0.00	7694.544
414.000000	0.001216	0.00	7890.896
415.000000	0.001109	0.00	8516.768
416.000000	0.000961	0.00	9621.248
417.000000	0.001000	0.00	9240.816
418.000000	0.001012	0.00	9105.824
419.000000	0.000880	0.00	10161.216
420.000000	0.000977	0.14	8774.480
421.000000	0.000853	0.00	10333.024
422.000000	0.001083	0.15	8246.784
423.000000	0.001109	0.00	8455.408
424.000000	0.000990	0.00	9216.272
425.000000	0.001162	0.00	8222.240
426.000000	0.001203	0.00	7989.072
427.000000	0.000999	0.00	9081.280
428.000000	0.000883	0.00	10210.304
429.000000	0.001122	0.00	8222.240
430.000000	0.000960	0.13	9240.816
431.000000	0.001245	0.16	7731.360
432.000000	0.001226	0.00	7804.992
433.000000	0.001132	0.00	8516.768
434.000000	0.001247	0.00	8013.616
435.000000	0.001237	0.00	8222.240
436.000000	0.001386	0.00	7252.752
437.000000	0.001666	0.43	5694.208
438.000000	0.001820	0.21	5804.656
439.000000	0.001663	0.62	5853.744
440.000000	0.001836	0.21	5743.296
441.000000	0.002315	1.17	4147.936
442.000000	0.002358	0.27	4503.824
443.000000	0.002661	3.94	3006.640
444.000000	0.003080	2.02	2969.824
445.000000	0.003097	3.57	2982.096
446.000000	0.003862	6.52	2123.056
447.000000	0.003124	6.25	2380.768
448.000000	0.003080	5.99	2503.488
449.000000	0.003033	5.43	2564.848
450.000000	0.003153	5.63	2466.672
451.000000	0.002927	4.17	2822.560
452.000000	0.002564	3.65	3239.808
453.000000	0.002674	2.01	3595.696
454.000000	0.002251	2.12	3963.856
455.000000	0.002101	0.75	4859.712
456.000000	0.001966	2.50	3841.136
457.000000	0.001868	0.23	5252.416
458.000000	0.002526	0.58	4197.024
459.000000	0.001794	0.45	5411.952
460.000000	0.001762	0.00	5988.736
461.000000	0.001490	0.00	6737.328
462.000000	0.001353	0.17	7068.672
463.000000	0.001320	0.16	7449.104
464.000000	0.001135	0.15	8099.520
465.000000	0.001345	0.17	7252.752
466.000000	0.001121	0.15	8443.136
467.000000	0.001245	0.17	7166.848
468.000000	0.001047	0.00	9167.184
469.000000	0.001200	0.00	7903.168
470.000000	0.001191	0.00	8087.248
471.000000	0.001025	0.14	8553.584
472.000000	0.001074	0.00	8700.848
473.000000	0.001147	0.00	8529.040
474.000000	0.001206	0.00	7878.624
475.000000	0.001327	0.17	7154.576
476.000000	0.001017	0.00	9351.264
477.000000	0.001177	0.00	8344.960
478.000000	0.001224	0.00	7976.800
479.000000	0.001302	0.34	7179.120
480.000000	0.001147	0.32	7719.088
481.000000	0.001411	0.36	6700.512
482.000000	0.001470	0.57	6430.528
483.000000	0.001479	0.00	6774.144
484.000000	0.001567	0.37	6540.976
485.000000	0.001917	0.23	5375.136
486.000000	0.001975	0.47	5154.240
487.000000	0.001529	0.58	6258.720
488.000000	0.002291	1.79	4049.760
489.000000	0.001973	1.39	4344.288
490.000000	0.002216	0.83	4393.376
491.000000	0.002807	2.55	3288.896
492.000000	0.002417	1.92	3767.504
493.000000	0.002816	5.20	2920.736
494.000000	0.002869	4.60	2798.016
495.000000	0.003026	5.94	2528.032
496.000000	0.003814	9.20	1938.976
497.000000	0.003282	12.20	1754.896
498.000000	0.004089	13.46	1656.720
499.000000	0.003359	14.38	1693.536
500.000000	0.004122	16.42	1374.464
501.000000	0.004378	18.05	1337.648
502.000000	0.004266	21.43	1214.928
503.000000	0.003344	16.78	1448.096
504.000000	0.004193	19.38	1288.560
505.000000	0.006220	14.53	1227.200
506.000000	0.003803	14.97	1521.728
507.000000	0.004512	12.23	1509.456
508.000000	0.003399	4.89	2613.936
509.000000	0.003723	7.65	2073.968
510.000000	0.002896	4.98	2356.224
511.000000	0.002590	1.81	3337.984
512.000000	0.002829	3.85	3068.000
513.000000	0.002525	2.52	3313.440
514.000000	0.002204	2.37	4037.488
515.000000	0.001783	0.92	5289.232
516.000000	0.001949	0.23	5240.144
517.000000	0.001726	2.06	4663.360
518.000000	0.001827	0.70	5264.688
519.000000	0.001583	0.00	6442.800
520.000000	0.001442	0.37	6577.792
521.000000	0.001352	0.17	7412.288
522.000000	0.001283	0.00	7436.832
523.000000	0.001406	0.00	7166.848
524.000000	0.001430	0.37	6553.248
525.000000	0.001225	0.00	8001.344
526.000000	0.001355	0.17	7056.400
527.000000	0.001224	0.00	7866.352
528.000000	0.001045	0.00	8958.560
529.000000	0.001068	0.15	8332.688
530.000000	0.001000	0.00	9240.816
531.000000	0.000979	0.00	9289.904
532.000000	0.000949	0.00	9424.896
533.000000	0.000903	0.00	9952.592
534.000000	0.000892	0.00	9670.336
535.000000	0.001043	0.00	8884.928
536.000000	0.000979	0.00	9338.992
537.000000	0.000992	0.00	9388.080
538.000000	0.001001	0.14	8835.840
539.000000	0.000919	0.00	9977.136
540.000000	0.001066	0.00	8835.840
541.000000	0.001183	0.16	7792.720
542.000000	0.001123	0.00	8332.688
543.000000	0.001199	0.16	7694.544
544.000000	0.001091	0.29	8492.224
545.000000	0.001352	0.35	6970.496
546.000000	0.001561	0.20	6234.176
547.000000	0.001447	0.36	6884.592
548.000000	0.001778	0.00	5939.648
549.000000	0.002039	1.28	4736.992
550.000000	0.002008	0.50	4847.440
551.000000	0.001931	0.74	4908.800
552.000000	0.001907	2.13	4516.096
553.000000	0.002657	2.35	3583.424
554.000000	0.002239	2.32	3607.968
555.000000	0.002758	3.30	3239.808
556.000000	0.002851	3.45	3092.544
557.000000	0.003288	4.93	2613.936
558.000000	0.003754	10.18	1828.528
559.000000	0.004417	8.44	1730.352
560.000000	0.003395	8.99	2123.056
561.000000	0.004236	11.52	1779.440
562.000000	0.003506	10.50	1988.064
563.000000	0.002994	6.54	2466.672
564.000000	0.003174	5.02	2552.576
565.000000	0.002520	4.40	3190.720
566.000000	0.002553	1.92	3767.504
567.000000	0.002377	0.90	4025.216
568.000000	0.002546	0.58	4197.024
569.000000	0.002376	2.24	3755.232
570.000000	0.001785	0.90	5411.952
571.000000	0.001559	0.41	5927.376
572.000000	0.001238	0.34	7191.392
573.000000	0.001396	0.16	7620.912
574.000000	0.001286	0.00	7240.480
575.000000	0.000986	0.00	9424.896
576.000000	0.000974	0.00	9633.520
577.000000	0.000776	0.00	10688.912
578.000000	0.000857	0.00	10013.952
579.000000	0.000767	0.00	10848.448
580.000000	0.000678	0.00	11376.144
581.000000	0.000567	0.00	12922.416
582.000000	0.000659	0.00	11854.752
583.000000	0.000564	0.00	12615.616
584.000000	0.000541	0.10	12186.096
585.000000	0.000484	0.00	14063.712
586.000000	0.000472	0.00	13953.264
587.000000	0.000436	0.00	14395.056
588.000000	0.000459	0.00	14051.440
589.000000	0.000438	0.00	14358.240
590.000000	0.000459	0.00	14198.704
591.000000	0.000432	0.00	14235.520
592.000000	0.000438	0.00	14137.344
593.000000	0.000451	0.00	13867.360
594.000000	0.000448	0.00	13818.272
595.000000	0.000461	0.00	13867.360
596.000000	0.000528	0.00	13032.864
597.000000	0.000441	0.00	13953.264
598.000000	0.000445	0.00	14726.400
599.000000	0.000524	0.00	13032.864
600.000000	0.000531	0.00	13131.040
601.000000	0.000582	0.00	12272.000
602.000000	0.000583	0.00	12541.984
603.000000	0.000560	0.00	12456.080
604.000000	0.000625	0.00	11867.024
605.000000	0.000712	0.00	10922.080
606.000000	0.000712	0.00	11265.696
607.000000	0.000769	0.00	10713.456
608.000000	0.000899	0.00	9731.696
609.000000	0.001050	0.00	8909.472
610.000000	0.001054	0.00	8884.928
611.000000	0.001152	0.00	8541.312
612.000000	0.001803	0.45	5436.496
613.000000	0.001548	0.19	6332.352
614.000000	0.001391	0.74	6540.976
615.000000	0.002096	0.78	4687.904
616.000000	0.002010	1.43	4221.568
617.000000	0.001940	0.75	4871.984
618.000000	0.002828	2.64	3178.448
619.000000	0.002755	3.35	3190.720
620.000000	0.002958	6.70	2393.040
621.000000	0.002703	5.18	2908.464
622.000000	0.003476	6.22	2221.232
623.000000	0.002982	11.88	2196.688
624.000000	0.003486	13.07	1865.344
625.000000	0.003709	15.69	1595.360
626.000000	0.004220	16.06	1399.008
627.000000	0.003363	29.20	994.032
628.000000	0.004805	37.00	773.136
629.000000	0.004538	31.31	834.496
630.000000	0.006032	32.99	785.408
631.000000	0.004379	43.53	589.056
632.000000	0.005239	43.21	564.512
633.000000	0.006082	39.33	674.960
634.000000	0.005161	36.17	736.320
635.000000	0.006099	43.37	576.784
636.000000	0.004907	42.22	638.144
637.000000	0.004986	30.21	822.224
638.000000	0.004081	26.85	957.216
639.000000	0.004085	16.90	1448.096
640.000000	0.003657	22.40	1190.384
641.000000	0.003637	12.10	1693.536
642.000000	0.003770	8.72	1938.976
643.000000	0.003333	13.58	1705.808
644.000000	0.003689	8.42	2135.328
645.000000	0.002875	4.65	2515.760
646.000000	0.002529	4.90	2859.376
647.000000	0.003221	5.21	2454.400
648.000000	0.002671	3.17	3387.072
649.000000	0.002787	3.88	3031.184
650.000000	0.002438	1.52	3963.856
651.000000	0.002288	2.61	3657.056
652.000000	0.002388	0.85	4295.200
653.000000	0.001656	0.00	6307.808
654.000000	0.002486	0.00	4319.744
655.000000	0.001900	0.23	5436.496
656.000000	0.001362	0.00	7301.840
657.000000	0.001395	0.00	7105.488
658.000000	0.001423	0.00	7191.392
659.000000	0.001050	0.13	9081.280
660.000000	0.001208	0.16	7841.808
661.000000	0.001081	0.15	8234.512
662.000000	0.001122	0.00	8602.672
663.000000	0.001282	0.17	7154.576
664.000000	0.000988	0.00	9253.088
665.000000	0.000871	0.00	10382.112
666.000000	0.001030	0.00	8970.832
667.000000	0.000864	0.00	9940.320
668.000000	0.000853	0.00	10443.472
669.000000	0.001035	0.00	8860.384
670.000000	0.000781	0.00	10787.088
671.000000	0.000979	0.00	8909.472
672.000000	0.000872	0.00	10050.768
673.000000	0.000921	0.00	9731.696
674.000000	0.000828	0.13	9756.240
675.000000	0.001038	0.00	9081.280
676.000000	0.000940	0.00	9596.704
677.000000	0.001201	0.00	8087.248
678.000000	0.001014	0.14	8467.680
679.000000	0.000969	0.00	9584.432
680.000000	0.001138	0.00	8357.232
681.000000	0.001453	0.00	6945.952
682.000000	0.001384	0.00	7080.944
683.000000	0.001236	0.33	7485.920
684.000000	0.001397	0.18	6798.688
685.000000	0.001278	0.33	7461.376
686.000000	0.002259	0.85	4319.744
687.000000	0.001855	0.22	5608.304
688.000000	0.001793	0.43	5620.576
689.000000	0.001963	0.48	5129.696
690.000000	0.002509	1.23	3927.040
691.000000	0.002298	2.71	3522.064
692.000000	0.002462	2.00	3607.968
693.000000	0.003358	4.78	2442.128
694.000000	0.003012	5.43	2577.120
695.000000	0.003418	4.69	2491.216
696.000000	0.003802	6.18	2037.152
697.000000	0.002985	2.39	3018.912
698.000000	0.002867	3.44	3092.544
699.000000	0.002669	2.81	3399.344
700.000000	0.002205	0.85	4295.200
701.000000	0.002497	0.58	4172.480
702.000000	0.001667	1.12	5436.496
703.000000	0.002023	0.23	5264.688
704.000000	0.001416	0.00	7301.840
705.000000	0.001726	0.64	5681.936
706.000000	0.001255	0.33	7461.376
707.000000	0.001233	0.00	8074.976
708.000000	0.001483	0.00	6528.704
709.000000	0.000996	0.13	9412.624
710.000000	0.001090	0.00	8602.672
711.000000	0.001116	0.00	8492.224
712.000000	0.000884	0.00	10063.040
713.000000	0.000858	0.00	9977.136
714.000000	0.000779	0.00	11228.880
715.000000	0.000781	0.00	10652.096
716.000000	0.000918	0.00	9658.064
717.000000	0.000770	0.00	10639.824
718.000000	0.000708	0.00	11265.696
719.000000	0.000736	0.00	11069.344
720.000000	0.000655	0.00	12345.632
721.000000	0.000655	0.00	12026.560
722.000000	0.000716	0.00	11069.344
723.000000	0.000699	0.00	11388.416
724.000000	0.000669	0.00	11682.944
725.000000	0.000830	0.00	10271.664
726.000000	0.000804	0.00	10566.192
727.000000	0.000893	0.00	9412.624
728.000000	0.000764	0.00	10811.632
729.000000	0.000830	0.00	10333.024
730.000000	0.000827	0.00	10480.288
731.000000	0.000891	0.13	9572.160
732.000000	0.001038	0.14	8897.200
733.000000	0.001163	0.34	7265.024
734.000000	0.001159	0.00	8406.320
735.000000	0.001255	0.00	7755.904
736.000000	0.001463	0.00	6958.224
737.000000	0.001597	0.40	6185.088
738.000000	0.001510	0.19	6614.608
739.000000	0.001928	0.74	4970.160
740.000000	0.002045	0.49	4982.432
741.000000	0.001928	0.72	5117.424
742.000000	0.001885	1.25	4835.168
743.000000	0.001968	0.74	4908.800
744.000000	0.002834	2.11	3411.616
745.000000	0.002765	2.71	3092.544
746.000000	0.002841	8.26	2454.400
747.000000	0.002860	8.96	2233.504
748.000000	0.002700	4.14	3141.632
749.000000	0.003923	10.76	1730.352
750.000000	0.003868	16.67	1399.008
751.000000	0.003938	14.67	1570.816
752.000000	0.004982	18.18	1214.928
753.000000	0.004052	19.85	1288.560
754.000000	0.004415	23.68	1079.936
755.000000	0.005196	31.58	797.680
756.000000	0.003852	43.33	613.600
757.000000	0.004950	30.00	871.312
758.000000	0.003823	28.57	969.488
759.000000	0.003814	22.14	1264.016
760.000000	0.003383	25.00	1214.928
761.000000	0.004307	23.48	1067.664
762.000000	0.004300	15.11	1448.096
763.000000	0.003932	17.61	1435.824
764.000000	0.003610	14.58	1509.456
765.000000	0.003393	13.17	1791.712
766.000000	0.003780	16.22	1521.728
767.000000	0.004092	12.33	1558.544
768.000000	0.003752	10.06	1877.616
769.000000	0.003205	10.38	2000.336
770.000000	0.003614	8.94	2012.608
771.000000	0.002983	10.16	2061.696
772.000000	0.003697	7.51	1951.248
773.000000	0.003876	10.11	1963.520
774.000000	0.003253	12.14	1865.344
775.000000	0.002520	7.46	2589.392
776.000000	0.003776	7.53	2110.784
777.000000	0.002325	9.54	2675.296
778.000000	0.003332	7.18	2061.696
779.000000	0.002567	11.54	2270.320
780.000000	0.003484	10.47	1889.888
781.000000	0.003493	8.24	2049.424
782.000000	0.003236	15.58	1595.360
783.000000	0.003685	10.30	1803.984
784.000000	0.003510	11.38	1816.256
785.000000	0.004138	15.67	1386.736
786.000000	0.003418	7.77	2184.416
787.000000	0.003754	11.18	1865.344
788.000000	0.004399	13.64	1619.904
789.000000	0.004629	14.86	1558.544
790.000000	0.004144	16.79	1386.736
791.000000	0.003540	19.29	1399.008
792.000000	0.003628	23.62	1190.384
793.000000	0.003433	21.85	1129.024
794.000000	0.003691	22.66	1214.928
795.000000	0.005440	23.15	1018.576
796.000000	0.004499	27.19	1018.576
797.000000	0.003897	36.46	760.864
798.000000	0.004881	21.01	1141.296
799.000000	0.004531	14.81	1423.552
800.000000	0.004783	25.20	1116.752
801.000000	0.005497	26.47	932.672
802.000000	0.003971	13.29	1681.264
803.000000	0.003908	11.54	1693.536
804.000000	0.003419	8.33	2159.872
805.000000	0.003153	10.42	2110.784
806.000000	0.003475	6.28	2380.768
807.000000	0.002923	8.06	2368.496
808.000000	0.002249	6.25	2945.280
809.000000	0.002742	4.69	3006.640
810.000000	0.003175	3.07	3092.544
811.000000	0.002577	2.02	3571.152
812.000000	0.002320	0.83	4393.376
813.000000	0.002125	0.50	4921.072
814.000000	0.002354	0.87	4184.752
815.000000	0.001941	0.22	5522.400
816.000000	0.002237	0.86	4258.384
817.000000	0.001623	0.19	6369.168
818.000000	0.001805	0.22	5522.400
819.000000	0.002089	1.71	4221.568
820.000000	0.001419	0.18	6970.496
821.000000	0.001557	0.81	6013.280
822.000000	0.001336	1.20	6074.640
823.000000	0.001620	0.63	5767.840
824.000000	0.001740	0.00	5816.928
825.000000	0.001764	0.45	5485.584
826.000000	0.001395	0.75	6528.704
827.000000	0.001707	0.21	5976.464
828.000000	0.001246	0.00	7927.712
829.000000	0.001312	0.54	6823.232
830.000000	0.001665	0.63	5841.472
831.000000	0.001454	0.37	6540.976
832.000000	0.001536	0.00	6823.232
833.000000	0.001822	0.22	5669.664
834.000000	0.002132	0.50	4871.984
835.000000	0.001869	0.00	5645.120
836.000000	0.002001	0.98	4945.616
837.000000	0.002027	1.03	4712.448
838.000000	0.002283	0.54	4552.912
839.000000	0.002200	1.39	4381.104
840.000000	0.002711	2.19	3288.896
841.000000	0.002445	2.64	3620.240
842.000000	0.002833	2.24	3202.992
843.000000	0.002610	4.31	2994.368
844.000000	0.003045	2.30	3141.632
845.000000	0.002846	4.15	2822.560
846.000000	0.003256	11.54	1693.536
847.000000	0.003414	6.91	2147.600
848.000000	0.003297	6.22	2417.584
849.000000	0.003291	10.87	2000.336
850.000000	0.003543	12.05	1803.984
851.000000	0.003376	16.06	1411.280
852.000000	0.003535	16.77	1583.088
853.000000	0.005247	19.66	1141.296
854.000000	0.004541	20.83	1178.112
855.000000	0.004863	23.42	1043.120
856.000000	0.003644	24.59	1116.752
857.000000	0.004437	27.68	994.032
858.000000	0.005345	24.30	994.032
859.000000	0.004897	27.03	1006.304
860.000000	0.004046	29.91	920.400
861.000000	0.004309	35.35	773.136
862.000000	0.005844	40.74	601.328
863.000000	0.004577	38.95	699.504
864.000000	0.004644	47.67	564.512
865.000000	0.005353	47.56	527.696
866.000000	0.004987	48.31	564.512
867.000000	0.004213	42.22	638.144
868.000000	0.004730	39.13	687.232
869.000000	0.004297	40.62	687.232
870.000000	0.004822	35.05	785.408
871.000000	0.006216	29.47	809.952
872.000000	0.004755	23.48	1092.208
873.000000	0.005271	22.32	1055.392
874.000000	0.004796	22.13	1178.112
875.000000	0.005024	21.37	1116.752
876.000000	0.004478	12.50	1472.640
877.000000	0.002935	14.46	1742.624
878.000000	0.004487	14.07	1411.280
879.000000	0.003587	10.86	1914.432
880.000000	0.003569	7.29	2196.688
881.000000	0.002889	6.03	2663.024
882.000000	0.002550	5.96	2724.384
883.000000	0.002666	4.30	2994.368
884.000000	0.003559	6.40	2343.952
885.000000	0.002871	2.15	3350.256
886.000000	0.002889	3.56	2982.096
887.000000	0.003212	1.98	3031.184
888.000000	0.002174	2.44	3939.312
889.000000	0.001879	1.72	4896.528
890.000000	0.002052	0.99	4896.528
891.000000	0.001967	1.66	4368.832
892.000000	0.002003	1.24	4871.984
893.000000	0.002146	1.06	4602.000
894.000000	0.002153	0.51	4798.352
895.000000	0.001935	0.23	5387.408
896.000000	0.001788	1.22	4970.160
897.000000	0.001906	0.24	5203.328
898.000000	0.001833	0.98	4982.432
899.000000	0.002064	0.48	5056.064
900.000000	0.001641	0.42	5829.200
901.000000	0.001606	0.19	6344.624
902.000000	0.001745	0.44	5596.032
903.000000	0.001973	0.70	5215.600
904.000000	0.001664	0.20	5976.464
905.000000	0.002287	1.57	3853.408
906.000000	0.002469	0.28	4430.192
907.000000	0.002381	0.90	4062.032
908.000000	0.002363	1.47	4086.576
909.000000	0.001981	0.97	5006.976
910.000000	0.002295	1.68	4307.472
911.000000	0.002675	3.20	3337.984
912.000000	0.003057	3.52	2687.568
913.000000	0.002708	1.44	3362.528
914.000000	0.002447	3.26	3644.784
915.000000	0.002673	4.58	3080.272
916.000000	0.002766	5.51	2724.384
917.000000	0.002990	4.05	2908.464
918.000000	0.002643	8.37	2417.584
919.000000	0.002766	9.91	2343.952
920.000000	0.003759	13.64	1644.448
921.000000	0.003268	11.73	1742.624
922.000000	0.003560	17.16	1362.192
923.000000	0.003987	16.89	1509.456
924.000000	0.003683	16.33	1521.728
925.000000	0.004318	27.83	1018.576
926.000000	0.004164	21.26	1227.200
927.000000	0.004229	22.66	1202.656
928.000000	0.004476	29.36	957.216
929.000000	0.003625	28.07	1006.304
930.000000	0.004942	31.46	736.320
931.000000	0.004903	35.63	687.232
932.000000	0.005104	25.00	932.672
933.000000	0.004570	43.68	589.056
934.000000	0.005801	37.93	674.960
935.000000	0.004166	34.41	736.320
936.000000	0.004799	37.11	760.864
937.000000	0.006033	34.88	687.232
938.000000	0.005503	38.20	662.688
939.000000	0.004620	26.61	981.760
940.000000	0.003491	18.30	1546.272
941.000000	0.003499	27.03	981.760
942.000000	0.003752	12.42	1656.720
943.000000	0.003845	13.89	1521.728
944.000000	0.003341	12.18	1668.992
945.000000	0.003149	10.92	1902.160
946.000000	0.003241	4.78	2454.400
947.000000	0.003202	5.38	2577.120
948.000000	0.002371	4.51	3129.360
949.000000	0.003288	2.63	2712.112
950.000000	0.002005	0.98	4994.704
951.000000	0.002131	0.51	4773.808
952.000000	0.001656	0.61	5951.920
953.000000	0.001754	0.69	5276.960
954.000000	0.001626	0.19	6320.080
955.000000	0.001381	0.17	7044.128
956.000000	0.001093	0.00	8725.392
957.000000	0.001024	0.00	9216.272
958.000000	0.000974	0.00	9314.448
959.000000	0.001079	0.15	8222.240
960.000000	0.000917	0.00	9756.240
961.000000	0.000788	0.00	10664.368
962.000000	0.000649	0.00	11560.224
963.000000	0.000653	0.00	11879.296
964.000000	0.000563	0.00	12554.256
965.000000	0.000552	0.00	12873.328
966.000000	0.000522	0.00	13204.672
967.000000	0.000512	0.00	13536.016
968.000000	0.000499	0.00	13462.384
969.000000	0.000477	0.00	13683.280
970.000000	0.000466	0.00	14002.352
971.000000	0.000487	0.00	13756.912
972.000000	0.000449	0.00	14210.976
973.000000	0.000458	0.00	13904.176
974.000000	0.000403	0.00	14861.392
975.000000	0.000423	0.00	14223.248
976.000000	0.000442	0.00	14370.512
977.000000	0.000407	0.00	14591.408
978.000000	0.000433	0.00	14615.952
979.000000	0.000426	0.00	14333.696
980.000000	0.000479	0.00	13401.024
981.000000	0.000462	0.00	14137.344
982.000000	0.000499	0.00	13671.008
983.000000	0.000510	0.00	13425.568
984.000000	0.000580	0.00	12456.080
985.000000	0.000629	0.00	11756.576
986.000000	0.000668	0.00	11658.400
987.000000	0.000699	0.00	11400.688
988.000000	0.000751	0.00	10946.624
989.000000	0.000759	0.00	11020.256
990.000000	0.000945	0.00	9596.704
991.000000	0.000985	0.00	9154.912
992.000000	0.001091	0.30	8099.520
993.000000	0.001159	0.00	8406.320
994.000000	0.001144	0.00	8308.144
995.000000	0.001553	0.18	6626.880
996.000000	0.001563	0.00	6725.056
997.000000	0.001569	0.38	6479.616
998.000000	0.001722	0.71	5166.512
999.000000	0.002021	1.04	4663.360
1000.000000	0.002490	2.25	3730.688
1001.000000	0.002400	2.27	3718.416
1002.000000	0.003168	3.20	2969.824
1003.000000	0.002798	2.08	3460.704
1004.000000	0.003117	4.89	2613.936
1005.000000	0.003050	9.76	2282.592
1006.000000	0.002793	9.55	2196.688
1007.000000	0.003759	9.09	2098.512
1008.000000	0.002529	10.89	2196.688
1009.000000	0.003197	6.60	2442.128
1010.000000	0.003258	3.96	2663.024
1011.000000	0.002518	2.68	3571.152
1012.000000	0.002652	4.00	3252.080
1013.000000	0.002706	3.41	3117.088
1014.000000	0.002228	1.59	3816.592
1015.000000	0.002562	2.55	3264.352
1016.000000	0.002395	2.27	3706.144
1017.000000	0.002111	1.57	4602.000
1018.000000	0.001724	1.40	5191.056
1019.000000	0.001836	0.71	5166.512
1020.000000	0.001887	0.47	5252.416
1021.000000	0.002070	0.79	4626.544
1022.000000	0.001651	0.61	5976.464
1023.000000	0.001972	0.48	5129.696
1024.000000	0.001910	0.48	5129.696
1025.000000	0.001752	0.00	6099.184
1026.000000	0.001662	0.63	5816.928
1027.000000	0.001647	0.41	6001.008
1028.000000	0.001869	0.00	5841.472
1029.000000	0.002059	0.24	5031.520
1030.000000	0.001772	0.21	5951.920
1031.000000	0.001513	0.57	6405.984
1032.000000	0.002522	0.29	4184.752
1033.000000	0.001788	1.17	5166.512
1034.000000	0.002104	1.02	4786.080
1035.000000	0.001823	1.89	4467.008
1036.000000	0.002255	0.53	4589.728
1037.000000	0.002261	1.17	4135.664
1038.000000	0.002162	1.06	4602.000
1039.000000	0.002296	0.54	4516.096
1040.000000	0.002563	2.29	3669.328
1041.000000	0.002463	1.81	4012.944
1042.000000	0.002242	3.73	3472.976
1043.000000	0.002461	3.41	3485.248
1044.000000	0.003311	6.15	2233.504
1045.000000	0.003056	4.72	2724.384
1046.000000	0.004639	3.78	2184.416
1047.000000	0.002985	5.99	2503.488
1048.000000	0.002983	3.56	3006.640
1049.000000	0.002807	2.11	3423.888
1050.000000	0.002509	3.96	3264.352
1051.000000	0.002076	1.67	4344.288
1052.000000	0.002664	0.91	3988.400
1053.000000	0.002141	0.78	4712.448
1054.000000	0.001767	2.14	4503.824
1055.000000	0.001785	0.89	5473.312
1056.000000	0.001895	0.22	5534.672
1057.000000	0.001582	0.40	6062.368
1058.000000	0.001624	0.20	6258.720
1059.000000	0.001991	1.01	4810.624
1060.000000	0.001744	0.21	5915.104
1061.000000	0.001266	0.17	7412.288
1062.000000	0.001073	0.00	9167.184
1063.000000	0.001226	0.00	8038.160
1064.000000	0.001154	0.00	8197.696
1065.000000	0.001204	0.15	8001.344
1066.000000	0.001283	0.17	7424.560
1067.000000	0.001132	0.15	8087.248
1068.000000	0.001163	0.00	8099.520
1069.000000	0.001196	0.00	8038.160
1070.000000	0.001297	0.17	7179.120
1071.000000	0.001178	0.00	8259.056
1072.000000	0.001165	0.49	7522.736
1073.000000	0.001325	0.00	7277.296
1074.000000	0.001396	0.17	7080.944
1075.000000	0.001465	0.00	7044.128
1076.000000	0.001364	0.16	7498.192
1077.000000	0.001800	0.00	5718.752
1078.000000	0.001621	1.03	5878.288
1079.000000	0.001848	0.52	4712.448
1080.000000	0.001744	0.65	5596.032
1081.000000	0.002069	0.49	5031.520
1082.000000	0.002214	1.48	4074.304
1083.000000	0.002063	0.75	4884.256
1084.000000	0.002150	0.24	5068.336
1085.000000	0.002708	2.55	3301.168
1086.000000	0.002714	2.92	3252.080
1087.000000	0.002960	1.89	3190.720
1088.000000	0.003629	4.19	2515.760
1089.000000	0.002818	3.59	2982.096
1090.000000	0.003103	9.14	2196.688
1091.000000	0.003123	10.06	1975.792
1092.000000	0.002703	7.73	2331.680
1093.000000	0.003136	10.11	1975.792
1094.000000	0.002763	7.01	2442.128
1095.000000	0.003622	6.49	2123.056
1096.000000	0.003260	8.63	2208.960
1097.000000	0.003294	8.65	2073.968
1098.000000	0.002640	5.65	2871.648
1099.000000	0.002560	3.80	3104.816
1100.000000	0.002954	4.07	2883.920
1101.000000	0.002631	4.31	2994.368
1102.000000	0.002744	3.49	3068.000
1103.000000	0.002745	2.08	3460.704
1104.000000	0.002316	1.51	4012.944
1105.000000	0.002600	2.84	3362.528
1106.000000	0.002440	2.33	3595.696
1107.000000	0.002571	3.14	3399.344
1108.000000	0.002427	3.27	3264.352
1109.000000	0.002993	3.66	2908.464
1110.000000	0.002427	3.47	3411.616
1111.000000	0.002519	4.20	3080.272
1112.000000	0.002963	2.39	3006.640
1113.000000	0.002747	3.10	3068.000
1114.000000	0.002459	2.89	3301.168
1115.000000	0.003510	5.94	2331.680
1116.000000	0.002750	3.80	3104.816
1117.000000	0.003151	5.34	2393.040
1118.000000	0.003323	3.93	2699.840
1119.000000	0.002740	5.68	2663.024
1120.000000	0.002562	6.75	2712.112
1121.000000	0.002686	6.25	2748.928
1122.000000	0.003668	6.12	2270.320
1123.000000	0.002871	4.47	2871.648
1124.000000	0.003023	3.28	2908.464
1125.000000	0.002897	5.53	2724.384
1126.000000	0.002759	2.95	3227.536
1127.000000	0.002760	3.52	3018.912
1128.000000	0.002644	3.14	3411.616
1129.000000	0.002449	2.26	3718.416
1130.000000	0.002458	3.12	3423.888
1131.000000	0.002782	3.03	3141.632
1132.000000	0.002527	0.85	4270.656
1133.000000	0.002577	2.76	3472.976
1134.000000	0.002238	2.24	3742.960
1135.000000	0.002450	1.80	4037.488
1136.000000	0.003133	7.11	2393.040
1137.000000	0.003277	5.26	2429.856
1138.000000	0.002814	4.20	2798.016
1139.000000	0.002137	3.92	3607.968
1140.000000	0.002800	3.27	3264.352
1141.000000	0.003515	5.74	2429.856
1142.000000	0.002975	5.56	2712.112
1143.000000	0.003215	5.56	2491.216
1144.000000	0.002797	8.90	2135.328
1145.000000	0.003182	3.88	2736.656
1146.000000	0.003592	13.70	1558.544
1147.000000	0.003379	13.25	1767.168
1148.000000	0.003145	8.96	2356.224
1149.000000	0.003006	7.04	2429.856
1150.000000	0.003247	7.22	2208.960
1151.000000	0.004109	5.75	2012.608
1152.000000	0.003306	5.45	2343.952
1153.000000	0.002602	4.41	3190.720
1154.000000	0.002690	2.50	3350.256
1155.000000	0.002863	1.38	3497.520
1156.000000	0.002228	1.71	4246.112
1157.000000	0.002500	1.22	3963.856
1158.000000	0.002363	1.20	4012.944
1159.000000	0.001967	1.93	4368.832
1160.000000	0.001933	1.01	4822.896
1161.000000	0.002026	0.79	4602.000
1162.000000	0.001984	0.23	5313.776
1163.000000	0.001768	0.69	5301.504
1164.000000	0.001660	0.88	5546.944
1165.000000	0.001612	0.41	6013.280
1166.000000	0.001737	0.89	5436.496
1167.000000	0.001345	0.72	6774.144
1168.000000	0.001488	0.37	6540.976
1169.000000	0.001767	0.21	5841.472
1170.000000	0.001651	0.21	5804.656
1171.000000	0.001675	0.00	6283.264
1172.000000	0.001335	0.17	7019.584
1173.000000	0.001589	0.00	6590.064
1174.000000	0.001504	0.18	6688.240
1175.000000	0.001509	0.00	7031.856
1176.000000	0.001741	0.42	5829.200
1177.000000	0.001584	0.80	6074.640
1178.000000	0.001840	0.71	5178.784
1179.000000	0.002028	0.51	4786.080
1180.000000	0.001541	0.38	6369.168
1181.000000	0.001787	0.44	5510.128
1182.000000	0.002064	1.68	4307.472
1183.000000	0.002051	0.99	4921.072
1184.000000	0.001982	1.53	4736.992
1185.000000	0.001955	1.23	4921.072
1186.000000	0.002939	2.41	2969.824
1187.000000	0.002496	1.47	4111.120
1188.000000	0.002929	3.12	3043.456
1189.000000	0.002700	2.31	3632.512
1190.000000	0.002934	7.66	2368.496
1191.000000	0.003205	7.69	2208.960
1192.000000	0.003327	4.63	2540.304
1193.000000	0.003962	11.11	1754.896
1194.000000	0.003390	9.34	2024.880
1195.000000	0.003843	11.52	1791.712
1196.000000	0.003588	6.47	2319.408
1197.000000	0.002761	10.40	2221.232
1198.000000	0.003144	7.18	2208.960
1199.000000	0.003229	6.06	2282.592
1200.000000	0.003265	4.41	2663.024
1201.000000	0.002924	3.35	3190.720
1202.000000	0.003129	3.51	2699.840
1203.000000	0.003268	5.39	2368.496
1204.000000	0.002851	2.15	3350.256
1205.000000	0.002425	2.53	3779.776
1206.000000	0.002578	1.58	3828.864
1207.000000	0.002347	1.20	4025.216
1208.000000	0.002104	2.03	4147.936
1209.000000	0.002663	1.71	3522.064
1210.000000	0.001949	2.89	4123.392
1211.000000	0.002301	3.33	3202.992
1212.000000	0.002328	0.80	4540.640
1213.000000	0.002382	1.18	4111.120
1214.000000	0.002634	1.66	3644.784
1215.000000	0.002451	2.20	3816.592
1216.000000	0.002174	1.60	4540.640
1217.000000	0.002298	1.47	4111.120
1218.000000	0.002417	2.21	3804.320
1219.000000	0.002466	1.52	3976.128
1220.000000	0.002355	2.11	3988.400
1221.000000	0.002492	2.00	3607.968
1222.000000	0.002648	1.68	3583.424
1223.000000	0.002337	0.84	4368.832
1224.000000	0.002526	3.48	3399.344
1225.000000	0.002644	3.53	3031.184
1226.000000	0.002663	2.87	3313.440
1227.000000	0.003505	3.45	2748.928
1228.000000	0.002900	6.28	2577.120
1229.000000	0.002731	2.43	3436.160
1230.000000	0.002279	4.11	3436.160
1231.000000	0.002502	1.82	3976.128
1232.000000	0.002265	1.45	4160.208
1233.000000	0.001947	1.29	4700.176
1234.000000	0.001864	1.23	4908.800
1235.000000	0.001682	1.78	4761.536
1236.000000	0.001714	0.42	5743.296
1237.000000	0.001648	0.00	6246.448
1238.000000	0.001431	0.00	7326.384
1239.000000	0.001508	0.18	6651.424
1240.000000	0.001127	0.33	7424.560
1241.000000	0.001333	0.00	7350.928
1242.000000	0.001012	0.00	9314.448
1243.000000	0.001001	0.00	9412.624
1244.000000	0.000933	0.00	9498.528
1245.000000	0.000849	0.00	10320.752
1246.000000	0.000925	0.14	8884.928
1247.000000	0.000785	0.00	10885.264
1248.000000	0.000809	0.00	10271.664
1249.000000	0.000787	0.00	10578.464
1250.000000	0.000690	0.00	11535.680
1251.000000	0.000785	0.00	10553.920
1252.000000	0.000785	0.00	10541.648
1253.000000	0.000724	0.00	11093.888
1254.000000	0.000717	0.00	10983.440
1255.000000	0.000741	0.00	11093.888
1256.000000	0.000735	0.00	10971.168
1257.000000	0.000765	0.00	10676.640
1258.000000	0.000739	0.00	10983.440
1259.000000	0.001010	0.00	8921.744
1260.000000	0.000860	0.00	9584.432
1261.000000	0.000879	0.00	9670.336
1262.000000	0.000870	0.00	9768.512
1263.000000	0.000890	0.00	9903.504
1264.000000	0.000807	0.00	10860.720
1265.000000	0.001073	0.00	8872.656
1266.000000	0.001147	0.00	8479.952
1267.000000	0.001377	0.18	6860.048
1268.000000	0.001337	0.00	7510.464
1269.000000	0.001421	0.18	6749.600
1270.000000	0.001796	0.45	5424.224
1271.000000	0.001674	0.00	6246.448
1272.000000	0.001539	0.38	6442.800
1273.000000	0.002056	0.77	4749.264
1274.000000	0.002321	0.27	4577.456
1275.000000	0.002133	0.77	4724.720
1276.000000	0.002469	0.88	4147.936
1277.000000	0.002516	3.16	3387.072
1278.000000	0.002717	3.31	3239.808
1279.000000	0.003101	2.28	3141.632
1280.000000	0.003013	4.70	2736.656
1281.000000	0.003124	8.59	2221.232
1282.000000	0.003254	7.69	2221.232
1283.000000	0.003843	13.55	1644.448
1284.000000	0.004014	20.77	1251.744
1285.000000	0.004090	16.18	1399.008
1286.000000	0.003542	23.48	1251.744
1287.000000	0.003950	18.98	1349.920
1288.000000	0.003948	25.64	1067.664
1289.000000	0.005316	21.74	1104.480
1290.000000	0.005802	28.43	908.128
1291.000000	0.004516	35.00	785.408
1292.000000	0.004084	33.66	822.224
1293.000000	0.005185	24.14	1079.936
1294.000000	0.005579	31.00	859.040
1295.000000	0.004600	37.25	785.408
1296.000000	0.004857	38.89	662.688
1297.000000	0.004228	37.37	773.136
1298.000000	0.004920	39.80	724.048
1299.000000	0.005092	22.02	1043.120
1300.000000	0.004178	20.16	1251.744
1301.000000	0.004285	20.00	1374.464
1302.000000	0.003801	18.31	1435.824
1303.000000	0.003685	15.03	1583.088
1304.000000	0.004364	11.84	1656.720
1305.000000	0.003874	9.36	1889.888
1306.000000	0.003448	5.09	2515.760
1307.000000	0.003153	5.97	2319.408
1308.000000	0.003196	3.69	2883.920
1309.000000	0.003120	4.67	2503.488
1310.000000	0.002554	4.35	3239.808
1311.000000	0.002402	2.96	3632.512
1312.000000	0.002483	2.66	3583.424
1313.000000	0.002387	1.80	4012.944
1314.000000	0.001900	1.32	4577.456
1315.000000	0.001825	0.95	5117.424
1316.000000	0.002079	1.03	4700.176
1317.000000	0.002100	0.25	4908.800
1318.000000	0.001985	0.23	5264.688
1319.000000	0.001477	0.20	6258.720
1320.000000	0.001653	0.00	6172.816
1321.000000	0.001525	0.00	6798.688
1322.000000	0.001477	0.39	6270.992
1323.000000	0.001271	0.00	7927.712
1324.000000	0.001280	0.00	7719.088
1325.000000	0.001351	0.00	7350.928
1326.000000	0.001063	0.28	8602.672
1327.000000	0.001107	0.00	8725.392
1328.000000	0.001386	0.18	6872.320
1329.000000	0.001329	0.00	7424.560
1330.000000	0.001100	0.00	8688.576
1331.000000	0.000961	0.28	8713.120
1332.000000	0.001203	0.00	8038.160
1333.000000	0.001402	0.00	7080.944
1334.000000	0.001171	0.00	8308.144
1335.000000	0.001215	0.16	7633.184
1336.000000	0.001373	0.00	7289.568
1337.000000	0.001657	0.00	6013.280
1338.000000	0.001345	0.00	7670.000
1339.000000	0.001519	0.18	6921.408
1340.000000	0.001444	0.00	6749.600
1341.000000	0.001348	0.17	7387.744
1342.000000	0.001693	0.40	6185.088
1343.000000	0.001634	0.20	6136.000
1344.000000	0.001918	1.63	4442.464
1345.000000	0.002250	1.08	4491.552
1346.000000	0.001977	0.84	4356.560
1347.000000	0.002169	0.83	4405.648
1348.000000	0.003022	3.75	2847.104
1349.000000	0.002385	1.93	3730.688
1350.000000	0.002113	3.53	3350.256
1351.000000	0.002621	5.18	2920.736
1352.000000	0.002877	4.49	2883.920
1353.000000	0.003011	8.63	2196.688
1354.000000	0.003474	10.91	1816.256
1355.000000	0.003263	8.21	2184.416
1356.000000	0.004023	10.06	1877.616
1357.000000	0.003590	8.29	2024.880
1358.000000	0.003408	7.08	2429.856
1359.000000	0.003494	6.10	2454.400
1360.000000	0.003154	4.35	2687.568
1361.000000	0.003349	5.42	2356.224
1362.000000	0.003247	3.95	2687.568
1363.000000	0.002362	1.53	3939.312
1364.000000	0.002530	3.33	3202.992
1365.000000	0.002376	2.68	3571.152
1366.000000	0.002657	2.94	3227.536
1367.000000	0.002040	1.98	4258.384
1368.000000	0.002212	1.42	4233.840
1369.000000	0.002353	0.80	4577.456
1370.000000	0.002318	1.61	3755.232
1371.000000	0.001961	0.72	5068.336
1372.000000	0.002243	0.53	4589.728
1373.000000	0.002110	0.26	4810.624
1374.000000	0.001758	0.89	5473.312
1375.000000	0.001978	1.02	4773.808
1376.000000	0.001994	0.00	5375.136
1377.000000	0.001768	0.22	5620.576
1378.000000	0.001736	0.00	6209.632
1379.000000	0.002407	0.57	4307.472
1380.000000	0.002177	0.82	4479.280
1381.000000	0.002146	0.81	4516.096
1382.000000	0.001922	0.98	4957.888
1383.000000	0.001888	1.60	4528.368
1384.000000	0.002199	0.87	4184.752
1385.000000	0.002248	1.40	4332.016
1386.000000	0.002171	1.40	4295.200
1387.000000	0.002468	0.59	4147.936
1388.000000	0.002495	1.57	3841.136
1389.000000	0.002736	3.12	3423.888
1390.000000	0.002584	2.37	3534.336
1391.000000	0.002615	4.09	3166.176
1392.000000	0.002724	3.95	2994.368
1393.000000	0.003518	4.46	2356.224
1394.000000	0.003212	4.85	2650.752
1395.000000	0.003203	5.70	2650.752
1396.000000	0.003138	9.95	2098.512
1397.000000	0.002734	3.46	3080.272
1398.000000	0.002627	2.34	3583.424
1399.000000	0.002446	1.51	4000.672
1400.000000	0.002033	1.29	4700.176
1401.000000	0.002081	0.24	5166.512
1402.000000	0.002477	1.63	3706.144
1403.000000	0.001943	0.23	5399.680
1404.000000	0.001807	1.15	5252.416
1405.000000	0.001447	0.18	6896.864
1406.000000	0.001687	0.00	6086.912
1407.000000	0.001621	0.00	6528.704
1408.000000	0.001559	0.19	6553.248
1409.000000	0.001539	0.41	6001.008
1410.000000	0.001633	0.40	6062.368
1411.000000	0.001145	0.00	8332.688
1412.000000	0.001316	0.17	7424.560
1413.000000	0.001162	0.00	8406.320
1414.000000	0.001195	0.00	8283.600
1415.000000	0.001181	0.00	8320.416
1416.000000	0.001331	0.00	7584.096
1417.000000	0.001098	0.15	8197.696
1418.000000	0.001352	0.00	7387.744
1419.000000	0.001189	0.15	7964.528
1420.000000	0.001315	0.00	7498.192
1421.000000	0.001275	0.00	7731.360
1422.000000	0.001350	0.00	7559.552
1423.000000	0.001381	0.17	7044.128
1424.000000	0.001403	0.37	6577.792
1425.000000	0.001242	0.00	7964.528
1426.000000	0.001534	0.61	6013.280
1427.000000	0.002002	0.25	4859.712
1428.000000	0.001632	0.40	6160.544
1429.000000	0.001688	0.64	5731.024
1430.000000	0.001754	0.89	5473.312
1431.000000	0.002257	0.00	4417.920
1432.000000	0.002202	1.13	4282.928
1433.000000	0.002264	1.52	4000.672
1434.000000	0.001902	1.87	4503.824
1435.000000	0.002165	1.81	3988.400
1436.000000	0.002669	3.01	3166.176
1437.000000	0.002618	3.62	3264.352
1438.000000	0.002705	4.17	3104.816
1439.000000	0.002949	4.18	2822.560
1440.000000	0.003225	5.60	2675.296
1441.000000	0.002485	2.31	3632.512
1442.000000	0.002787	4.12	2859.376
1443.000000	0.002213	1.71	4233.840
1444.000000	0.001896	1.88	4503.824
1445.000000	0.002097	1.39	4332.016
1446.000000	0.002011	0.76	4786.080
1447.000000	0.001660	0.63	5841.472
1448.000000	0.001415	0.36	6872.320
1449.000000	0.001588	0.40	6197.360
1450.000000	0.001538	0.00	6185.088
1451.000000	0.001440	0.18	6737.328
1452.000000	0.001147	0.00	8516.768
1453.000000	0.001034	0.14	8553.584
1454.000000	0.001060	0.00	8823.568
1455.000000	0.001048	0.00	8688.576
1456.000000	0.000937	0.00	9719.424
1457.000000	0.001059	0.00	8700.848
1458.000000	0.000984	0.00	9302.176
1459.000000	0.000741	0.00	11032.528
1460.000000	0.000936	0.00	9437.168
1461.000000	0.000881	0.00	10222.576
1462.000000	0.000779	0.00	10590.736
1463.000000	0.000709	0.00	11732.032
1464.000000	0.000771	0.00	10652.096
1465.000000	0.000844	0.00	10063.040
1466.000000	0.000895	0.00	9584.432
1467.000000	0.000800	0.00	10443.472
1468.000000	0.000795	0.00	10553.920
1469.000000	0.000851	0.00	10320.752
1470.000000	0.000945	0.00	9473.984
1471.000000	0.000874	0.00	10136.672
1472.000000	0.000834	0.00	10590.736
1473.000000	0.000968	0.00	9265.360
1474.000000	0.001003	0.00	9326.720
1475.000000	0.001385	0.00	7265.024
1476.000000	0.000968	0.14	8970.832
1477.000000	0.001337	0.00	7571.824
1478.000000	0.001392	0.38	6455.072
1479.000000	0.001478	0.19	6467.344
1480.000000	0.001698	0.87	5571.488
1481.000000	0.001990	0.77	4724.720
1482.000000	0.002036	0.77	4749.264
1483.000000	0.001652	0.84	5804.656
1484.000000	0.001892	1.04	4651.088
1485.000000	0.002020	1.62	4467.008
1486.000000	0.002568	2.85	3350.256
1487.000000	0.002920	3.56	2994.368
1488.000000	0.002588	5.46	2773.472
1489.000000	0.002813	4.70	2736.656
1490.000000	0.002559	10.15	2172.144
1491.000000	0.003658	9.64	1828.528
1492.000000	0.003538	5.67	2245.776
1493.000000	0.003928	9.15	1840.800
1494.000000	0.004247	12.50	1534.000
1495.000000	0.004644	27.52	981.760
1496.000000	0.004279	16.55	1423.552
1497.000000	0.004909	29.81	883.584
1498.000000	0.004087	29.36	957.216
1499.000000	0.005509	45.57	527.696
1500.000000	0.004727	34.44	724.048
1501.000000	0.003133	40.40	724.048
1502.000000	0.004722	32.69	859.040
1503.000000	0.004416	41.86	613.600
1504.000000	0.004605	39.58	711.776
1505.000000	0.006820	39.29	613.600
1506.000000	0.005058	35.96	699.504
1507.000000	0.005027	39.08	662.688
1508.000000	0.004189	29.90	834.496
1509.000000	0.004584	23.48	1079.936
1510.000000	0.003517	25.41	1104.480
1511.000000	0.004458	25.89	1018.576
1512.000000	0.003352	15.00	1668.992
1513.000000	0.003827	17.01	1497.184
1514.000000	0.003765	12.18	1681.264
1515.000000	0.004543	13.01	1570.816
1516.000000	0.003352	6.02	2478.944
1517.000000	0.003210	8.38	2147.600
1518.000000	0.003719	3.79	2491.216
1519.000000	0.002437	4.82	2908.464
1520.000000	0.003069	2.28	3153.904
1521.000000	0.002500	1.86	3890.224
1522.000000	0.002830	0.64	3792.048
1523.000000	0.002488	1.20	4049.760
1524.000000	0.002074	0.49	4970.160
1525.000000	0.001855	0.98	4945.616
1526.000000	0.001759	1.23	4945.616
1527.000000	0.001833	0.99	4908.800
1528.000000	0.001794	0.44	5596.032
1529.000000	0.001697	0.21	5816.928
1530.000000	0.001500	0.40	6148.272
1531.000000	0.001583	0.40	6123.728
1532.000000	0.001783	0.44	5596.032
1533.000000	0.001230	0.00	7559.552
1534.000000	0.001504	0.00	6455.072
1535.000000	0.001437	0.00	7056.400
1536.000000	0.001684	0.00	6074.640
1537.000000	0.001321	0.35	7093.216
1538.000000	0.001381	0.18	6860.048
1539.000000	0.001586	0.62	5878.288
1540.000000	0.001548	0.00	6774.144
1541.000000	0.001259	0.00	7559.552
1542.000000	0.001265	0.16	7535.008
1543.000000	0.001225	0.16	7768.176
1544.000000	0.001375	0.00	7326.384
1545.000000	0.001508	0.00	6835.504
1546.000000	0.001682	0.00	6221.904
1547.000000	0.001532	0.00	6872.320
1548.000000	0.001676	0.00	6221.904
1549.000000	0.001895	0.23	5276.960
1550.000000	0.001765	0.70	5191.056
1551.000000	0.002137	0.79	4602.000
1552.000000	0.001810	1.78	4736.992
1553.000000	0.002499	1.64	3681.600
1554.000000	0.002420	1.00	3657.056
1555.000000	0.002257	0.81	4503.824
1556.000000	0.002518	2.43	3448.432
1557.000000	0.002282	3.29	3607.968
1558.000000	0.002442	5.96	2724.384
1559.000000	0.003072	5.70	2233.504
1560.000000	0.002735	6.84	2663.024
1561.000000	0.003379	4.48	2613.936
1562.000000	0.002664	13.48	1902.160
1563.000000	0.003173	12.00	1877.616
1564.000000	0.003808	9.20	1828.528
1565.000000	0.002975	7.59	2540.304
1566.000000	0.003162	5.86	2552.576
1567.000000	0.002756	4.38	2945.280
1568.000000	0.002252	2.74	3927.040
1569.000000	0.002645	5.11	2748.928
1570.000000	0.002570	1.25	3853.408
1571.000000	0.001904	0.47	5178.784
1572.000000	0.002149	0.53	4602.000
1573.000000	0.001620	0.19	6332.352
1574.000000	0.001357	0.56	6528.704
1575.000000	0.001588	0.19	6418.256
1576.000000	0.001372	0.00	7203.664
1577.000000	0.001140	0.15	8357.232
1578.000000	0.001095	0.00	8185.424
1579.000000	0.001054	0.00	8909.472
1580.000000	0.000950	0.13	9179.456
1581.000000	0.000805	0.00	10541.648
1582.000000	0.000712	0.00	11523.408
1583.000000	0.000682	0.00	12002.016
1584.000000	0.000710	0.00	10958.896
1585.000000	0.000760	0.00	10836.176
1586.000000	0.000621	0.00	11854.752
1587.000000	0.000550	0.00	12848.784
1588.000000	0.000568	0.00	12701.520
1589.000000	0.000492	0.00	13769.184
1590.000000	0.000534	0.00	12922.416
1591.000000	0.000503	0.00	13450.112
1592.000000	0.000503	0.00	13290.576
1593.000000	0.000492	0.00	13437.840
1594.000000	0.000517	0.00	13094.224
1595.000000	0.000500	0.00	13351.936
1596.000000	0.000507	0.00	12959.232
1597.000000	0.000548	0.00	12836.512
1598.000000	0.000507	0.00	13486.928
1599.000000	0.000515	0.00	13241.488
1600.000000	0.000587	0.00	12272.000
1601.000000	0.000564	0.00	12811.968
1602.000000	0.000633	0.00	11793.392
1603.000000	0.000663	0.00	11572.496
1604.000000	0.000690	0.00	11351.600
1605.000000	0.000741	0.00	10958.896
1606.000000	0.000869	0.00	9817.600
1607.000000	0.000805	0.00	10934.352
1608.000000	0.000972	0.00	9621.248
1609.000000	0.001080	0.00	8565.856
1610.000000	0.001317	0.00	7682.272
1611.000000	0.001088	0.16	7817.264
1612.000000	0.001191	0.00	7841.808
1613.000000	0.001366	0.17	7203.664
1614.000000	0.001783	0.21	5878.288
1615.000000	0.001914	0.23	5399.680
1616.000000	0.001729	1.11	5485.584
1617.000000	0.002300	0.00	4810.624
1618.000000	0.002109	0.81	4528.368
1619.000000	0.002378	2.18	3853.408
1620.000000	0.002731	2.90	3288.896
1621.000000	0.003195	6.00	2319.408
1622.000000	0.003902	8.00	1975.792
1623.000000	0.003102	6.57	2429.856
1624.000000	0.004246	12.42	1644.448
1625.000000	0.003751	11.05	1889.888
1626.000000	0.004684	18.32	1313.104
1627.000000	0.004063	18.98	1362.192
1628.000000	0.004270	19.53	1264.016
1629.000000	0.003237	19.73	1435.824
1630.000000	0.003955	18.05	1337.648
1631.000000	0.003612	13.94	1742.624
1632.000000	0.004228	12.42	1644.448
1633.000000	0.003884	11.24	1853.072
1634.000000	0.003814	11.32	1718.080
1635.000000	0.004209	12.67	1619.904
1636.000000	0.003669	11.80	1742.624
1637.000000	0.003247	9.24	2049.424
1638.000000	0.003170	9.84	2135.328
1639.000000	0.003537	8.21	2196.688
1640.000000	0.003311	5.85	2356.224
1641.000000	0.003963	6.45	2135.328
1642.000000	0.003282	7.04	2429.856
1643.000000	0.003168	6.93	2319.408
1644.000000	0.002624	8.18	2478.944
1645.000000	0.003366	7.41	2147.600
1646.000000	0.003448	9.42	2110.784
1647.000000	0.003803	9.52	1865.344
1648.000000	0.003738	6.12	2258.048
1649.000000	0.003958	8.75	1803.984
1650.000000	0.003046	9.41	2245.776
1651.000000	0.003006	8.13	2343.952
1652.000000	0.003848	9.66	1951.248
1653.000000	0.003655	9.52	1865.344
1654.000000	0.003724	18.38	1374.464
1655.000000	0.003847	10.67	1632.176
1656.000000	0.004234	14.60	1448.096
1657.000000	0.003936	18.18	1423.552
1658.000000	0.004721	22.95	1165.840
1659.000000	0.004777	29.41	883.584
1660.000000	0.004957	21.24	1092.208
1661.000000	0.003896	25.00	1104.480
1662.000000	0.005445	29.47	822.224
1663.000000	0.006767	29.21	760.864
1664.000000	0.006443	36.67	711.776
1665.000000	0.003773	42.55	662.688
1666.000000	0.005150	58.11	380.432
1667.000000	0.004525	30.77	871.312
1668.000000	0.005271	41.57	638.144
1669.000000	0.005164	35.11	760.864
1670.000000	0.004365	25.21	1079.936
1671.000000	0.005188	20.72	1079.936
1672.000000	0.005751	26.67	944.944
1673.000000	0.004729	15.62	1325.376
1674.000000	0.003721	13.64	1644.448
1675.000000	0.003730	20.29	1337.648
1676.000000	0.003568	12.80	1754.896
1677.000000	0.003698	5.59	2073.968
1678.000000	0.003982	7.43	1988.064
1679.000000	0.003735	10.65	1853.072
1680.000000	0.003581	5.97	2331.680
1681.000000	0.002598	6.01	2687.568
1682.000000	0.002575	3.79	3117.088
1683.000000	0.002455	3.41	3472.976
1684.000000	0.002411	2.23	3755.232
1685.000000	0.002631	2.55	3276.624
1686.000000	0.002691	1.67	3620.240
1687.000000	0.002235	1.47	4111.120
1688.000000	0.002282	1.14	4270.656
1689.000000	0.001997	0.98	4957.888
1690.000000	0.002048	0.76	4786.080
1691.000000	0.002003	1.03	4724.720
1692.000000	0.001854	0.97	5031.520
1693.000000	0.001858	0.23	5350.592
1694.000000	0.001803	0.71	5166.512
1695.000000	0.001546	0.38	6418.256
1696.000000	0.001591	0.63	5780.112
1697.000000	0.001982	0.23	5240.144
1698.000000	0.001626	0.41	6025.552
1699.000000	0.001456	0.56	6504.160
1700.000000	0.001830	0.22	5596.032
1701.000000	0.002049	0.50	4884.256
1702.000000	0.001602	0.42	5767.840
1703.000000	0.001762	0.21	5878.288
1704.000000	0.001778	0.00	5927.376
1705.000000	0.002019	0.24	5178.784
1706.000000	0.001700	0.92	5276.960
1707.000000	0.001621	0.40	6099.184
1708.000000	0.001539	1.03	5915.104
1709.000000	0.001898	0.45	5399.680
1710.000000	0.002034	0.74	4921.072
1711.000000	0.002262	1.88	3853.408
1712.000000	0.002427	0.60	4062.032
1713.000000	0.003020	1.82	3301.168
1714.000000	0.002474	1.83	3951.584
1715.000000	0.002495	1.64	3657.056
1716.000000	0.002173	2.77	3877.952
1717.000000	0.002739	3.14	3423.888
1718.000000	0.002723	3.04	3129.360
1719.000000	0.003115	5.45	2540.304
1720.000000	0.003221	7.49	2135.328
1721.000000	0.003768	7.37	2147.600
1722.000000	0.003366	12.09	1975.792
1723.000000	0.004421	14.48	1509.456
1724.000000	0.003692	10.91	1803.984
1725.000000	0.003720	16.06	1411.280
1726.000000	0.003940	17.61	1435.824
1727.000000	0.003250	23.26	1214.928
1728.000000	0.005269	16.95	1214.928
1729.000000	0.004540	20.97	1190.384
1730.000000	0.003140	23.97	1141.296
1731.000000	0.004109	22.41	1104.480
1732.000000	0.004322	30.63	932.672
1733.000000	0.004242	26.36	1006.304
1734.000000	0.004528	31.78	895.856
1735.000000	0.004360	28.44	957.216
1736.000000	0.004800	35.79	748.592
1737.000000	0.005950	42.70	625.872
1738.000000	0.003963	45.56	601.328
1739.000000	0.004405	33.01	846.768
1740.000000	0.004471	30.63	944.944
1741.000000	0.005880	29.03	797.680
1742.000000	0.004135	17.91	1362.192
1743.000000	0.004687	25.47	969.488
1744.000000	0.004470	15.91	1349.920
1745.000000	0.004600	14.29	1411.280
1746.000000	0.003184	8.38	2147.600
1747.000000	0.003795	6.01	2110.784
1748.000000	0.002632	5.37	2798.016
1749.000000	0.002895	4.12	2859.376
1750.000000	0.003165	2.35	3068.000
1751.000000	0.001976	0.78	4700.176
1752.000000	0.002159	0.82	4454.736
1753.000000	0.002155	0.25	4859.712
1754.000000	0.001974	0.75	4871.984
1755.000000	0.001788	0.22	5681.936
1756.000000	0.001416	0.17	7093.216
1757.000000	0.001381	0.18	6663.696
1758.000000	0.001159	0.00	8332.688
1759.000000	0.001058	0.00	9056.736
1760.000000	0.000898	0.00	9964.864
1761.000000	0.000889	0.00	9707.152
1762.000000	0.000737	0.00	11425.232
1763.000000	0.000746	0.00	10823.904
1764.000000	0.000683	0.00	11474.320
1765.000000	0.000662	0.00	11621.584
1766.000000	0.000475	0.00	14149.616
1767.000000	0.000541	0.00	12971.504
1768.000000	0.000516	0.00	13253.760
1769.000000	0.000460	0.00	13953.264
1770.000000	0.000460	0.00	13818.272
1771.000000	0.000414	0.00	14493.232
1772.000000	0.000422	0.00	14787.760
1773.000000	0.000417	0.00	14677.312
1774.000000	0.000438	0.00	14149.616
1775.000000	0.000396	0.00	14701.856
1776.000000	0.000413	0.00	14456.416
1777.000000	0.000393	0.00	14800.032
1778.000000	0.000413	0.00	14358.240
1779.000000	0.000412	0.00	14554.592
1780.000000	0.000426	0.00	14395.056
1781.000000	0.000418	0.00	14333.696
1782.000000	0.000425	0.00	14640.496
1783.000000	0.000422	0.00	14321.424
1784.000000	0.000455	0.00	14235.520
1785.000000	0.000472	0.00	14149.616
1786.000000	0.000485	0.00	13585.104
1787.000000	0.000667	0.00	11241.152
1788.000000	0.000563	0.00	12762.880
1789.000000	0.000608	0.00	12038.832
1790.000000	0.000597	0.00	13032.864
1791.000000	0.000699	0.00	11756.576
1792.000000	0.000724	0.00	11155.248
1793.000000	0.000839	0.00	10247.120
1794.000000	0.000975	0.00	9289.904
1795.000000	0.001172	0.15	8148.608
1796.000000	0.000996	0.00	9154.912
1797.000000	0.001116	0.15	8185.424
1798.000000	0.001191	0.00	8013.616
1799.000000	0.001304	0.16	7535.008
1800.000000	0.001973	0.75	4884.256
1801.000000	0.001678	0.65	5669.664
1802.000000	0.002180	0.25	4822.896
1803.000000	0.002720	0.96	3792.048
1804.000000	0.002306	2.98	3607.968
1805.000000	0.002839	3.54	2994.368
1806.000000	0.003236	4.46	2638.480
1807.000000	0.002898	12.36	1914.432
1808.000000	0.003803	8.95	2110.784
1809.000000	0.003342	9.94	1889.888
1810.000000	0.003801	10.00	1889.888
1811.000000	0.003773	17.24	1472.640
1812.000000	0.004350	25.00	1067.664
1813.000000	0.003795	22.83	1202.656
1814.000000	0.004124	25.62	1104.480
1815.000000	0.005573	39.77	650.416
1816.000000	0.008121	41.33	539.968
1817.000000	0.004235	38.89	662.688
1818.000000	0.004841	53.16	454.064
1819.000000	0.003892	52.50	478.608
1820.000000	0.007391	47.95	466.336
1821.000000	0.004016	39.18	724.048
1822.000000	0.003956	49.33	466.336
1823.000000	0.005602	37.00	773.136
1824.000000	0.005742	45.78	552.240
1825.000000	0.005021	40.23	625.872
1826.000000	0.004169	27.35	1043.120
1827.000000	0.005511	25.00	994.032
1828.000000	0.004274	22.05	1227.200
1829.000000	0.003946	16.18	1386.736
1830.000000	0.004926	10.29	1497.184
1831.000000	0.003856	10.98	1791.712
1832.000000	0.003887	14.29	1619.904
1833.000000	0.002672	8.12	2650.752
1834.000000	0.003576	7.14	2221.232
1835.000000	0.002855	5.86	2577.120
1836.000000	0.002847	2.55	3264.352
1837.000000	0.002370	4.26	3313.440
1838.000000	0.002407	4.27	3301.168
1839.000000	0.001965	3.69	3522.064
1840.000000	0.002576	0.29	4270.656
1841.000000	0.001783	0.44	5522.400
1842.000000	0.001900	0.22	5497.856
1843.000000	0.001458	0.18	6749.600
1844.000000	0.001629	0.19	6405.984
1845.000000	0.001395	0.00	6970.496
1846.000000	0.001541	0.19	6479.616
1847.000000	0.001302	0.17	7093.216
1848.000000	0.001066	0.00	8970.832
1849.000000	0.001398	0.00	7080.944
1850.000000	0.001079	0.00	8762.208
1851.000000	0.000987	0.00	9179.456
1852.000000	0.000963	0.00	9375.808
1853.000000	0.000852	0.00	10013.952
1854.000000	0.000805	0.00	10799.360
1855.000000	0.000959	0.00	9326.720
1856.000000	0.000831	0.00	10517.104
1857.000000	0.000721	0.11	10799.360
1858.000000	0.000860	0.00	10087.584
1859.000000	0.000811	0.00	10468.016
1860.000000	0.000804	0.00	10541.648
1861.000000	0.000711	0.00	11633.856
1862.000000	0.000800	0.00	10823.904
1863.000000	0.000799	0.00	10848.448
1864.000000	0.000840	0.00	10173.488
1865.000000	0.000949	0.00	9265.360
1866.000000	0.000811	0.00	10995.712
1867.000000	0.000976	0.00	9277.632
1868.000000	0.001115	0.00	8479.952
1869.000000	0.001225	0.00	7866.352
1870.000000	0.001176	0.16	7719.088
1871.000000	0.001013	0.00	9461.712
1872.000000	0.001472	0.00	7117.760
1873.000000	0.001421	0.19	6479.616
1874.000000	0.001486	0.00	6872.320
1875.000000	0.001557	0.57	6405.984
1876.000000	0.001668	0.41	5976.464
1877.000000	0.001808	0.98	4970.160
1878.000000	0.001983	1.66	4368.832
1879.000000	0.002428	0.57	4282.928
1880.000000	0.002426	1.86	3890.224
1881.000000	0.002640	3.66	3239.808
1882.000000	0.003230	4.48	2601.664
1883.000000	0.002579	5.00	3043.456
1884.000000	0.003265	4.37	2675.296
1885.000000	0.002662	4.96	3068.000
1886.000000	0.002646	2.71	3080.272
1887.000000	0.002483	1.89	3816.592
1888.000000	0.002392	1.92	3767.504
1889.000000	0.002729	0.65	3742.960
1890.000000	0.002098	0.75	4847.440
1891.000000	0.002009	0.00	5154.240
1892.000000	0.001412	0.18	6958.224
1893.000000	0.001454	0.18	6810.960
1894.000000	0.001249	0.00	8062.704
1895.000000	0.001364	0.00	7326.384
1896.000000	0.001070	0.15	8406.320
1897.000000	0.001041	0.00	8541.312
1898.000000	0.000863	0.00	9928.048
1899.000000	0.000860	0.00	9952.592
1900.000000	0.000706	0.11	10848.448
1901.000000	0.000668	0.00	11658.400
1902.000000	0.000628	0.00	11830.208
1903.000000	0.000514	0.00	13621.920
1904.000000	0.000533	0.00	12824.240
1905.000000	0.000472	0.00	13879.632
1906.000000	0.000463	0.00	13977.808
1907.000000	0.000425	0.00	14444.144
1908.000000	0.000447	0.00	14125.072
1909.000000	0.000416	0.00	14591.408
1910.000000	0.000424	0.00	14542.320
1911.000000	0.000418	0.00	14517.776
1912.000000	0.000415	0.00	14431.872
1913.000000	0.000415	0.00	14603.680
1914.000000	0.000418	0.00	14272.336
1915.000000	0.000397	0.00	14885.936
1916.000000	0.000401	0.00	15045.472
1917.000000	0.000431	0.00	14137.344
1918.000000	0.000407	0.00	14800.032
1919.000000	0.000454	0.00	14210.976
1920.000000	0.000420	0.00	14579.136
1921.000000	0.000432	0.00	14628.224
1922.000000	0.000475	0.00	13916.448
1923.000000	0.000459	0.00	14358.240
1924.000000	0.000536	0.00	13032.864
1925.000000	0.000572	0.00	12419.264
1926.000000	0.000638	0.00	11523.408
1927.000000	0.000685	0.00	11363.872
1928.000000	0.000732	0.00	11081.616
1929.000000	0.000725	0.11	10688.912
1930.000000	0.000883	0.00	10026.224
1931.000000	0.001104	0.15	8062.704
1932.000000	0.001143	0.00	8357.232
1933.000000	0.001237	0.00	7964.528
1934.000000	0.001317	0.00	7645.456
1935.000000	0.001410	0.38	6442.800
1936.000000	0.001479	0.37	6626.880
1937.000000	0.001746	0.43	5669.664
1938.000000	0.001893	0.00	5706.480
1939.000000	0.002138	1.82	3976.128
1940.000000	0.002704	1.71	3509.792
1941.000000	0.002882	3.08	3104.816
1942.000000	0.003096	5.80	2577.120
1943.000000	0.002855	3.08	3092.544
1944.000000	0.002710	4.72	2982.096
1945.000000	0.002608	4.14	3117.088
1946.000000	0.003114	5.99	2515.760
1947.000000	0.002437	3.73	3472.976
1948.000000	0.003066	4.31	2724.384
1949.000000	0.002310	7.41	2773.472
1950.000000	0.003069	3.77	2810.288
1951.000000	0.003063	11.70	1865.344
1952.000000	0.002972	6.28	2380.768
1953.000000	0.003337	6.07	2454.400
1954.000000	0.002997	8.02	2405.312
1955.000000	0.003252	5.76	2196.688
1956.000000	0.004643	10.64	1546.272
1957.000000	0.004174	6.74	2049.424
1958.000000	0.003863	11.54	1693.536
1959.000000	0.003335	8.06	2098.512
1960.000000	0.003701	11.95	1718.080
1961.000000	0.003069	15.06	1730.352
1962.000000	0.003970	15.07	1509.456
1963.000000	0.003451	16.89	1521.728
1964.000000	0.003644	16.11	1521.728
1965.000000	0.004005	18.12	1399.008
1966.000000	0.004079	21.26	1214.928
1967.000000	0.005162	24.78	1055.392
1968.000000	0.005085	26.61	981.760
1969.000000	0.004700	28.30	920.400
1970.000000	0.004874	35.29	822.224
1971.000000	0.004436	44.58	564.512
1972.000000	0.004709	35.05	773.136
1973.000000	0.005109	41.57	638.144
1974.000000	0.006211	49.33	466.336
1975.000000	0.005147	38.71	687.232
1976.000000	0.005435	30.93	822.224
1977.000000	0.006547	32.97	748.592
1978.000000	0.003974	29.82	994.032
1979.000000	0.006149	38.55	613.600
1980.000000	0.004594	30.63	957.216
1981.000000	0.004997	25.49	920.400
1982.000000	0.005232	21.19	1153.568
1983.000000	0.004049	20.16	1264.016
1984.000000	0.003740	19.55	1313.104
1985.000000	0.004327	17.83	1300.832
1986.000000	0.003450	8.89	2000.336
1987.000000	0.003629	9.29	2049.424
1988.000000	0.003339	6.73	2368.496
1989.000000	0.003245	5.48	2552.576
1990.000000	0.002928	6.91	2478.944
1991.000000	0.003080	3.09	3080.272
1992.000000	0.002893	2.57	3239.808
1993.000000	0.003064	2.38	3018.912
1994.000000	0.002196	0.86	4233.840
1995.000000	0.002120	1.10	4430.192
1996.000000	0.001992	0.72	5043.792
1997.000000	0.001846	0.22	5448.768
1998.000000	0.001290	0.50	7350.928
1999.000000	0.001592	0.19	6307.808
2000.000000	0.001489	0.18	6700.512
2001.000000	0.001286	0.17	7301.840
2002.000000	0.001211	0.00	8062.704
2003.000000	0.001229	0.00	7755.904
2004.000000	0.000987	0.00	9302.176
2005.000000	0.001108	0.00	8651.760
2006.000000	0.001168	0.00	7964.528
2007.000000	0.000987	0.00	9216.272
2008.000000	0.000911	0.00	9989.408
2009.000000	0.000857	0.00	10357.568
2010.000000	0.001018	0.00	9069.008
2011.000000	0.000874	0.00	9964.864
2012.000000	0.000767	0.00	11216.608
2013.000000	0.000881	0.00	10124.400
2014.000000	0.000963	0.00	9486.256
2015.000000	0.000836	0.00	10259.392
2016.000000	0.000901	0.00	9780.784
2017.000000	0.001086	0.15	8295.872
2018.000000	0.000928	0.00	9204.000
2019.000000	0.001014	0.00	9105.824
2020.000000	0.001060	0.00	8823.568
2021.000000	0.001061	0.00	8983.104
2022.000000	0.001126	0.00	8308.144
2023.000000	0.001121	0.15	8283.600
2024.000000	0.001358	0.00	7031.856
2025.000000	0.001519	0.40	6074.640
2026.000000	0.001522	0.19	6504.160
2027.000000	0.001597	0.00	6491.888
2028.000000	0.001670	0.21	5927.376
2029.000000	0.001788	0.49	4994.704
2030.000000	0.001930	1.58	4577.456
2031.000000	0.001878	0.46	5375.136
2032.000000	0.002299	1.11	4344.288
2033.000000	0.002176	0.54	4503.824
2034.000000	0.002358	1.54	3914.768
2035.000000	0.002836	2.11	3423.888
2036.000000	0.002980	3.47	3068.000
2037.000000	0.002798	3.47	3068.000
2038.000000	0.003192	11.24	1951.248
2039.000000	0.003133	7.77	2172.144
2040.000000	0.002990	5.91	2552.576
2041.000000	0.003448	6.60	2417.584
2042.000000	0.003202	4.82	2663.024
2043.000000	0.002707	3.18	3362.528
2044.000000	0.002291	1.71	4221.568
2045.000000	0.002209	2.10	4000.672
2046.000000	0.002395	0.55	4442.464
2047.000000	0.002303	0.55	4405.648
2048.000000	0.002408	0.56	4368.832
2049.000000	0.002448	2.05	3509.792
2050.000000	0.001989	0.73	5031.520
2051.000000	0.001965	0.23	5411.952
2052.000000	0.002135	0.49	4957.888
2053.000000	0.001593	0.87	5608.304
2054.000000	0.001453	0.54	6737.328
2055.000000	0.001806	0.68	5338.320
2056.000000	0.001607	0.42	5755.568
2057.000000	0.001572	0.19	6418.256
2058.000000	0.001607	0.41	5976.464
2059.000000	0.001424	0.38	6516.432
2060.000000	0.001888	0.00	5583.760
2061.000000	0.001580	0.20	6258.720
2062.000000	0.001587	0.00	6405.984
2063.000000	0.001566	0.39	6209.632
2064.000000	0.001582	0.61	5951.920
2065.000000	0.001602	0.00	6639.152
2066.000000	0.001572	0.64	5743.296
2067.000000	0.001560	0.38	6418.256
2068.000000	0.001663	0.20	6050.096
2069.000000	0.001806	0.69	5276.960
2070.000000	0.001811	0.21	5841.472
2071.000000	0.001682	0.66	5559.216
2072.000000	0.001870	0.73	5006.976
2073.000000	0.002083	1.36	4467.008
2074.000000	0.002641	0.60	4049.760
2075.000000	0.002396	1.47	4111.120
2076.000000	0.002718	1.94	3730.688
2077.000000	0.002790	1.75	3460.704
2078.000000	0.002082	3.88	3939.312
2079.000000	0.002441	4.83	3141.632
2080.000000	0.002852	7.17	2540.304
2081.000000	0.003586	6.06	2282.592
2082.000000	0.003156	6.48	2478.944
2083.000000	0.003300	8.38	2159.872
2084.000000	0.003049	4.46	2626.208
2085.000000	0.003354	3.98	2650.752
2086.000000	0.002793	5.56	2724.384
2087.000000	0.003056	3.75	2834.832
2088.000000	0.002651	4.03	3202.992
2089.000000	0.003158	2.89	2896.192
2090.000000	0.002784	1.38	3485.248
2091.000000	0.002464	2.30	3657.056
2092.000000	0.002492	2.96	3215.264
2093.000000	0.002011	1.51	4810.624
2094.000000	0.002274	0.81	4503.824
2095.000000	0.002290	1.82	3951.584
2096.000000	0.002821	2.14	3362.528
2097.000000	0.002557	2.20	3828.864
2098.000000	0.001834	0.70	5178.784
2099.000000	0.002864	0.66	3718.416
2100.000000	0.001959	1.38	4381.104
2101.000000	0.002354	0.84	4332.016
2102.000000	0.002521	1.29	3755.232
2103.000000	0.002651	0.61	4000.672
2104.000000	0.002042	1.52	4773.808
2105.000000	0.002220	2.08	4049.760
2106.000000	0.002063	2.31	4135.664
2107.000000	0.002979	1.95	3104.816
2108.000000	0.003072	3.19	2969.824
2109.000000	0.003085	1.96	3080.272
2110.000000	0.002525	4.74	3202.992
2111.000000	0.002667	3.46	3068.000
2112.000000	0.002393	3.83	3387.072
2113.000000	0.002825	4.47	2896.192
2114.000000	0.002509	7.08	2724.384
2115.000000	0.002831	5.71	2847.104
2116.000000	0.004154	9.64	1840.800
2117.000000	0.003498	7.37	2147.600
2118.000000	0.003902	9.64	1853.072
2119.000000	0.004557	13.67	1460.368
2120.000000	0.004216	18.25	1276.288
2121.000000	0.003867	13.33	1583.088
2122.000000	0.003934	11.95	1730.352
2123.000000	0.005027	17.36	1227.200
2124.000000	0.003764	14.58	1497.184
2125.000000	0.003604	16.67	1472.640
2126.000000	0.003430	14.91	1681.264
2127.000000	0.003640	12.20	1767.168
2128.000000	0.004069	9.94	1779.440
2129.000000	0.004313	11.59	1497.184
2130.000000	0.003457	11.30	1926.704
2131.000000	0.003973	8.98	1877.616
2132.000000	0.003625	7.94	2123.056
2133.000000	0.003093	4.58	2810.288
2134.000000	0.003060	8.02	2393.040
2135.000000	0.002846	5.86	2773.472
2136.000000	0.003223	5.80	2589.392
2137.000000	0.003136	13.50	1718.080
2138.000000	0.003561	8.79	2037.152
2139.000000	0.003267	6.28	2393.040
2140.000000	0.003455	8.33	2024.880
2141.000000	0.003828	7.14	2073.968
2142.000000	0.002952	5.78	2601.664
2143.000000	0.003983	9.74	1693.536
2144.000000	0.003119	7.94	2135.328
2145.000000	0.003037	8.91	2270.320
2146.000000	0.003015	4.80	2663.024
2147.000000	0.002861	3.54	3006.640
2148.000000	0.002681	2.34	3583.424
2149.000000	0.002291	1.47	4123.392
2150.000000	0.002111	0.54	4552.912
2151.000000	0.001605	0.84	5816.928
2152.000000	0.001761	0.21	5718.752
2153.000000	0.001686	0.00	6136.000
2154.000000	0.001350	0.16	7535.008
2155.000000	0.001244	0.00	7939.984
2156.000000	0.001296	0.17	7056.400
2157.000000	0.001091	0.00	8590.400
2158.000000	0.000901	0.00	9805.328
2159.000000	0.000923	0.00	9400.352
2160.000000	0.000726	0.00	11130.704
2161.000000	0.000734	0.00	11044.800
2162.000000	0.000595	0.00	12443.808
2163.000000	0.000707	0.00	11069.344
2164.000000	0.000531	0.00	13388.752
2165.000000	0.000503	0.00	13523.744
2166.000000	0.000535	0.00	12750.608
2167.000000	0.000463	0.00	13830.544
2168.000000	0.000472	0.00	13793.728
2169.000000	0.000456	0.00	14014.624
2170.000000	0.000425	0.00	14358.240
2171.000000	0.000389	0.00	14898.208
2172.000000	0.000404	0.00	14763.216
2173.000000	0.000411	0.00	14542.320
2174.000000	0.000401	0.00	14517.776
2175.000000	0.000379	0.00	15254.096
2176.000000	0.000410	0.00	14419.600
2177.000000	0.000402	0.00	14505.504
2178.000000	0.000398	0.00	14652.768
2179.000000	0.000426	0.00	14517.776
2180.000000	0.000410	0.00	14726.400
2181.000000	0.000429	0.00	14395.056
2182.000000	0.000474	0.00	13695.552
2183.000000	0.000438	0.00	14493.232
2184.000000	0.000509	0.00	13450.112
2185.000000	0.000638	0.00	11682.944
2186.000000	0.000596	0.00	12272.000
2187.000000	0.000560	0.00	12910.144
2188.000000	0.000656	0.00	11498.864
2189.000000	0.000639	0.00	12308.816
2190.000000	0.000686	0.00	12345.632
2191.000000	0.000804	0.00	10529.376
2192.000000	0.001017	0.00	9093.552
2193.000000	0.001195	0.00	8001.344
2194.000000	0.001215	0.00	7976.800
2195.000000	0.001437	0.36	6823.232
2196.000000	0.001460	0.00	7142.304
2197.000000	0.001603	0.20	6050.096
2198.000000	0.002058	0.24	5129.696
2199.000000	0.001645	1.56	5424.224
2200.000000	0.002247	2.23	3755.232
2201.000000	0.002307	2.17	3877.952
2202.000000	0.003075	3.32	2859.376
2203.000000	0.002576	3.96	3276.624
2204.000000	0.003222	3.32	2871.648
2205.000000	0.003472	5.83	2380.768
2206.000000	0.004161	8.07	1803.984
2207.000000	0.003441	11.98	1816.256
2208.000000	0.004178	9.68	1705.808
2209.000000	0.003231	7.50	2270.320
2210.000000	0.003257	6.94	2478.944
2211.000000	0.003307	6.12	2245.776
2212.000000	0.002586	5.10	2982.096
2213.000000	0.002249	3.48	3399.344
2214.000000	0.001888	5.25	3546.608
2215.000000	0.002687	1.33	3620.240
2216.000000	0.002086	0.23	5252.416
2217.000000	0.002323	0.86	4258.384
2218.000000	0.001415	0.36	6700.512
2219.000000	0.001644	0.20	6074.640
2220.000000	0.001641	0.20	6258.720
2221.000000	0.001306	0.16	7547.280
2222.000000	0.001355	0.00	7314.112
2223.000000	0.001058	0.14	8504.496
2224.000000	0.001152	0.00	7817.264
2225.000000	0.001049	0.00	9032.192
2226.000000	0.001102	0.00	8136.336
2227.000000	0.001063	0.00	8823.568
2228.000000	0.000941	0.00	9388.080
2229.000000	0.000984	0.00	9179.456
2230.000000	0.000881	0.00	10063.040
2231.000000	0.000975	0.00	9240.816
2232.000000	0.000825	0.00	10418.928
2233.000000	0.000799	0.00	10676.640
2234.000000	0.000830	0.00	10063.040
2235.000000	0.000869	0.00	10222.576
2236.000000	0.000796	0.00	10492.560
2237.000000	0.000836	0.00	10198.032
2238.000000	0.000909	0.00	9780.784
2239.000000	0.000773	0.00	10897.536
2240.000000	0.000859	0.13	9289.904
2241.000000	0.000877	0.13	9424.896
2242.000000	0.000910	0.00	9928.048
2243.000000	0.001025	0.00	8970.832
2244.000000	0.001156	0.00	8160.880
2245.000000	0.001067	0.00	8774.480
2246.000000	0.001195	0.00	8160.880
2247.000000	0.001129	0.15	8062.704
2248.000000	0.001275	0.16	7535.008
2249.000000	0.001575	0.00	6577.792
2250.000000	0.001758	0.22	5669.664
2251.000000	0.001823	0.00	5743.296
2252.000000	0.001868	0.23	5240.144
2253.000000	0.001908	0.46	5326.048
2254.000000	0.002189	0.53	4638.816
2255.000000	0.002543	1.98	3644.784
2256.000000	0.002071	2.03	4135.664
2257.000000	0.002680	3.05	3509.792
2258.000000	0.003012	2.85	2933.008
2259.000000	0.003030	3.23	2945.280
2260.000000	0.003758	6.22	2221.232
2261.000000	0.002733	5.46	2761.200
2262.000000	0.002338	6.64	3117.088
2263.000000	0.003083	5.97	2319.408
2264.000000	0.002920	6.36	2528.032
2265.000000	0.003259	8.12	2208.960
2266.000000	0.003456	0.80	3055.728
2267.000000	0.003010	9.57	2098.512
2268.000000	0.003838	5.38	2159.872
2269.000000	0.003752	10.37	1791.712
2270.000000	0.003502	6.57	2270.320
2271.000000	0.003676	10.00	1767.168
2272.000000	0.003123	14.29	1853.072
2273.000000	0.004094	19.38	1276.288
2274.000000	0.002951	12.14	1865.344
2275.000000	0.004243	13.75	1681.264
2276.000000	0.003111	17.50	1619.904
2277.000000	0.004722	13.67	1472.640
2278.000000	0.004815	17.21	1239.472
2279.000000	0.004473	15.83	1448.096
2280.000000	0.005393	31.63	822.224
2281.000000	0.005081	25.96	944.944
2282.000000	0.004743	23.30	969.488
2283.000000	0.004123	34.23	895.856
2284.000000	0.004242	37.08	687.232
2285.000000	0.004369	44.44	613.600
2286.000000	0.005193	42.39	638.144
2287.000000	0.004957	40.70	625.872
2288.000000	0.004748	48.28	564.512
2289.000000	0.005305	44.32	601.328
2290.000000	0.004878	32.63	785.408
2291.000000	0.004676	42.86	638.144
2292.000000	0.004376	32.65	809.952
2293.000000	0.006553	29.47	822.224
2294.000000	0.003940	30.56	920.400
2295.000000	0.004875	36.73	760.864
2296.000000	0.004304	24.79	1079.936
2297.000000	0.003656	33.64	895.856
2298.000000	0.004064	39.58	711.776
2299.000000	0.004556	35.24	822.224
2300.000000	0.005037	41.18	625.872
2301.000000	0.002979	45.45	589.056
2302.000000	0.006240	43.53	576.784
2303.000000	0.004140	38.14	748.592
2304.000000	0.005918	50.67	454.064
2305.000000	0.003610	44.68	638.144
2306.000000	0.007187	47.89	441.792
2307.000000	0.005287	29.29	871.312
2308.000000	0.004089	36.89	797.680
2309.000000	0.005140	25.47	969.488
2310.000000	0.004478	19.05	1239.472
2311.000000	0.004581	21.62	1079.936
2312.000000	0.003771	16.91	1374.464
2313.000000	0.003586	16.89	1521.728
2314.000000	0.003442	12.66	1693.536
2315.000000	0.003992	9.20	1938.976
2316.000000	0.003287	7.21	2356.224
2317.000000	0.003718	7.11	2245.776
2318.000000	0.003461	8.37	2294.864
2319.000000	0.002547	4.45	2883.920
2320.000000	0.002893	3.80	3104.816
2321.000000	0.002838	5.15	2712.112
2322.000000	0.002663	1.63	3693.872
2323.000000	0.002225	1.13	4319.744
2324.000000	0.002530	1.24	3890.224
2325.000000	0.001767	1.44	5043.792
2326.000000	0.002028	0.24	5166.512
2327.000000	0.002107	0.24	5056.064
2328.000000	0.001641	0.92	5264.688
2329.000000	0.001662	0.22	5632.848
2330.000000	0.001831	0.71	5178.784
2331.000000	0.001695	0.21	5706.480
2332.000000	0.001570	0.40	6136.000
2333.000000	0.001778	0.00	5743.296
2334.000000	0.001216	0.00	8013.616
2335.000000	0.001069	0.30	8197.696
2336.000000	0.001119	0.30	8173.152
2337.000000	0.001216	0.17	7412.288
2338.000000	0.001289	0.00	7682.272
2339.000000	0.001357	0.35	7019.584
2340.000000	0.001295	0.16	7731.360
2341.000000	0.001208	0.32	7633.184
2342.000000	0.001291	0.16	7498.192
2343.000000	0.001418	0.18	6921.408
2344.000000	0.001258	0.00	7792.720
2345.000000	0.001494	0.00	6884.592
2346.000000	0.001274	0.16	7645.456
2347.000000	0.001708	0.20	6001.008
2348.000000	0.001443	0.18	6761.872
2349.000000	0.001639	0.00	6320.080
2350.000000	0.001648	0.00	6455.072
2351.000000	0.001938	0.76	4822.896
2352.000000	0.001885	0.70	5215.600
2353.000000	0.002021	0.00	5411.952
2354.000000	0.001839	1.49	4871.984
2355.000000	0.002265	1.14	4270.656
2356.000000	0.002238	1.23	3914.768
2357.000000	0.002088	2.23	4307.472
2358.000000	0.002351	3.41	3472.976
2359.000000	0.002445	4.67	2994.368
2360.000000	0.003072	4.96	2822.560
2361.000000	0.002909	6.41	2687.568
2362.000000	0.003398	6.90	2319.408
2363.000000	0.003282	8.63	2208.960
2364.000000	0.003761	10.62	1754.896
2365.000000	0.003271	8.42	2147.600
2366.000000	0.003469	7.98	2123.056
2367.000000	0.004051	12.03	1693.536
2368.000000	0.003420	15.23	1570.816
2369.000000	0.004325	15.71	1448.096
2370.000000	0.003835	17.91	1362.192
2371.000000	0.005769	22.64	1006.304
2372.000000	0.004902	21.24	1079.936
2373.000000	0.004499	27.93	981.760
2374.000000	0.004032	23.20	1178.112
2375.000000	0.003501	35.45	883.584
2376.000000	0.005212	30.61	822.224
2377.000000	0.004367	38.38	760.864
2378.000000	0.005169	48.84	539.968
2379.000000	0.006050	50.60	490.880
2380.000000	0.005688	35.16	736.320
2381.000000	0.004784	47.06	552.240
2382.000000	0.003822	40.00	662.688
2383.000000	0.004699	39.78	687.232
2384.000000	0.005638	37.93	650.416
2385.000000	0.005577	40.43	699.504
2386.000000	0.004677	29.09	957.216
2387.000000	0.005148	35.05	773.136
2388.000000	0.004771	32.29	785.408
2389.000000	0.004686	25.66	1030.848
2390.000000	0.003799	21.05	1288.560
2391.000000	0.003982	18.05	1337.648
2392.000000	0.003708	12.74	1681.264
2393.000000	0.003562	13.21	1705.808
2394.000000	0.003718	8.33	2024.880
2395.000000	0.003826	8.93	1865.344
2396.000000	0.003403	13.02	1803.984
2397.000000	0.002926	8.29	2454.400
2398.000000	0.002739	9.05	2331.680
2399.000000	0.002633	3.99	3252.080
2400.000000	0.002808	2.66	3141.632
2401.000000	0.002715	4.58	2810.288
2402.000000	0.002382	0.83	4430.192
2403.000000	0.002377	1.54	3914.768
2404.000000	0.002532	1.26	3853.408
2405.000000	0.002288	2.14	3914.768
2406.000000	0.001707	0.89	5485.584
2407.000000	0.001649	0.61	6025.552
2408.000000	0.001999	1.03	4712.448
2409.000000	0.001777	0.00	6025.552
2410.000000	0.001519	0.78	6246.448
2411.000000	0.002087	0.25	4810.624
2412.000000	0.001692	0.66	5522.400
2413.000000	0.001254	0.00	7215.936
2414.000000	0.001556	0.18	6675.968
2415.000000	0.001572	0.20	6136.000
2416.000000	0.001923	0.00	5387.408
2417.000000	0.001786	0.68	5399.680
2418.000000	0.001464	0.00	6958.224
2419.000000	0.001610	0.00	6418.256
2420.000000	0.001546	0.00	6369.168
2421.000000	0.001485	0.18	6786.416
2422.000000	0.001645	0.20	6111.456
2423.000000	0.001747	0.66	5571.488
2424.000000	0.001855	0.46	5350.592
2425.000000	0.001789	0.22	5620.576
2426.000000	0.001561	0.62	5890.560
2427.000000	0.001872	0.46	5276.960
2428.000000	0.001769	0.20	5976.464
2429.000000	0.001808	1.49	4859.712
2430.000000	0.002334	0.81	4491.552
2431.000000	0.002281	2.33	3620.240
2432.000000	0.002515	2.08	3460.704
2433.000000	0.002221	1.85	3914.768
2434.000000	0.002124	5.13	3190.720
2435.000000	0.003168	6.09	2270.320
2436.000000	0.003368	3.65	2577.120
2437.000000	0.003435	5.48	2540.304
2438.000000	0.003218	6.34	2356.224
2439.000000	0.002805	6.49	2663.024
2440.000000	0.002495	11.50	2159.872
2441.000000	0.003448	17.24	1472.640
2442.000000	0.004323	14.79	1484.912
2443.000000	0.003831	10.43	1791.712
2444.000000	0.003054	7.25	2356.224
2445.000000	0.003273	7.77	2343.952
2446.000000	0.002695	5.49	2957.552
2447.000000	0.003050	2.85	2933.008
2448.000000	0.003016	1.87	3215.264
2449.000000	0.002555	2.31	3632.512
2450.000000	0.002249	1.39	4344.288
2451.000000	0.001945	0.46	5350.592
2452.000000	0.001774	0.23	5375.136
2453.000000	0.001740	0.23	5411.952
2454.000000	0.001546	0.19	6467.344
2455.000000	0.001384	0.00	7363.200
2456.000000	0.001173	0.15	8013.616
2457.000000	0.001084	0.00	8774.480
2458.000000	0.000974	0.00	9338.992
2459.000000	0.000916	0.00	9793.056
2460.000000	0.000757	0.00	10762.544
2461.000000	0.000810	0.00	10308.480
2462.000000	0.000741	0.00	10738.000
2463.000000	0.000638	0.00	12235.184
2464.000000	0.000610	0.00	12112.464
2465.000000	0.000510	0.00	13327.392
2466.000000	0.000517	0.00	13266.032
2467.000000	0.000513	0.00	13253.760
2468.000000	0.000478	0.00	13634.192
2469.000000	0.000477	0.00	13683.280
2470.000000	0.000446	0.00	14112.800
2471.000000	0.000456	0.00	14002.352
2472.000000	0.000454	0.00	13658.736
2473.000000	0.000461	0.00	13781.456
2474.000000	0.000430	0.00	14542.320
2475.000000	0.000447	0.00	14075.984
2476.000000	0.000430	0.00	14345.968
2477.000000	0.000438	0.00	14223.248
2478.000000	0.000441	0.00	14480.960
2479.000000	0.000454	0.00	14223.248
2480.000000	0.000482	0.00	13180.128
2481.000000	0.000500	0.00	13695.552
2482.000000	0.000553	0.00	12726.064
2483.000000	0.000524	0.00	13131.040
2484.000000	0.000599	0.00	12382.448
2485.000000	0.000591	0.00	12394.720
2486.000000	0.000642	0.00	11928.384
2487.000000	0.000718	0.00	10983.440
2488.000000	0.000800	0.00	10394.384
2489.000000	0.000894	0.29	8308.144
2490.000000	0.000906	0.00	9756.240
2491.000000	0.000998	0.00	9240.816
2492.000000	0.001065	0.00	9069.008
2493.000000	0.001543	0.00	6860.048
2494.000000	0.001485	0.00	6860.048
2495.000000	0.001187	0.49	7498.192
2496.000000	0.001888	0.23	5240.144
2497.000000	0.002164	0.79	4602.000
2498.000000	0.002571	0.95	3853.408
2499.000000	0.002752	0.62	3927.040
2500.000000	0.002656	1.28	3792.048
2501.000000	0.002547	2.30	3657.056
2502.000000	0.002896	3.69	2883.920
2503.000000	0.003461	3.46	2736.656
2504.000000	0.002595	5.49	2748.928
2505.000000	0.002436	1.91	3779.776
2506.000000	0.002495	2.21	3804.320
2507.000000	0.001841	0.44	5583.760
2508.000000	0.001988	0.79	4638.816
2509.000000	0.001797	0.44	5596.032
2510.000000	0.001644	0.64	5755.568
2511.000000	0.001268	0.00	7903.168
2512.000000	0.001941	0.00	5424.224
2513.000000	0.001145	0.00	8259.056
2514.000000	0.001118	0.00	8467.680
2515.000000	0.000951	0.28	8676.304
2516.000000	0.000906	0.00	10026.224
2517.000000	0.000724	0.00	10590.736
2518.000000	0.000751	0.00	10762.544
2519.000000	0.000654	0.00	11695.216
2520.000000	0.000611	0.00	12517.440
2521.000000	0.000522	0.00	13180.128
2522.000000	0.000520	0.00	12983.776
2523.000000	0.000503	0.00	13351.936
2524.000000	0.000433	0.00	14554.592
2525.000000	0.000451	0.00	14039.168
2526.000000	0.000412	0.00	14468.688
2527.000000	0.000417	0.00	14603.680
2528.000000	0.000443	0.00	14088.256
2529.000000	0.000425	0.00	14665.040
2530.000000	0.000382	0.00	15192.736
2531.000000	0.000440	0.00	14137.344
2532.000000	0.000398	0.00	14787.760
2533.000000	0.000394	0.00	14935.024
2534.000000	0.000410	0.00	14689.584
2535.000000	0.000408	0.00	14800.032
2536.000000	0.000405	0.00	14542.320
2537.000000	0.000436	0.00	14407.328
2538.000000	0.000430	0.00	14210.976
2539.000000	0.000474	0.00	13671.008
2540.000000	0.000464	0.00	13842.816
2541.000000	0.000464	0.00	14345.968
2542.000000	0.000549	0.00	12762.880
2543.000000	0.000500	0.00	13376.480
2544.000000	0.000609	0.00	12210.640
2545.000000	0.000709	0.00	11327.056
2546.000000	0.000657	0.00	11977.472
2547.000000	0.000813	0.12	10013.952
2548.000000	0.000880	0.00	10038.496
2549.000000	0.000892	0.00	9854.416
2550.000000	0.001133	0.15	8197.696
2551.000000	0.001291	0.00	7498.192
2552.000000	0.001290	0.00	7743.632
2553.000000	0.001326	0.35	7044.128
2554.000000	0.001210	0.16	7743.632
2555.000000	0.002032	0.23	5240.144
2556.000000	0.001769	0.45	5424.224
2557.000000	0.002664	2.08	3460.704
2558.000000	0.002466	2.58	3706.144
2559.000000	0.003164	1.62	2994.368
2560.000000	0.003311	3.96	2675.296
2561.000000	0.002843	3.82	3092.544
2562.000000	0.003423	4.91	2613.936
2563.000000	0.002467	3.55	3325.712
2564.000000	0.002584	3.20	3350.256
2565.000000	0.002669	3.42	3104.816
2566.000000	0.003085	7.62	2380.768
2567.000000	0.003325	6.90	2319.408
2568.000000	0.002729	4.65	3018.912
2569.000000	0.002801	4.44	2908.464
2570.000000	0.002913	7.04	2429.856
2571.000000	0.002374	4.94	3080.272
2572.000000	0.003311	4.43	2368.496
2573.000000	0.003858	3.61	2294.864
2574.000000	0.003073	9.90	2123.056
2575.000000	0.004190	6.67	1889.888
2576.000000	0.003490	8.06	2098.512
2577.000000	0.003293	6.76	2368.496
2578.000000	0.004471	6.45	1779.440
2579.000000	0.004201	11.56	1595.360
2580.000000	0.004378	15.15	1386.736
2581.000000	0.003800	10.98	1791.712
2582.000000	0.005039	17.36	1227.200
2583.000000	0.003994	17.21	1227.200
2584.000000	0.004421	23.39	1165.840
2585.000000	0.004365	24.56	1067.664
2586.000000	0.005476	25.45	1006.304
2587.000000	0.004145	33.65	846.768
2588.000000	0.003602	25.00	1141.296
2589.000000	0.005064	35.87	711.776
2590.000000	0.003647	28.57	1055.392
2591.000000	0.004788	31.96	809.952
2592.000000	0.003588	37.62	773.136
2593.000000	0.004368	50.62	490.880
2594.000000	0.003827	38.30	711.776
2595.000000	0.005565	50.62	490.880
2596.000000	0.005170	44.32	601.328
2597.000000	0.003772	53.57	478.608
2598.000000	0.004466	48.19	527.696
2599.000000	0.004959	35.79	736.320
2600.000000	0.004135	29.36	957.216
2601.000000	0.003823	14.57	1570.816
2602.000000	0.003458	24.39	1153.568
2603.000000	0.004137	15.79	1570.816
2604.000000	0.003636	17.81	1460.368
2605.000000	0.004513	6.92	1816.256
2606.000000	0.003332	4.95	2601.664
2607.000000	0.003331	6.70	2221.232
2608.000000	0.002818	4.40	2920.736
2609.000000	0.002458	2.96	3227.536
2610.000000	0.002420	4.18	3374.800
2611.000000	0.001932	0.71	5154.240
2612.000000	0.001782	0.66	5534.672
2613.000000	0.002061	1.07	4516.096
2614.000000	0.001752	0.66	5571.488
2615.000000	0.001601	0.00	6467.344
2616.000000	0.001351	0.36	6737.328
2617.000000	0.001302	0.00	7620.912
2618.000000	0.001147	0.00	8418.592
2619.000000	0.001054	0.00	8713.120
2620.000000	0.000828	0.00	10333.024
2621.000000	0.000982	0.00	9191.728
2622.000000	0.000674	0.00	11744.304
2623.000000	0.000729	0.00	11057.072
2624.000000	0.000596	0.00	12382.448
2625.000000	0.000662	0.00	11535.680
2626.000000	0.000573	0.00	12235.184
2627.000000	0.000531	0.00	13192.400
2628.000000	0.000510	0.00	13131.040
2629.000000	0.000503	0.00	13241.488
2630.000000	0.000487	0.00	13339.664
2631.000000	0.000410	0.00	14935.024
2632.000000	0.000442	0.00	14382.784
2633.000000	0.000427	0.00	14763.216
2634.000000	0.000415	0.00	14873.664
2635.000000	0.000446	0.00	13953.264
2636.000000	0.000413	0.00	14431.872
2637.000000	0.000413	0.00	14714.128
2638.000000	0.000427	0.00	14002.352
2639.000000	0.000426	0.00	14272.336
2640.000000	0.000451	0.00	14125.072
2641.000000	0.000447	0.00	14075.984
2642.000000	0.000473	0.00	13597.376
2643.000000	0.000464	0.00	13867.360
2644.000000	0.000459	0.00	14223.248
2645.000000	0.000492	0.00	13904.176
2646.000000	0.000598	0.00	12173.824
2647.000000	0.000540	0.00	13045.136
2648.000000	0.000606	0.00	12333.360
2649.000000	0.000757	0.00	10787.088
2650.000000	0.000764	0.00	10566.192
2651.000000	0.000815	0.00	10222.576
2652.000000	0.000886	0.00	10038.496
2653.000000	0.000837	0.12	9977.136
2654.000000	0.001056	0.00	8958.560
2655.000000	0.001313	0.17	7215.936
2656.000000	0.001244	0.16	7571.824
2657.000000	0.001853	0.00	5829.200
2658.000000	0.001594	0.60	6074.640
2659.000000	0.002110	0.25	4896.528
2660.000000	0.002028	1.34	4503.824
2661.000000	0.002534	1.95	3706.144
2662.000000	0.002294	2.42	3963.856
2663.000000	0.002925	2.64	3166.176
2664.000000	0.002745	6.55	2626.208
2665.000000	0.003448	4.07	2613.936
2666.000000	0.002709	9.41	2245.776
2667.000000	0.003877	6.38	2159.872
2668.000000	0.003494	15.07	1521.728
2669.000000	0.003593	11.45	1803.984
2670.000000	0.004334	13.01	1546.272
2671.000000	0.003476	17.48	1448.096
2672.000000	0.004136	13.61	1558.544
2673.000000	0.004714	11.76	1656.720
2674.000000	0.003856	12.73	1779.440
2675.000000	0.003335	11.04	1767.168
2676.000000	0.003200	7.32	2331.680
2677.000000	0.003589	11.70	1853.072
2678.000000	0.003232	6.97	2307.136
2679.000000	0.003187	5.88	2343.952
2680.000000	0.002841	4.35	2969.824
2681.000000	0.002996	5.56	2712.112
2682.000000	0.002745	5.19	2466.672
2683.000000	0.002643	6.30	2748.928
2684.000000	0.002565	5.33	2822.560
2685.000000	0.003117	2.71	3080.272
2686.000000	0.002670	4.67	3006.640
2687.000000	0.002791	4.31	3006.640
2688.000000	0.002493	3.55	3325.712
2689.000000	0.003289	2.81	2969.824
2690.000000	0.002825	2.82	3387.072
2691.000000	0.003068	4.10	2883.920
2692.000000	0.002988	4.40	2920.736
2693.000000	0.002719	6.67	2589.392
2694.000000	0.002937	6.80	2343.952
2695.000000	0.002930	4.69	2994.368
2696.000000	0.003415	5.00	2564.848
2697.000000	0.002891	6.33	2552.576
2698.000000	0.002985	6.07	2454.400
2699.000000	0.002484	8.05	2663.024
2700.000000	0.003382	9.44	2000.336
2701.000000	0.002971	9.29	2037.152
2702.000000	0.004179	14.29	1546.272
2703.000000	0.002943	10.45	2221.232
2704.000000	0.005495	14.52	1288.560
2705.000000	0.003228	11.86	2098.512
2706.000000	0.003592	15.72	1644.448
2707.000000	0.003637	18.18	1435.824
2708.000000	0.004371	20.66	1190.384
2709.000000	0.005009	19.01	1190.384
2710.000000	0.004415	29.36	957.216
2711.000000	0.004008	22.69	1129.024
2712.000000	0.003622	35.45	871.312
2713.000000	0.004968	26.09	1043.120
2714.000000	0.006454	37.08	687.232
2715.000000	0.004190	35.29	797.680
2716.000000	0.004791	40.00	625.872
2717.000000	0.003071	41.94	674.960
2718.000000	0.005138	42.68	576.784
2719.000000	0.005227	43.02	589.056
2720.000000	0.004985	39.53	638.144
2721.000000	0.004976	44.32	613.600
2722.000000	0.005395	40.70	613.600
2723.000000	0.004627	27.03	1006.304
2724.000000	0.004650	25.23	969.488
2725.000000	0.004572	19.20	1239.472
2726.000000	0.004342	12.86	1497.184
2727.000000	0.004075	14.69	1509.456
2728.000000	0.003148	11.38	1816.256
2729.000000	0.003554	12.24	1570.816
2730.000000	0.003411	11.35	2024.880
2731.000000	0.002652	8.57	2343.952
2732.000000	0.003249	4.46	2638.480
2733.000000	0.002984	5.46	2761.200
2734.000000	0.002762	3.35	3190.720
2735.000000	0.002649	2.33	3595.696
2736.000000	0.002514	2.32	3620.240
2737.000000	0.002570	1.29	3767.504
2738.000000	0.002249	0.52	4651.088
2739.000000	0.002259	1.11	4393.376
2740.000000	0.001941	0.24	5031.520
2741.000000	0.001697	0.20	6037.824
2742.000000	0.001470	0.18	6945.952
2743.000000	0.001495	0.18	6737.328
2744.000000	0.001219	0.16	7768.176
2745.000000	0.001330	0.35	6933.680
2746.000000	0.001094	0.14	8602.672
2747.000000	0.001172	0.00	8418.592
2748.000000	0.001089	0.15	8430.864
2749.000000	0.001057	0.00	8872.656
2750.000000	0.000921	0.00	9903.504
2751.000000	0.001175	0.00	8087.248
2752.000000	0.000949	0.00	9608.976
2753.000000	0.000933	0.00	9118.096
2754.000000	0.001034	0.00	8737.664
2755.000000	0.000955	0.00	9277.632
2756.000000	0.000929	0.00	9559.888
2757.000000	0.000872	0.00	10296.208
