start, delay, loss random, rate
0.000000	0.000398	0.00	15094.560
1.000000	0.000392	0.00	14615.952
2.000000	0.000393	0.00	15057.744
3.000000	0.000419	0.00	14493.232
4.000000	0.000426	0.00	14370.512
5.000000	0.000450	0.00	13707.824
6.000000	0.000444	0.00	14186.432
7.000000	0.000513	0.00	13290.576
8.000000	0.000532	0.00	13192.400
9.000000	0.000576	0.00	12308.816
10.000000	0.000556	0.00	12873.328
11.000000	0.000628	0.00	11817.936
12.000000	0.000753	0.12	10001.680
13.000000	0.000737	0.00	10983.440
14.000000	0.000775	0.00	11081.616
15.000000	0.000942	0.00	9412.624
16.000000	0.000922	0.00	10013.952
17.000000	0.001177	0.00	8050.432
18.000000	0.001157	0.00	8578.128
19.000000	0.001624	0.20	6197.360
20.000000	0.001372	0.17	7375.472
21.000000	0.001737	0.86	5681.936
22.000000	0.002087	1.13	4295.200
23.000000	0.001920	0.48	5105.152
24.000000	0.001925	1.22	4957.888
25.000000	0.002317	3.60	3301.168
26.000000	0.002780	3.02	3153.904
27.000000	0.002662	4.15	3104.816
28.000000	0.002725	5.42	2798.016
29.000000	0.004962	7.38	1693.536
30.000000	0.004318	6.21	1840.800
31.000000	0.003616	14.84	1632.176
32.000000	0.003805	14.86	1546.272
33.000000	0.003167	10.71	1840.800
34.000000	0.003213	8.29	2159.872
35.000000	0.003873	6.67	2061.696
36.000000	0.002881	4.17	2822.560
37.000000	0.002489	2.96	3620.240
38.000000	0.002337	1.14	4270.656
39.000000	0.002563	0.95	3828.864
40.000000	0.002006	2.63	4086.576
41.000000	0.001910	0.00	5804.656
42.000000	0.001704	0.21	5718.752
43.000000	0.001747	0.20	5976.464
44.000000	0.001361	0.00	7350.928
45.000000	0.001088	0.00	8872.656
46.000000	0.001178	0.00	8099.520
47.000000	0.000979	0.00	9559.888
48.000000	0.001038	0.00	8995.376
49.000000	0.000901	0.00	9682.608
50.000000	0.000708	0.00	11609.312
51.000000	0.000695	0.00	11412.960
52.000000	0.000672	0.00	11817.936
53.000000	0.000734	0.00	10958.896
54.000000	0.000572	0.00	12529.712
55.000000	0.000533	0.00	12799.696
56.000000	0.000538	0.00	12934.688
57.000000	0.000487	0.00	13671.008
58.000000	0.000512	0.00	13278.304
59.000000	0.000471	0.00	14100.528
60.000000	0.000500	0.00	13327.392
61.000000	0.000436	0.00	14174.160
62.000000	0.000447	0.00	14088.256
63.000000	0.000451	0.00	14247.792
64.000000	0.000466	0.00	13671.008
65.000000	0.000452	0.00	13928.720
66.000000	0.000437	0.00	14419.600
67.000000	0.000452	0.00	14002.352
68.000000	0.000474	0.00	13879.632
69.000000	0.000508	0.00	13241.488
70.000000	0.000509	0.00	13425.568
71.000000	0.000493	0.00	13744.640
72.000000	0.000594	0.00	12333.360
73.000000	0.000587	0.00	12321.088
74.000000	0.000693	0.00	11400.688
75.000000	0.000625	0.00	12247.456
76.000000	0.000791	0.00	10259.392
77.000000	0.000806	0.00	10541.648
78.000000	0.000957	0.00	9424.896
79.000000	0.001008	0.00	8946.288
80.000000	0.001019	0.00	9253.088
81.000000	0.001224	0.00	7731.360
82.000000	0.001404	0.00	7326.384
83.000000	0.001238	0.17	7191.392
84.000000	0.001594	0.89	5485.584
85.000000	0.001868	0.73	5006.976
86.000000	0.001532	0.91	5362.864
87.000000	0.002084	1.72	4209.296
88.000000	0.002775	1.02	3558.880
89.000000	0.002337	2.12	3963.856
90.000000	0.002532	2.64	3632.512
91.000000	0.002933	4.27	2748.928
92.000000	0.003419	4.82	2650.752
93.000000	0.003213	3.86	2748.928
94.000000	0.002552	3.25	3288.896
95.000000	0.002871	0.33	3681.600
96.000000	0.002401	0.54	4552.912
97.000000	0.001791	0.65	5608.304
98.000000	0.001581	0.80	6074.640
99.000000	0.001932	0.49	5031.520
100.000000	0.001216	0.48	7571.824
101.000000	0.001345	0.36	6810.960
102.000000	0.001701	0.00	6074.640
103.000000	0.001124	0.00	8197.696
104.000000	0.001017	0.00	8995.376
105.000000	0.000895	0.00	9891.232
106.000000	0.000949	0.00	9547.616
107.000000	0.000796	0.00	10455.744
108.000000	0.000640	0.00	12382.448
109.000000	0.000711	0.00	11069.344
110.000000	0.000702	0.00	11081.616
111.000000	0.000648	0.00	11940.656
112.000000	0.000560	0.00	12897.872
113.000000	0.000516	0.00	13241.488
114.000000	0.000499	0.00	13621.920
115.000000	0.000492	0.00	13278.304
116.000000	0.000519	0.00	13131.040
117.000000	0.000475	0.00	13425.568
118.000000	0.000452	0.00	13916.448
119.000000	0.000449	0.00	14370.512
120.000000	0.000472	0.00	13904.176
121.000000	0.000482	0.00	13609.648
122.000000	0.000451	0.00	13891.904
123.000000	0.000444	0.00	14333.696
124.000000	0.000526	0.00	13081.952
125.000000	0.000528	0.00	13155.584
126.000000	0.000558	0.00	12885.600
127.000000	0.000620	0.00	12075.648
128.000000	0.000623	0.00	12026.560
129.000000	0.000617	0.00	12443.808
130.000000	0.000671	0.00	11928.384
131.000000	0.000644	0.00	12406.992
132.000000	0.000812	0.00	10406.656
133.000000	0.000812	0.00	10406.656
134.000000	0.000849	0.00	10418.928
135.000000	0.001058	0.00	8762.208
136.000000	0.001219	0.00	7915.440
137.000000	0.001064	0.14	8516.768
138.000000	0.001356	0.54	6737.328
139.000000	0.001518	0.00	6737.328
140.000000	0.001717	0.72	5105.152
141.000000	0.001912	0.48	5129.696
142.000000	0.002082	0.50	4835.168
143.000000	0.002646	1.34	3632.512
144.000000	0.002291	0.81	4491.552
145.000000	0.002288	2.45	3927.040
146.000000	0.002530	2.75	3460.704
147.000000	0.003498	4.41	2663.024
148.000000	0.003640	7.02	1963.520
149.000000	0.003502	5.97	2307.136
150.000000	0.003784	6.91	2147.600
151.000000	0.004249	11.18	1668.992
152.000000	0.004020	13.38	1509.456
153.000000	0.004039	11.18	1742.624
154.000000	0.003395	12.43	1902.160
155.000000	0.003124	4.91	2626.208
156.000000	0.002882	6.45	2491.216
157.000000	0.002979	6.70	2552.576
158.000000	0.002667	4.10	2883.920
159.000000	0.002919	3.23	2933.008
160.000000	0.002578	2.05	3534.336
161.000000	0.001840	1.43	5068.336
162.000000	0.002085	1.17	4160.208
163.000000	0.001533	0.58	6295.536
164.000000	0.001598	0.20	6025.552
165.000000	0.001653	0.00	6688.240
166.000000	0.001139	0.15	8124.064
167.000000	0.001387	0.00	7203.664
168.000000	0.001074	0.14	8516.768
169.000000	0.000998	0.00	9265.360
170.000000	0.001036	0.00	8835.840
171.000000	0.000965	0.00	9289.904
172.000000	0.000787	0.00	10369.840
173.000000	0.000726	0.00	11057.072
174.000000	0.000579	0.00	12885.600
175.000000	0.000566	0.00	12836.512
176.000000	0.000632	0.00	11670.672
177.000000	0.000583	0.00	12382.448
178.000000	0.000587	0.00	12149.280
179.000000	0.000541	0.00	12824.240
180.000000	0.000535	0.00	13253.760
181.000000	0.000598	0.00	12308.816
182.000000	0.000530	0.00	13315.120
183.000000	0.000543	0.00	12640.160
184.000000	0.000475	0.00	13793.728
185.000000	0.000476	0.00	13928.720
186.000000	0.000525	0.00	12897.872
187.000000	0.000529	0.00	13094.224
188.000000	0.000555	0.00	12750.608
189.000000	0.000530	0.00	13069.680
190.000000	0.000567	0.00	12640.160
191.000000	0.000553	0.00	12946.960
192.000000	0.000638	0.00	11633.856
193.000000	0.000635	0.00	12087.920
194.000000	0.000658	0.00	11842.480
195.000000	0.000721	0.00	11093.888
196.000000	0.000756	0.00	11216.608
197.000000	0.000866	0.00	10050.768
198.000000	0.000937	0.00	9535.344
199.000000	0.000969	0.13	9093.552
200.000000	0.001050	0.00	8467.680
201.000000	0.001243	0.00	8025.888
202.000000	0.001277	0.36	6725.056
203.000000	0.001275	0.00	7694.544
204.000000	0.001602	0.20	6185.088
205.000000	0.001699	0.00	6393.712
206.000000	0.001884	0.72	5043.792
207.000000	0.002326	0.88	4147.936
208.000000	0.002163	1.45	4184.752
209.000000	0.002826	3.91	2712.112
210.000000	0.002706	3.38	3153.904
211.000000	0.002790	2.08	3472.976
212.000000	0.002687	4.09	3153.904
213.000000	0.003214	5.78	2601.664
214.000000	0.003044	3.04	2748.928
215.000000	0.003020	2.71	3068.000
216.000000	0.002700	8.08	2233.504
217.000000	0.002657	4.42	2933.008
218.000000	0.003531	3.96	2380.768
219.000000	0.003218	7.21	2356.224
220.000000	0.003427	3.59	2650.752
221.000000	0.002364	8.30	2564.848
222.000000	0.003318	6.34	2356.224
223.000000	0.002832	7.85	2748.928
224.000000	0.003510	4.05	2601.664
225.000000	0.003349	5.02	2552.576
226.000000	0.003888	5.56	2294.864
227.000000	0.003678	12.94	1828.528
228.000000	0.004262	12.42	1632.176
229.000000	0.003436	13.70	1558.544
230.000000	0.004245	16.79	1386.736
231.000000	0.004941	11.54	1411.280
232.000000	0.003864	14.57	1595.360
233.000000	0.004785	16.28	1313.104
234.000000	0.003590	19.58	1411.280
235.000000	0.004388	21.21	1288.560
236.000000	0.004494	21.77	1178.112
237.000000	0.004008	29.13	908.128
238.000000	0.005562	34.41	748.592
239.000000	0.006037	29.79	797.680
240.000000	0.003929	33.65	859.040
241.000000	0.004098	46.59	576.784
242.000000	0.004297	47.56	515.424
243.000000	0.003854	53.41	515.424
244.000000	0.005494	47.62	527.696
245.000000	0.004333	44.19	589.056
246.000000	0.004002	40.43	699.504
247.000000	0.004799	35.87	724.048
248.000000	0.004571	31.00	846.768
249.000000	0.003853	29.31	1006.304
250.000000	0.003696	22.48	1227.200
251.000000	0.003741	12.58	1693.536
252.000000	0.003925	17.73	1423.552
253.000000	0.003062	7.48	2429.856
254.000000	0.004498	12.58	1619.904
255.000000	0.003366	9.04	2110.784
256.000000	0.002888	6.28	2368.496
257.000000	0.002876	2.70	3104.816
258.000000	0.003156	2.81	2957.552
259.000000	0.002711	2.55	3301.168
260.000000	0.002239	1.78	4074.304
261.000000	0.001871	0.69	5289.232
262.000000	0.002290	0.28	4430.192
263.000000	0.001600	0.42	5816.928
264.000000	0.001483	0.19	6565.520
265.000000	0.001391	0.00	7289.568
266.000000	0.001154	0.00	8344.960
267.000000	0.000945	0.13	9363.536
268.000000	0.000942	0.00	9584.432
269.000000	0.000860	0.13	9461.712
270.000000	0.000777	0.00	10750.272
271.000000	0.000657	0.00	11805.664
272.000000	0.000619	0.00	11965.200
273.000000	0.000641	0.00	11781.120
274.000000	0.000535	0.00	12934.688
275.000000	0.000561	0.00	12726.064
276.000000	0.000498	0.00	13167.856
277.000000	0.000491	0.00	13658.736
278.000000	0.000509	0.00	13376.480
279.000000	0.000433	0.00	14382.784
280.000000	0.000442	0.00	14235.520
281.000000	0.000444	0.00	14051.440
282.000000	0.000408	0.00	14714.128
283.000000	0.000407	0.00	14849.120
284.000000	0.000396	0.00	14775.488
285.000000	0.000401	0.00	14628.224
286.000000	0.000404	0.00	14628.224
287.000000	0.000403	0.00	14800.032
288.000000	0.000474	0.00	13769.184
289.000000	0.000421	0.00	14431.872
290.000000	0.000416	0.00	14615.952
291.000000	0.000516	0.00	13143.312
292.000000	0.000519	0.00	12983.776
293.000000	0.000468	0.00	13744.640
294.000000	0.000539	0.00	12873.328
295.000000	0.000575	0.00	12259.728
296.000000	0.000598	0.00	12394.720
297.000000	0.000627	0.00	12394.720
298.000000	0.000635	0.00	12173.824
299.000000	0.000710	0.00	11339.328
300.000000	0.000816	0.00	10443.472
301.000000	0.001001	0.00	9032.192
302.000000	0.001047	0.00	8713.120
303.000000	0.001344	0.00	7338.656
304.000000	0.001363	0.00	7338.656
305.000000	0.001451	0.38	6491.888
306.000000	0.001518	0.60	6074.640
307.000000	0.001894	0.22	5473.312
308.000000	0.001707	0.00	6381.440
309.000000	0.001995	2.12	4552.912
310.000000	0.002301	0.84	4356.560
311.000000	0.002555	0.91	4000.672
312.000000	0.002822	2.53	3301.168
313.000000	0.002996	4.98	2577.120
314.000000	0.003616	9.09	2086.240
315.000000	0.003318	7.80	2319.408
316.000000	0.003567	10.11	1963.520
317.000000	0.003465	18.31	1423.552
318.000000	0.005230	18.97	1153.568
319.000000	0.004667	17.07	1251.744
320.000000	0.004533	13.38	1521.728
321.000000	0.003458	26.27	1067.664
322.000000	0.004159	21.71	1227.200
323.000000	0.003376	11.93	1902.160
324.000000	0.003828	12.73	1779.440
325.000000	0.004130	11.18	1656.720
326.000000	0.003866	13.10	1534.000
327.000000	0.003253	5.77	2405.312
328.000000	0.003678	10.12	1853.072
329.000000	0.003882	8.88	1902.160
330.000000	0.004054	7.07	2086.240
331.000000	0.003251	10.71	1840.800
332.000000	0.003117	6.19	2417.584
333.000000	0.003437	5.00	2343.952
334.000000	0.003127	3.96	2663.024
335.000000	0.003665	5.26	2429.856
336.000000	0.003065	5.68	2650.752
337.000000	0.003664	2.75	2601.664
338.000000	0.003070	5.80	2589.392
339.000000	0.002427	3.67	3546.608
340.000000	0.002578	3.21	3325.712
341.000000	0.003222	3.28	2908.464
342.000000	0.003121	2.99	2773.472
343.000000	0.002987	3.54	3006.640
344.000000	0.002541	5.02	2798.016
345.000000	0.002834	4.44	2896.192
346.000000	0.003220	4.42	2663.024
347.000000	0.002829	6.39	2515.760
348.000000	0.002864	4.49	2859.376
349.000000	0.002740	2.48	3374.800
350.000000	0.003210	3.66	2908.464
351.000000	0.002694	4.67	3006.640
352.000000	0.002356	3.39	3509.792
353.000000	0.002790	2.41	3460.704
354.000000	0.002864	2.99	2785.744
355.000000	0.002567	4.01	3239.808
356.000000	0.002631	4.46	3141.632
357.000000	0.002787	2.90	3288.896
358.000000	0.002359	2.97	3607.968
359.000000	0.003042	2.63	3178.448
360.000000	0.003579	2.33	2577.120
361.000000	0.003513	3.26	2564.848
362.000000	0.002967	5.73	2613.936
363.000000	0.002799	5.79	2810.288
364.000000	0.002754	6.11	2626.208
365.000000	0.003453	4.26	2761.200
366.000000	0.002956	11.06	2270.320
367.000000	0.003225	6.86	2331.680
368.000000	0.004005	7.60	1951.248
369.000000	0.003282	7.18	2380.768
370.000000	0.003670	8.72	1914.432
371.000000	0.003824	16.03	1362.192
372.000000	0.003195	10.34	1902.160
373.000000	0.004801	10.49	1570.816
374.000000	0.003295	12.73	1779.440
375.000000	0.003643	20.00	1472.640
376.000000	0.003887	13.33	1583.088
377.000000	0.005047	21.10	1055.392
378.000000	0.003183	21.74	1325.376
379.000000	0.004213	25.44	1055.392
380.000000	0.004572	33.33	785.408
381.000000	0.004772	27.72	883.584
382.000000	0.004654	26.13	1006.304
383.000000	0.005453	35.48	748.592
384.000000	0.005832	34.52	662.688
385.000000	0.005123	33.33	797.680
386.000000	0.004923	42.86	576.784
387.000000	0.003912	45.65	613.600
388.000000	0.005512	40.00	674.960
389.000000	0.005798	34.78	736.320
390.000000	0.005737	30.00	859.040
391.000000	0.005104	27.27	969.488
392.000000	0.004213	24.39	1153.568
393.000000	0.004317	16.67	1337.648
394.000000	0.004396	23.44	1214.928
395.000000	0.003833	12.67	1595.360
396.000000	0.004145	14.97	1546.272
397.000000	0.003491	7.00	2270.320
398.000000	0.003960	6.15	2061.696
399.000000	0.002799	7.69	2503.488
400.000000	0.002903	6.39	2515.760
401.000000	0.002889	2.20	3276.624
402.000000	0.002361	4.46	3153.904
403.000000	0.002242	0.26	4798.352
404.000000	0.002666	2.48	3362.528
405.000000	0.002186	1.78	4062.032
406.000000	0.002098	0.25	4933.344
407.000000	0.001920	0.47	5227.872
408.000000	0.001560	0.19	6393.712
409.000000	0.001513	0.38	6455.072
410.000000	0.002059	0.24	5019.248
411.000000	0.001256	0.33	7485.920
412.000000	0.001405	0.18	6872.320
413.000000	0.001285	0.00	7633.184
414.000000	0.001167	0.00	8246.784
415.000000	0.001148	0.00	8234.512
416.000000	0.001217	0.16	7510.464
417.000000	0.001017	0.00	8958.560
418.000000	0.000915	0.00	9645.792
419.000000	0.001138	0.00	8222.240
420.000000	0.000839	0.00	10369.840
421.000000	0.001062	0.00	8553.584
422.000000	0.000824	0.00	10799.360
423.000000	0.000800	0.12	10566.192
424.000000	0.000891	0.00	9854.416
425.000000	0.000920	0.00	10063.040
426.000000	0.000811	0.00	10971.168
427.000000	0.000953	0.00	9486.256
428.000000	0.001128	0.16	7841.808
429.000000	0.000909	0.00	9854.416
430.000000	0.001270	0.00	7620.912
431.000000	0.001110	0.15	8062.704
432.000000	0.001191	0.15	7964.528
433.000000	0.001223	0.17	7093.216
434.000000	0.001427	0.00	7080.944
435.000000	0.001970	0.24	5166.512
436.000000	0.001438	0.18	6651.424
437.000000	0.001690	0.00	6136.000
438.000000	0.001762	0.22	5473.312
439.000000	0.002100	0.51	4835.168
440.000000	0.002413	0.86	4258.384
441.000000	0.001817	0.72	5068.336
442.000000	0.002363	0.85	4295.200
443.000000	0.002450	0.88	4135.664
444.000000	0.002717	3.23	3313.440
445.000000	0.002295	5.47	2982.096
446.000000	0.002821	6.49	2650.752
447.000000	0.003030	6.42	2491.216
448.000000	0.003379	5.39	2368.496
449.000000	0.002808	4.42	2920.736
450.000000	0.003067	3.66	2908.464
451.000000	0.002797	3.79	3129.360
452.000000	0.003384	5.14	2478.944
453.000000	0.002485	2.01	3595.696
454.000000	0.002549	1.91	3792.048
455.000000	0.002389	0.86	4221.568
456.000000	0.001962	1.01	4798.352
457.000000	0.001726	0.90	5387.408
458.000000	0.001572	0.19	6356.896
459.000000	0.001698	0.20	6001.008
460.000000	0.001568	0.19	6590.064
461.000000	0.001633	0.00	6356.896
462.000000	0.001385	0.18	6712.784
463.000000	0.001500	0.00	6823.232
464.000000	0.001584	0.20	6185.088
465.000000	0.001312	0.00	7657.728
466.000000	0.001325	0.00	7449.104
467.000000	0.000966	0.00	9449.440
468.000000	0.001277	0.00	7461.376
469.000000	0.001063	0.00	8958.560
470.000000	0.001161	0.00	8246.784
471.000000	0.001172	0.00	8160.880
472.000000	0.001070	0.00	8614.944
473.000000	0.001213	0.00	7915.440
474.000000	0.001058	0.00	8897.200
475.000000	0.001149	0.00	8516.768
476.000000	0.001150	0.32	7596.368
477.000000	0.001250	0.33	7485.920
478.000000	0.001063	0.30	8025.888
479.000000	0.001404	0.00	7154.576
480.000000	0.001496	0.18	6774.144
481.000000	0.001297	0.17	7117.760
482.000000	0.001481	0.00	6712.784
483.000000	0.001746	0.47	5203.328
484.000000	0.001713	0.43	5743.296
485.000000	0.002060	0.72	5056.064
486.000000	0.001873	0.44	5571.488
487.000000	0.002083	0.80	4577.456
488.000000	0.002106	1.71	4233.840
489.000000	0.001953	2.54	4221.568
490.000000	0.002671	0.64	3828.864
491.000000	0.002511	2.70	3534.336
492.000000	0.003225	2.12	2834.832
493.000000	0.003535	6.50	2294.864
494.000000	0.004558	6.51	1938.976
495.000000	0.003335	6.67	2245.776
496.000000	0.003766	10.17	1951.248
497.000000	0.002931	11.11	1951.248
498.000000	0.005777	13.33	1276.288
499.000000	0.003886	11.32	1730.352
500.000000	0.003803	13.33	1595.360
501.000000	0.004046	21.77	1202.656
502.000000	0.003963	26.13	1006.304
503.000000	0.005320	28.12	834.496
504.000000	0.004429	12.93	1583.088
505.000000	0.003722	13.04	1718.080
506.000000	0.003590	17.72	1583.088
507.000000	0.003246	11.63	1877.616
508.000000	0.003511	8.38	2000.336
509.000000	0.003173	6.79	2540.304
510.000000	0.002658	3.48	3387.072
511.000000	0.002953	4.00	2663.024
512.000000	0.002595	3.85	3055.728
513.000000	0.002477	2.98	3595.696
514.000000	0.002095	2.11	3988.400
515.000000	0.002480	1.95	3706.144
516.000000	0.002383	0.88	4123.392
517.000000	0.001688	0.42	5792.384
518.000000	0.001891	0.00	5657.392
519.000000	0.001587	0.43	5669.664
520.000000	0.001731	0.00	6074.640
521.000000	0.001607	0.20	6136.000
522.000000	0.001186	0.34	7277.296
523.000000	0.001230	0.17	7326.384
524.000000	0.001037	0.14	8614.944
525.000000	0.001123	0.00	8700.848
526.000000	0.001098	0.00	8872.656
527.000000	0.001059	0.00	8970.832
528.000000	0.001227	0.00	7976.800
529.000000	0.001092	0.00	8737.664
530.000000	0.000971	0.00	9277.632
531.000000	0.001053	0.00	8799.024
532.000000	0.000955	0.00	9424.896
533.000000	0.001037	0.00	8934.016
534.000000	0.000892	0.00	9645.792
535.000000	0.000960	0.00	9388.080
536.000000	0.000948	0.13	9179.456
537.000000	0.000951	0.14	8934.016
538.000000	0.001051	0.00	8934.016
539.000000	0.001199	0.00	7841.808
540.000000	0.001156	0.00	8173.152
541.000000	0.001067	0.00	8872.656
542.000000	0.001128	0.00	8541.312
543.000000	0.001068	0.00	8884.928
544.000000	0.001370	0.18	6823.232
545.000000	0.001448	0.00	7080.944
546.000000	0.001429	0.00	7093.216
547.000000	0.002014	0.24	5031.520
548.000000	0.001451	0.18	6675.968
549.000000	0.001562	0.39	6344.624
550.000000	0.002011	0.00	5473.312
551.000000	0.001913	0.69	5313.776
552.000000	0.002011	3.88	3632.512
553.000000	0.002013	0.24	5092.880
554.000000	0.002716	2.44	3448.432
555.000000	0.003082	3.53	3006.640
556.000000	0.002621	5.56	2933.008
557.000000	0.002779	4.65	3018.912
558.000000	0.003893	4.76	2208.960
559.000000	0.002651	7.76	2613.936
560.000000	0.004796	11.94	1448.096
561.000000	0.003158	14.20	1865.344
562.000000	0.003180	10.27	2037.152
563.000000	0.003559	6.81	2184.416
564.000000	0.002897	4.28	3006.640
565.000000	0.003035	4.64	2773.472
566.000000	0.002319	3.37	3522.064
567.000000	0.002498	1.19	4074.304
568.000000	0.002342	0.83	4405.648
569.000000	0.001773	1.13	5399.680
570.000000	0.001718	0.24	5178.784
571.000000	0.001606	0.61	5988.736
572.000000	0.001372	0.17	7019.584
573.000000	0.001469	0.18	6651.424
574.000000	0.001176	0.15	8062.704
575.000000	0.001263	0.00	7633.184
576.000000	0.000898	0.00	9326.720
577.000000	0.001066	0.15	8430.864
578.000000	0.000797	0.12	10050.768
579.000000	0.000795	0.00	10701.184
580.000000	0.000698	0.00	11302.512
581.000000	0.000705	0.00	11093.888
582.000000	0.000596	0.00	12468.352
583.000000	0.000567	0.00	12885.600
584.000000	0.000483	0.00	14051.440
585.000000	0.000542	0.00	12701.520
586.000000	0.000512	0.00	13192.400
587.000000	0.000456	0.00	13658.736
588.000000	0.000446	0.00	13953.264
589.000000	0.000451	0.00	13904.176
590.000000	0.000466	0.00	13867.360
591.000000	0.000455	0.00	14210.976
592.000000	0.000405	0.00	14775.488
593.000000	0.000405	0.00	14898.208
594.000000	0.000403	0.00	15033.200
595.000000	0.000449	0.00	14296.880
596.000000	0.000434	0.00	14800.032
597.000000	0.000451	0.00	14223.248
598.000000	0.000514	0.00	13081.952
599.000000	0.000500	0.00	13793.728
600.000000	0.000506	0.00	13339.664
601.000000	0.000532	0.00	13216.944
602.000000	0.000563	0.00	12652.432
603.000000	0.000600	0.00	12173.824
604.000000	0.000635	0.00	11965.200
605.000000	0.000714	0.00	11437.504
606.000000	0.000787	0.00	10553.920
607.000000	0.000927	0.00	9424.896
608.000000	0.000983	0.00	9118.096
609.000000	0.000992	0.00	9375.808
610.000000	0.001321	0.00	7350.928
611.000000	0.001258	0.00	7326.384
612.000000	0.001246	0.32	7547.280
613.000000	0.001495	0.18	6737.328
614.000000	0.002006	0.00	5338.320
615.000000	0.001717	0.88	5510.128
616.000000	0.001589	0.78	6234.176
617.000000	0.002677	0.60	4062.032
618.000000	0.002044	2.67	4025.216
619.000000	0.002899	3.47	3068.000
620.000000	0.002839	3.92	3018.912
621.000000	0.003599	9.19	2049.424
622.000000	0.003837	5.79	2196.688
623.000000	0.004040	9.70	1828.528
624.000000	0.003326	13.21	1705.808
625.000000	0.003747	17.73	1423.552
626.000000	0.004310	21.54	1251.744
627.000000	0.003950	20.00	1276.288
628.000000	0.004307	39.56	674.960
629.000000	0.003742	31.86	944.944
630.000000	0.006312	35.71	650.416
631.000000	0.005532	44.58	576.784
632.000000	0.004489	47.13	564.512
633.000000	0.005290	45.24	552.240
634.000000	0.004486	45.56	613.600
635.000000	0.005906	44.19	589.056
636.000000	0.004297	40.00	699.504
637.000000	0.004630	34.69	773.136
638.000000	0.004036	21.95	1178.112
639.000000	0.003618	20.00	1288.560
640.000000	0.003607	25.62	1092.208
641.000000	0.004279	12.59	1460.368
642.000000	0.003552	12.42	1644.448
643.000000	0.003731	7.45	2123.056
644.000000	0.003899	6.56	2098.512
645.000000	0.003471	8.72	2184.416
646.000000	0.003392	5.16	2478.944
647.000000	0.002622	3.70	3190.720
648.000000	0.003058	4.37	2687.568
649.000000	0.002613	3.51	3374.800
650.000000	0.002371	1.22	3963.856
651.000000	0.002272	1.69	4282.928
652.000000	0.002112	0.50	4921.072
653.000000	0.002092	0.24	5043.792
654.000000	0.001600	0.18	6847.776
655.000000	0.001547	0.19	6344.624
656.000000	0.001732	0.00	6074.640
657.000000	0.001422	0.36	6860.048
658.000000	0.001457	0.19	6602.336
659.000000	0.001508	0.64	5681.936
660.000000	0.001373	0.00	7350.928
661.000000	0.001115	0.00	8394.048
662.000000	0.001270	0.00	7743.632
663.000000	0.000930	0.00	10075.312
664.000000	0.000976	0.00	9093.552
665.000000	0.001177	0.00	7964.528
666.000000	0.000901	0.00	9878.960
667.000000	0.000944	0.00	9424.896
668.000000	0.000991	0.00	9130.368
669.000000	0.000817	0.00	10639.824
670.000000	0.000797	0.00	10075.312
671.000000	0.000860	0.00	10406.656
672.000000	0.000850	0.00	9964.864
673.000000	0.000920	0.13	9277.632
674.000000	0.000841	0.00	10283.936
675.000000	0.000957	0.00	9584.432
676.000000	0.001015	0.00	9044.464
677.000000	0.000976	0.00	9523.072
678.000000	0.000974	0.00	9547.616
679.000000	0.001299	0.00	7522.736
680.000000	0.001155	0.00	8357.232
681.000000	0.001080	0.00	8909.472
682.000000	0.001231	0.00	7976.800
683.000000	0.001400	0.18	6860.048
684.000000	0.001502	0.38	6405.984
685.000000	0.002002	0.23	5227.872
686.000000	0.001531	0.58	6332.352
687.000000	0.001728	0.68	5411.952
688.000000	0.002102	1.42	4246.112
689.000000	0.002392	1.18	4111.120
690.000000	0.002120	2.64	4086.576
691.000000	0.002437	1.95	3693.872
692.000000	0.002854	1.79	3362.528
693.000000	0.002180	3.95	3595.696
694.000000	0.002856	5.78	2601.664
695.000000	0.002845	6.14	2613.936
696.000000	0.002519	4.53	3362.528
697.000000	0.002620	2.56	3276.624
698.000000	0.002893	1.81	3313.440
699.000000	0.002549	2.45	3423.888
700.000000	0.002017	1.07	4540.640
701.000000	0.001845	1.20	5080.608
702.000000	0.001933	1.03	4724.720
703.000000	0.001862	0.45	5411.952
704.000000	0.001883	0.23	5326.048
705.000000	0.001594	0.00	6577.792
706.000000	0.001747	0.44	5546.944
707.000000	0.001680	0.20	6050.096
708.000000	0.001071	0.14	8860.384
709.000000	0.001316	0.18	6995.040
710.000000	0.001200	0.00	8025.888
711.000000	0.001052	0.00	8970.832
712.000000	0.001004	0.00	9019.920
713.000000	0.000903	0.00	9891.232
714.000000	0.000916	0.28	8700.848
715.000000	0.000833	0.00	10173.488
716.000000	0.000760	0.00	11327.056
717.000000	0.000729	0.00	11290.240
718.000000	0.000713	0.00	11118.432
719.000000	0.000713	0.00	11179.792
720.000000	0.000856	0.00	9829.872
721.000000	0.000799	0.00	10333.024
722.000000	0.000723	0.00	11044.800
723.000000	0.000714	0.00	11179.792
724.000000	0.000796	0.00	10369.840
725.000000	0.000746	0.00	11020.256
726.000000	0.000804	0.00	10676.640
727.000000	0.000784	0.00	11044.800
728.000000	0.000834	0.00	10050.768
729.000000	0.000788	0.00	10480.288
730.000000	0.000973	0.00	9019.920
731.000000	0.000963	0.14	8884.928
732.000000	0.001058	0.00	8921.744
733.000000	0.000987	0.00	9461.712
734.000000	0.001232	0.00	7939.984
735.000000	0.001259	0.00	7755.904
736.000000	0.001262	0.00	7939.984
737.000000	0.001501	0.18	6663.696
738.000000	0.001685	0.41	5939.648
739.000000	0.001613	0.19	6553.248
740.000000	0.001717	0.71	5166.512
741.000000	0.001905	1.03	4712.448
742.000000	0.002908	1.75	3423.888
743.000000	0.002677	3.57	2994.368
744.000000	0.002520	1.88	3828.864
745.000000	0.002777	2.77	3448.432
746.000000	0.002598	4.44	3166.176
747.000000	0.003653	5.00	2343.952
748.000000	0.003143	7.53	2098.512
749.000000	0.003156	6.88	2503.488
750.000000	0.003488	13.46	1644.448
751.000000	0.004189	17.69	1313.104
752.000000	0.003737	16.55	1497.184
753.000000	0.004805	25.49	932.672
754.000000	0.004162	22.48	1214.928
755.000000	0.003562	29.46	981.760
756.000000	0.004163	34.91	846.768
757.000000	0.003800	26.72	1043.120
758.000000	0.004124	31.43	883.584
759.000000	0.004682	28.18	969.488
760.000000	0.003304	19.69	1239.472
761.000000	0.004292	15.49	1484.912
762.000000	0.003924	18.32	1313.104
763.000000	0.004485	12.32	1484.912
764.000000	0.004719	13.79	1521.728
765.000000	0.002924	15.34	1705.808
766.000000	0.003299	10.98	1877.616
767.000000	0.004280	10.19	1730.352
768.000000	0.003830	7.87	2012.608
769.000000	0.003768	6.32	2184.416
770.000000	0.003254	12.07	1877.616
771.000000	0.004519	9.26	1803.984
772.000000	0.003717	9.44	2012.608
773.000000	0.003705	7.41	2135.328
774.000000	0.003343	8.29	2172.144
775.000000	0.004166	8.09	1951.248
776.000000	0.003078	4.55	2577.120
777.000000	0.003969	6.94	1988.064
778.000000	0.003617	6.25	2380.768
779.000000	0.004164	6.75	1865.344
780.000000	0.003580	6.53	2282.592
781.000000	0.003483	7.85	2172.144
782.000000	0.003255	8.37	2282.592
783.000000	0.003512	9.50	1975.792
784.000000	0.003139	11.70	2037.152
785.000000	0.004173	13.77	1460.368
786.000000	0.004315	13.77	1472.640
787.000000	0.003962	18.98	1362.192
788.000000	0.004084	13.10	1534.000
789.000000	0.003608	16.89	1521.728
790.000000	0.003643	13.82	1595.360
791.000000	0.004376	16.28	1337.648
792.000000	0.004425	17.42	1337.648
793.000000	0.003417	19.58	1399.008
794.000000	0.004133	24.37	1116.752
795.000000	0.003988	27.59	1018.576
796.000000	0.004791	28.85	920.400
797.000000	0.005168	31.96	809.952
798.000000	0.003924	20.45	1288.560
799.000000	0.004440	21.14	1190.384
800.000000	0.004463	17.42	1337.648
801.000000	0.003850	20.28	1386.736
802.000000	0.003710	9.60	1975.792
803.000000	0.003166	11.90	1803.984
804.000000	0.003831	10.62	1754.896
805.000000	0.003349	11.05	1975.792
806.000000	0.003513	7.73	2208.960
807.000000	0.003389	7.00	2282.592
808.000000	0.002998	4.68	2736.656
809.000000	0.003050	5.86	2564.848
810.000000	0.002699	2.05	3522.064
811.000000	0.002933	1.45	3325.712
812.000000	0.003016	1.80	3350.256
813.000000	0.002257	1.16	4184.752
814.000000	0.001868	0.75	4871.984
815.000000	0.001955	0.51	4847.440
816.000000	0.001565	0.82	5902.832
817.000000	0.002617	0.60	4049.760
818.000000	0.002017	0.23	5338.320
819.000000	0.001508	0.80	6037.824
820.000000	0.001823	0.69	5313.776
821.000000	0.001779	0.21	5743.296
822.000000	0.001677	0.20	6037.824
823.000000	0.001592	0.39	6344.624
824.000000	0.001328	0.17	7424.560
825.000000	0.001425	0.17	7068.672
826.000000	0.001501	0.38	6442.800
827.000000	0.001422	0.18	6872.320
828.000000	0.001777	0.72	5105.152
829.000000	0.001450	0.18	6823.232
830.000000	0.001469	0.36	6737.328
831.000000	0.001508	0.19	6295.536
832.000000	0.001657	0.21	5915.104
833.000000	0.001604	0.00	6626.880
834.000000	0.001686	0.20	6025.552
835.000000	0.001543	1.08	5645.120
836.000000	0.001697	0.20	6074.640
837.000000	0.001994	0.23	5276.960
838.000000	0.001911	0.98	4957.888
839.000000	0.002034	1.31	4614.272
840.000000	0.001769	0.42	5780.112
841.000000	0.002572	1.62	3718.416
842.000000	0.002279	1.67	4344.288
843.000000	0.002413	2.62	3644.784
844.000000	0.002682	1.25	3877.952
845.000000	0.002692	4.37	2957.552
846.000000	0.002412	3.26	3657.056
847.000000	0.002535	4.44	3153.904
848.000000	0.003865	7.47	1975.792
849.000000	0.002831	11.48	1988.064
850.000000	0.003408	12.07	1877.616
851.000000	0.003856	7.33	2172.144
852.000000	0.004942	14.96	1325.376
853.000000	0.003662	20.30	1313.104
854.000000	0.003268	17.52	1386.736
855.000000	0.004724	23.39	1165.840
856.000000	0.003910	28.21	1030.848
857.000000	0.004504	21.71	1239.472
858.000000	0.003838	27.73	1043.120
859.000000	0.004453	28.30	944.944
860.000000	0.004099	31.43	883.584
861.000000	0.005005	36.84	736.320
862.000000	0.005217	31.31	822.224
863.000000	0.004834	38.04	711.776
864.000000	0.003917	42.86	638.144
865.000000	0.004934	45.98	564.512
866.000000	0.005451	50.00	478.608
867.000000	0.004962	42.70	613.600
868.000000	0.005405	32.63	797.680
869.000000	0.005529	37.21	650.416
870.000000	0.005239	34.41	760.864
871.000000	0.004004	24.37	1092.208
872.000000	0.005839	28.28	883.584
873.000000	0.003710	26.72	1030.848
874.000000	0.003772	16.55	1435.824
875.000000	0.003908	21.09	1239.472
876.000000	0.003533	13.61	1791.712
877.000000	0.003067	13.22	1853.072
878.000000	0.003326	9.57	2073.968
879.000000	0.003223	9.57	2086.240
880.000000	0.003351	4.55	2577.120
881.000000	0.002950	6.14	2626.208
882.000000	0.003233	4.27	2748.928
883.000000	0.003159	4.89	2626.208
884.000000	0.002438	3.61	3276.624
885.000000	0.003479	1.61	3006.640
886.000000	0.002318	3.37	3522.064
887.000000	0.002316	0.80	4565.184
888.000000	0.002400	2.24	3755.232
889.000000	0.002707	1.40	3448.432
890.000000	0.002782	2.47	3387.072
891.000000	0.001708	1.94	4970.160
892.000000	0.002402	0.56	4393.376
893.000000	0.001895	0.46	5289.232
894.000000	0.001960	1.27	4773.808
895.000000	0.002137	0.49	4994.704
896.000000	0.001632	1.08	5596.032
897.000000	0.002386	0.84	4368.832
898.000000	0.001799	0.21	5731.024
899.000000	0.001983	0.23	5252.416
900.000000	0.001839	0.95	5141.968
901.000000	0.001827	0.50	4859.712
902.000000	0.002091	1.11	4356.560
903.000000	0.001686	0.89	5436.496
904.000000	0.002223	0.86	4221.568
905.000000	0.001774	1.16	5240.144
906.000000	0.002074	0.48	5141.968
907.000000	0.001865	0.21	5829.200
908.000000	0.002094	1.03	4736.992
909.000000	0.002701	2.61	3202.992
910.000000	0.002274	1.88	3853.408
911.000000	0.002309	2.06	3497.520
912.000000	0.002089	2.20	4368.832
913.000000	0.002218	3.27	3632.512
914.000000	0.002737	6.13	2442.128
915.000000	0.003009	2.33	3080.272
916.000000	0.002907	4.40	2933.008
917.000000	0.002933	6.82	2515.760
918.000000	0.003899	6.82	2012.608
919.000000	0.003214	9.88	1803.984
920.000000	0.003026	9.62	2294.864
921.000000	0.002895	12.37	2012.608
922.000000	0.003431	11.49	1877.616
923.000000	0.003887	18.05	1337.648
924.000000	0.004544	21.67	1165.840
925.000000	0.004146	18.75	1264.016
926.000000	0.005085	19.30	1129.024
927.000000	0.004631	22.32	1079.936
928.000000	0.004442	23.33	1116.752
929.000000	0.003815	28.07	1018.576
930.000000	0.003814	25.20	1129.024
931.000000	0.003855	28.10	1067.664
932.000000	0.005217	26.13	994.032
933.000000	0.005059	32.04	871.312
934.000000	0.004576	29.41	871.312
935.000000	0.003773	37.62	773.136
936.000000	0.003743	40.62	711.776
937.000000	0.003448	33.04	920.400
938.000000	0.004911	36.36	760.864
939.000000	0.005116	28.57	871.312
940.000000	0.004457	24.30	981.760
941.000000	0.003548	17.45	1521.728
942.000000	0.003666	13.17	1779.440
943.000000	0.004253	10.00	1767.168
944.000000	0.003012	10.26	2147.600
945.000000	0.003503	6.44	2307.136
946.000000	0.002915	3.92	3018.912
947.000000	0.002923	4.12	2847.104
948.000000	0.002812	4.26	3043.456
949.000000	0.002171	0.77	4736.992
950.000000	0.002353	1.48	4074.304
951.000000	0.002368	0.55	4479.280
952.000000	0.002214	0.56	4332.016
953.000000	0.001563	0.19	6540.976
954.000000	0.001449	0.56	6491.888
955.000000	0.001295	0.00	7682.272
956.000000	0.001398	0.00	7215.936
957.000000	0.001190	0.00	7792.720
958.000000	0.001041	0.00	8700.848
959.000000	0.000816	0.00	10701.184
960.000000	0.000911	0.00	9694.880
961.000000	0.000821	0.00	10247.120
962.000000	0.000676	0.00	11609.312
963.000000	0.000672	0.00	11535.680
964.000000	0.000568	0.00	12357.904
965.000000	0.000603	0.00	12345.632
966.000000	0.000512	0.00	13486.928
967.000000	0.000558	0.00	12517.440
968.000000	0.000482	0.00	13536.016
969.000000	0.000443	0.00	13965.536
970.000000	0.000479	0.00	13695.552
971.000000	0.000466	0.00	13904.176
972.000000	0.000436	0.00	14223.248
973.000000	0.000453	0.00	14063.712
974.000000	0.000394	0.00	14566.864
975.000000	0.000420	0.00	14787.760
976.000000	0.000449	0.00	13990.080
977.000000	0.000446	0.00	14137.344
978.000000	0.000449	0.00	13953.264
979.000000	0.000468	0.00	13818.272
980.000000	0.000449	0.00	14431.872
981.000000	0.000495	0.00	13450.112
982.000000	0.000501	0.00	13229.216
983.000000	0.000514	0.00	13216.944
984.000000	0.000609	0.00	12235.184
985.000000	0.000550	0.00	13253.760
986.000000	0.000631	0.00	12026.560
987.000000	0.000750	0.00	10639.824
988.000000	0.000778	0.00	10909.808
989.000000	0.000940	0.00	9351.264
990.000000	0.001014	0.00	9081.280
991.000000	0.000993	0.00	8946.288
992.000000	0.001053	0.00	9019.920
993.000000	0.001393	0.00	7265.024
994.000000	0.001441	0.18	6663.696
995.000000	0.001419	0.18	6958.224
996.000000	0.001883	0.22	5473.312
997.000000	0.001583	1.77	4773.808
998.000000	0.002239	1.15	4221.568
999.000000	0.002267	0.54	4503.824
1000.000000	0.002109	0.50	4896.528
1001.000000	0.003080	1.92	3141.632
1002.000000	0.003153	3.46	2736.656
1003.000000	0.003854	6.63	2073.968
1004.000000	0.003498	4.76	2454.400
1005.000000	0.003983	5.29	2196.688
1006.000000	0.003898	13.50	1742.624
1007.000000	0.003213	7.85	2159.872
1008.000000	0.002756	5.31	2834.832
1009.000000	0.003298	2.89	2896.192
1010.000000	0.003047	4.46	2626.208
1011.000000	0.002900	3.02	2748.928
1012.000000	0.002807	4.90	2859.376
1013.000000	0.002924	3.61	2945.280
1014.000000	0.002976	1.04	3497.520
1015.000000	0.002311	1.45	4172.480
1016.000000	0.002170	1.68	4319.744
1017.000000	0.002182	2.51	3828.864
1018.000000	0.002654	1.34	3595.696
1019.000000	0.002472	0.87	4172.480
1020.000000	0.001907	1.01	4835.168
1021.000000	0.001761	0.00	6001.008
1022.000000	0.002470	0.89	4074.304
1023.000000	0.001826	0.44	5497.856
1024.000000	0.001647	0.20	6050.096
1025.000000	0.002162	0.25	4859.712
1026.000000	0.001841	0.22	5583.760
1027.000000	0.001927	1.02	4773.808
1028.000000	0.002188	0.26	4724.720
1029.000000	0.002132	0.00	5203.328
1030.000000	0.002189	0.27	4626.544
1031.000000	0.002118	0.54	4552.912
1032.000000	0.001638	0.40	6062.368
1033.000000	0.002095	0.24	5043.792
1034.000000	0.002095	1.39	4368.832
1035.000000	0.002268	1.45	4172.480
1036.000000	0.002008	0.76	4810.624
1037.000000	0.002080	1.34	4516.096
1038.000000	0.002205	2.12	3976.128
1039.000000	0.002897	1.12	3239.808
1040.000000	0.002740	2.01	3595.696
1041.000000	0.002887	4.50	2613.936
1042.000000	0.003139	2.92	2859.376
1043.000000	0.003016	6.25	2393.040
1044.000000	0.002891	4.74	2945.280
1045.000000	0.003817	5.43	2147.600
1046.000000	0.002970	5.76	2798.016
1047.000000	0.003233	3.91	2712.112
1048.000000	0.002416	2.58	3718.416
1049.000000	0.002206	3.18	3362.528
1050.000000	0.002515	3.03	3522.064
1051.000000	0.002573	0.96	3804.320
1052.000000	0.002045	1.04	4651.088
1053.000000	0.001866	1.57	4614.272
1054.000000	0.001826	0.43	5632.848
1055.000000	0.001886	0.75	4859.712
1056.000000	0.001675	0.41	5964.192
1057.000000	0.001588	0.00	6344.624
1058.000000	0.001672	0.19	6356.896
1059.000000	0.001421	0.00	7252.752
1060.000000	0.001410	0.00	7277.296
1061.000000	0.001310	0.17	7350.928
1062.000000	0.001656	0.21	5804.656
1063.000000	0.001326	0.17	7056.400
1064.000000	0.001373	0.00	7228.208
1065.000000	0.001421	0.00	7154.576
1066.000000	0.001207	0.32	7596.368
1067.000000	0.001314	0.00	7571.824
1068.000000	0.001101	0.15	8160.880
1069.000000	0.001184	0.00	8136.336
1070.000000	0.001201	0.00	8099.520
1071.000000	0.001351	0.18	6970.496
1072.000000	0.001321	0.00	7657.728
1073.000000	0.001317	0.00	7620.912
1074.000000	0.001476	0.00	6982.768
1075.000000	0.001535	0.39	6234.176
1076.000000	0.001628	0.43	5731.024
1077.000000	0.001196	0.15	8259.056
1078.000000	0.001354	0.36	6810.960
1079.000000	0.001347	0.33	7387.744
1080.000000	0.001602	0.40	6050.096
1081.000000	0.001779	0.44	5546.944
1082.000000	0.001883	1.86	4540.640
1083.000000	0.002512	1.21	3988.400
1084.000000	0.002596	1.31	3693.872
1085.000000	0.002104	1.60	4516.096
1086.000000	0.002509	3.57	3313.440
1087.000000	0.002371	2.13	3939.312
1088.000000	0.002533	2.78	3436.160
1089.000000	0.002696	5.42	2798.016
1090.000000	0.002752	6.06	2650.752
1091.000000	0.003182	7.14	2393.040
1092.000000	0.003362	7.98	2135.328
1093.000000	0.003740	10.53	1865.344
1094.000000	0.003084	8.53	2368.496
1095.000000	0.002831	6.85	2503.488
1096.000000	0.004195	5.88	1963.520
1097.000000	0.002987	6.14	2626.208
1098.000000	0.003124	7.61	2233.504
1099.000000	0.002730	5.22	2896.192
1100.000000	0.003126	4.22	2785.744
1101.000000	0.002233	3.99	3546.608
1102.000000	0.002384	3.52	3362.528
1103.000000	0.002615	7.58	2393.040
1104.000000	0.003052	3.35	2834.832
1105.000000	0.002897	3.38	3153.904
1106.000000	0.002335	2.22	3779.776
1107.000000	0.002336	3.57	3313.440
1108.000000	0.002445	2.22	3792.048
1109.000000	0.002480	3.88	3031.184
1110.000000	0.002617	2.92	3276.624
1111.000000	0.002673	1.95	3681.600
1112.000000	0.002414	1.86	3890.224
1113.000000	0.003046	2.68	3129.360
1114.000000	0.003165	3.33	2834.832
1115.000000	0.002614	2.29	3669.328
1116.000000	0.002916	3.69	2896.192
1117.000000	0.002903	3.01	3166.176
1118.000000	0.003214	8.38	2135.328
1119.000000	0.003145	4.76	2454.400
1120.000000	0.003147	8.67	2196.688
1121.000000	0.002952	7.25	2356.224
1122.000000	0.003635	5.91	2343.952
1123.000000	0.002782	3.45	3104.816
1124.000000	0.003382	3.35	2822.560
1125.000000	0.003170	8.50	2245.776
1126.000000	0.002282	3.25	3669.328
1127.000000	0.002806	3.21	2957.552
1128.000000	0.002746	3.86	3055.728
1129.000000	0.002620	4.60	2798.016
1130.000000	0.002771	2.21	3252.080
1131.000000	0.002741	2.76	3472.976
1132.000000	0.003567	2.27	2626.208
1133.000000	0.002544	3.17	3374.800
1134.000000	0.003096	2.85	2933.008
1135.000000	0.002947	4.17	2834.832
1136.000000	0.002576	4.53	2847.104
1137.000000	0.002273	3.25	3657.056
1138.000000	0.002604	5.16	2920.736
1139.000000	0.003119	3.81	2785.744
1140.000000	0.003402	6.25	2393.040
1141.000000	0.003028	2.27	3166.176
1142.000000	0.003343	7.04	2270.320
1143.000000	0.003324	4.63	2528.032
1144.000000	0.003484	9.19	2061.696
1145.000000	0.003747	8.24	1914.432
1146.000000	0.002880	5.58	2908.464
1147.000000	0.003556	7.82	2037.152
1148.000000	0.004246	9.38	1779.440
1149.000000	0.003665	7.26	2037.152
1150.000000	0.003185	8.67	2196.688
1151.000000	0.002857	5.80	2577.120
1152.000000	0.002988	3.33	2847.104
1153.000000	0.003039	1.91	3166.176
1154.000000	0.002890	2.55	3276.624
1155.000000	0.002399	4.20	3362.528
1156.000000	0.002469	2.38	3534.336
1157.000000	0.002237	2.15	3890.224
1158.000000	0.001840	1.71	4945.616
1159.000000	0.002067	1.04	4651.088
1160.000000	0.001910	0.73	4982.432
1161.000000	0.001795	0.92	5289.232
1162.000000	0.001710	0.71	5129.696
1163.000000	0.001527	0.82	5902.832
1164.000000	0.001708	0.65	5645.120
1165.000000	0.001845	0.00	5571.488
1166.000000	0.001674	0.00	6197.360
1167.000000	0.001938	0.49	4933.344
1168.000000	0.001635	0.42	5878.288
1169.000000	0.001566	0.19	6553.248
1170.000000	0.001479	0.00	7044.128
1171.000000	0.001452	0.36	6712.784
1172.000000	0.001734	0.21	5866.016
1173.000000	0.001807	0.22	5571.488
1174.000000	0.001715	0.21	5853.744
1175.000000	0.002303	0.27	4503.824
1176.000000	0.001489	0.19	6516.432
1177.000000	0.001794	0.46	5289.232
1178.000000	0.001620	1.12	5387.408
1179.000000	0.001644	0.20	6160.544
1180.000000	0.002058	0.51	4835.168
1181.000000	0.001988	1.06	4602.000
1182.000000	0.001791	1.60	4528.368
1183.000000	0.002474	2.81	3411.616
1184.000000	0.002904	2.28	3141.632
1185.000000	0.002983	1.09	3350.256
1186.000000	0.002472	1.88	3853.408
1187.000000	0.003173	3.90	2724.384
1188.000000	0.002853	7.94	2417.584
1189.000000	0.004199	6.32	2012.608
1190.000000	0.003187	3.33	2834.832
1191.000000	0.003006	8.91	2258.048
1192.000000	0.003399	10.11	1963.520
1193.000000	0.003142	10.36	2135.328
1194.000000	0.003639	9.58	1840.800
1195.000000	0.003818	9.14	1963.520
1196.000000	0.003441	9.55	1963.520
1197.000000	0.002985	8.67	2208.960
1198.000000	0.002803	7.39	2294.864
1199.000000	0.003044	7.37	2466.672
1200.000000	0.003119	8.85	2159.872
1201.000000	0.002910	6.37	2331.680
1202.000000	0.002508	5.36	3043.456
1203.000000	0.002496	5.24	3104.816
1204.000000	0.002815	2.59	3227.536
1205.000000	0.002835	1.99	3006.640
1206.000000	0.002868	1.37	3522.064
1207.000000	0.002566	3.21	3325.712
1208.000000	0.002489	2.33	3607.968
1209.000000	0.002467	1.54	3902.496
1210.000000	0.002428	1.21	4012.944
1211.000000	0.001922	1.85	4565.184
1212.000000	0.002394	0.91	4012.944
1213.000000	0.002271	1.48	4074.304
1214.000000	0.001875	0.22	5608.304
1215.000000	0.001956	0.98	4970.160
1216.000000	0.002284	2.10	4012.944
1217.000000	0.002408	2.30	3657.056
1218.000000	0.002301	2.45	3914.768
1219.000000	0.002350	1.51	4000.672
1220.000000	0.002242	3.56	3325.712
1221.000000	0.002481	1.86	3890.224
1222.000000	0.002707	2.55	3276.624
1223.000000	0.002469	2.85	3350.256
1224.000000	0.002891	2.40	3006.640
1225.000000	0.003096	3.91	2699.840
1226.000000	0.002381	3.27	3644.784
1227.000000	0.002544	3.76	3129.360
1228.000000	0.002982	3.38	3153.904
1229.000000	0.003395	3.85	2454.400
1230.000000	0.003012	2.87	2908.464
1231.000000	0.002535	1.36	3558.880
1232.000000	0.002722	1.29	3742.960
1233.000000	0.002386	0.92	3976.128
1234.000000	0.002171	0.78	4687.904
1235.000000	0.001676	0.00	6037.824
1236.000000	0.001547	0.59	6221.904
1237.000000	0.001536	0.19	6590.064
1238.000000	0.001506	0.19	6577.792
1239.000000	0.001185	0.00	7915.440
1240.000000	0.001154	0.15	8025.888
1241.000000	0.000915	0.13	9388.080
1242.000000	0.001165	0.00	8111.792
1243.000000	0.001120	0.00	8344.960
1244.000000	0.000964	0.00	9228.544
1245.000000	0.000966	0.00	9179.456
1246.000000	0.000794	0.00	10872.992
1247.000000	0.000862	0.00	10099.856
1248.000000	0.000754	0.00	10922.080
1249.000000	0.000704	0.00	11376.144
1250.000000	0.000786	0.00	10468.016
1251.000000	0.000685	0.00	11547.952
1252.000000	0.000680	0.00	11646.128
1253.000000	0.000690	0.00	11302.512
1254.000000	0.000632	0.00	12075.648
1255.000000	0.000706	0.00	11363.872
1256.000000	0.000713	0.00	11412.960
1257.000000	0.000754	0.00	11057.072
1258.000000	0.000774	0.00	10750.272
1259.000000	0.000715	0.00	11817.936
1260.000000	0.000727	0.00	11216.608
1261.000000	0.000827	0.00	10283.936
1262.000000	0.000808	0.00	10468.016
1263.000000	0.000941	0.00	9289.904
1264.000000	0.000982	0.47	7731.360
1265.000000	0.001029	0.14	8492.224
1266.000000	0.001131	0.00	8394.048
1267.000000	0.001135	0.00	8774.480
1268.000000	0.001375	0.18	6945.952
1269.000000	0.001234	0.00	7964.528
1270.000000	0.001427	0.17	7019.584
1271.000000	0.001519	0.81	6025.552
1272.000000	0.001944	0.47	5178.784
1273.000000	0.001979	0.23	5289.232
1274.000000	0.002124	0.78	4687.904
1275.000000	0.002222	1.79	4049.760
1276.000000	0.002702	1.41	3423.888
1277.000000	0.002684	3.58	3313.440
1278.000000	0.002972	4.17	2810.288
1279.000000	0.002903	5.04	2773.472
1280.000000	0.003368	10.47	1902.160
1281.000000	0.003590	8.02	2098.512
1282.000000	0.003897	13.38	1668.992
1283.000000	0.004291	12.59	1534.000
1284.000000	0.004074	12.42	1656.720
1285.000000	0.003958	15.33	1423.552
1286.000000	0.006393	20.56	1030.848
1287.000000	0.005150	22.52	1055.392
1288.000000	0.005274	35.56	724.048
1289.000000	0.005217	19.66	1141.296
1290.000000	0.004239	31.73	871.312
1291.000000	0.004170	40.82	724.048
1292.000000	0.004315	32.35	846.768
1293.000000	0.006645	28.89	773.136
1294.000000	0.005389	37.36	711.776
1295.000000	0.004302	38.04	699.504
1296.000000	0.005804	38.46	687.232
1297.000000	0.004514	33.66	822.224
1298.000000	0.005100	26.73	895.856
1299.000000	0.005192	24.35	1079.936
1300.000000	0.004501	27.88	920.400
1301.000000	0.004569	24.30	981.760
1302.000000	0.004284	24.14	1092.208
1303.000000	0.004559	12.93	1570.816
1304.000000	0.004893	12.41	1558.544
1305.000000	0.003830	11.81	1546.272
1306.000000	0.003180	8.42	2147.600
1307.000000	0.003294	5.26	2429.856
1308.000000	0.003597	5.82	2172.144
1309.000000	0.002712	4.10	3153.904
1310.000000	0.003127	2.04	2945.280
1311.000000	0.002710	4.71	2994.368
1312.000000	0.002246	2.92	3657.056
1313.000000	0.002140	1.70	4258.384
1314.000000	0.001847	0.71	5141.968
1315.000000	0.002018	1.71	4221.568
1316.000000	0.002046	1.00	4847.440
1317.000000	0.001831	0.47	5264.688
1318.000000	0.001609	0.61	6001.008
1319.000000	0.001631	0.20	6270.992
1320.000000	0.001521	0.38	6442.800
1321.000000	0.001461	0.38	6405.984
1322.000000	0.001416	0.17	7044.128
1323.000000	0.001462	0.19	6442.800
1324.000000	0.001220	0.00	8038.160
1325.000000	0.001174	0.16	7878.624
1326.000000	0.001322	0.37	6577.792
1327.000000	0.001431	0.00	6982.768
1328.000000	0.001141	0.00	8614.944
1329.000000	0.001133	0.00	8541.312
1330.000000	0.001246	0.00	7731.360
1331.000000	0.001085	0.16	7829.536
1332.000000	0.001148	0.00	8332.688
1333.000000	0.001045	0.14	8823.568
1334.000000	0.001232	0.16	7608.640
1335.000000	0.001217	0.32	7547.280
1336.000000	0.001203	0.00	7854.080
1337.000000	0.001263	0.00	8062.704
1338.000000	0.001505	0.19	6405.984
1339.000000	0.001526	0.83	5866.016
1340.000000	0.001604	0.20	6234.176
1341.000000	0.002294	0.86	4258.384
1342.000000	0.001698	0.89	5461.040
1343.000000	0.001966	0.23	5227.872
1344.000000	0.001865	0.44	5583.760
1345.000000	0.002186	0.25	4822.896
1346.000000	0.002275	2.69	3988.400
1347.000000	0.002458	1.22	3963.856
1348.000000	0.002177	1.99	4221.568
1349.000000	0.002728	2.92	3276.624
1350.000000	0.003048	3.85	2761.200
1351.000000	0.003511	2.61	2736.656
1352.000000	0.003396	6.60	2258.048
1353.000000	0.003810	5.39	2380.768
1354.000000	0.003321	8.65	2061.696
1355.000000	0.003610	10.71	1853.072
1356.000000	0.003395	7.78	2024.880
1357.000000	0.004190	8.77	1914.432
1358.000000	0.003182	6.80	2356.224
1359.000000	0.003144	6.73	2380.768
1360.000000	0.002840	6.36	2528.032
1361.000000	0.002647	5.33	2834.832
1362.000000	0.002748	2.86	3337.984
1363.000000	0.002813	1.36	3571.152
1364.000000	0.002660	1.60	3779.776
1365.000000	0.002637	2.33	3607.968
1366.000000	0.002589	1.92	3767.504
1367.000000	0.002358	1.17	4147.936
1368.000000	0.001722	1.21	5031.520
1369.000000	0.002149	1.36	4442.464
1370.000000	0.001928	0.71	5166.512
1371.000000	0.002451	0.28	4356.560
1372.000000	0.001989	0.73	5043.792
1373.000000	0.001962	0.47	5166.512
1374.000000	0.002077	1.33	4540.640
1375.000000	0.001710	0.41	6025.552
1376.000000	0.001709	0.21	5878.288
1377.000000	0.002075	0.50	4871.984
1378.000000	0.002110	0.25	4871.984
1379.000000	0.001822	0.22	5559.216
1380.000000	0.001748	0.44	5583.760
1381.000000	0.001516	0.80	6062.368
1382.000000	0.002044	1.40	4344.288
1383.000000	0.002216	1.79	4037.488
1384.000000	0.002085	0.48	5105.152
1385.000000	0.002013	1.37	4430.192
1386.000000	0.002358	1.14	4258.384
1387.000000	0.001994	2.59	4147.936
1388.000000	0.002474	1.47	4123.392
1389.000000	0.002173	2.82	3804.320
1390.000000	0.002744	2.96	3215.264
1391.000000	0.003113	2.78	3018.912
1392.000000	0.003292	2.43	2945.280
1393.000000	0.002860	4.07	3178.448
1394.000000	0.003301	6.60	2429.856
1395.000000	0.003123	7.01	2454.400
1396.000000	0.002633	4.36	3227.536
1397.000000	0.002785	2.14	3362.528
1398.000000	0.003136	2.43	2945.280
1399.000000	0.002399	2.87	3337.984
1400.000000	0.002808	2.68	3117.088
1401.000000	0.002645	0.99	3681.600
1402.000000	0.001919	0.49	4994.704
1403.000000	0.001834	1.52	4773.808
1404.000000	0.002136	0.80	4589.728
1405.000000	0.002058	0.50	4933.344
1406.000000	0.001594	0.41	6001.008
1407.000000	0.001603	0.42	5841.472
1408.000000	0.001370	0.57	6381.440
1409.000000	0.001291	0.00	7804.992
1410.000000	0.001257	0.00	7927.712
1411.000000	0.001584	0.00	6405.984
1412.000000	0.001327	0.33	7424.560
1413.000000	0.001320	0.55	6651.424
1414.000000	0.001298	0.17	7240.480
1415.000000	0.001378	0.00	7142.304
1416.000000	0.001237	0.00	7768.176
1417.000000	0.001285	0.34	7215.936
1418.000000	0.001206	0.00	8320.416
1419.000000	0.001152	0.00	8246.784
1420.000000	0.001227	0.16	7878.624
1421.000000	0.001133	0.15	8234.512
1422.000000	0.001328	0.17	7166.848
1423.000000	0.001477	0.00	6639.152
1424.000000	0.001463	0.00	7056.400
1425.000000	0.001510	0.00	6737.328
1426.000000	0.001369	0.34	7154.576
1427.000000	0.001226	0.15	8038.160
1428.000000	0.001790	0.00	5841.472
1429.000000	0.002075	0.49	4957.888
1430.000000	0.001801	0.22	5461.040
1431.000000	0.001656	1.11	5473.312
1432.000000	0.002066	0.49	5031.520
1433.000000	0.002070	1.63	4467.008
1434.000000	0.002349	0.84	4332.016
1435.000000	0.002265	1.47	4135.664
1436.000000	0.002393	3.32	3571.152
1437.000000	0.002761	4.45	2883.920
1438.000000	0.003433	6.22	2233.504
1439.000000	0.003094	6.25	2564.848
1440.000000	0.003537	6.12	2258.048
1441.000000	0.002992	4.76	2712.112
1442.000000	0.002612	3.75	3141.632
1443.000000	0.002219	2.53	3779.776
1444.000000	0.002505	1.85	3927.040
1445.000000	0.001951	0.72	5056.064
1446.000000	0.001825	0.67	5436.496
1447.000000	0.001826	0.45	5411.952
1448.000000	0.001863	0.22	5546.944
1449.000000	0.001483	0.58	6283.264
1450.000000	0.001200	0.00	8136.336
1451.000000	0.001299	0.00	7694.544
1452.000000	0.001224	0.35	7056.400
1453.000000	0.001017	0.14	8676.304
1454.000000	0.001145	0.00	8197.696
1455.000000	0.000939	0.00	9535.344
1456.000000	0.001021	0.00	9081.280
1457.000000	0.000910	0.00	9989.408
1458.000000	0.000918	0.00	9793.056
1459.000000	0.000844	0.00	9878.960
1460.000000	0.000800	0.00	10774.816
1461.000000	0.000818	0.12	9829.872
1462.000000	0.000724	0.00	11290.240
1463.000000	0.000906	0.00	9461.712
1464.000000	0.000768	0.00	10823.904
1465.000000	0.000736	0.00	11265.696
1466.000000	0.000725	0.00	11388.416
1467.000000	0.000758	0.00	10701.184
1468.000000	0.000826	0.00	10443.472
1469.000000	0.000867	0.00	9903.504
1470.000000	0.000853	0.00	10173.488
1471.000000	0.000891	0.00	9805.328
1472.000000	0.001204	0.00	7939.984
1473.000000	0.000982	0.00	9142.640
1474.000000	0.001317	0.00	7387.744
1475.000000	0.001148	0.00	8565.856
1476.000000	0.001337	0.17	7301.840
1477.000000	0.001192	0.00	8025.888
1478.000000	0.001296	0.16	7449.104
1479.000000	0.001444	0.18	6761.872
1480.000000	0.001482	0.18	6700.512
1481.000000	0.001567	0.19	6516.432
1482.000000	0.001796	0.43	5743.296
1483.000000	0.002285	0.85	4295.200
1484.000000	0.002156	0.80	4565.184
1485.000000	0.002326	1.45	4172.480
1486.000000	0.002354	2.26	3718.416
1487.000000	0.002786	3.07	3104.816
1488.000000	0.002696	3.75	3153.904
1489.000000	0.003524	4.55	2577.120
1490.000000	0.003108	6.16	2429.856
1491.000000	0.002724	8.07	2515.760
1492.000000	0.003835	6.95	2135.328
1493.000000	0.004537	13.49	1337.648
1494.000000	0.003668	21.21	1276.288
1495.000000	0.004087	17.69	1497.184
1496.000000	0.004260	24.17	1104.480
1497.000000	0.004536	20.16	1264.016
1498.000000	0.004332	29.46	981.760
1499.000000	0.005502	34.41	748.592
1500.000000	0.005257	28.57	859.040
1501.000000	0.004227	32.35	834.496
1502.000000	0.004045	35.87	724.048
1503.000000	0.005184	37.76	748.592
1504.000000	0.004692	47.62	552.240
1505.000000	0.004285	41.86	613.600
1506.000000	0.003746	32.69	859.040
1507.000000	0.004960	29.91	920.400
1508.000000	0.004547	32.99	797.680
1509.000000	0.004057	28.45	1018.576
1510.000000	0.003712	22.22	1202.656
1511.000000	0.004426	24.00	1165.840
1512.000000	0.003744	13.64	1632.176
1513.000000	0.003297	15.62	1644.448
1514.000000	0.003499	13.75	1705.808
1515.000000	0.003516	7.14	2221.232
1516.000000	0.003545	9.04	1975.792
1517.000000	0.002682	7.08	2577.120
1518.000000	0.002659	5.51	2736.656
1519.000000	0.002798	3.88	3043.456
1520.000000	0.002991	2.25	3202.992
1521.000000	0.002577	4.37	2957.552
1522.000000	0.002818	2.06	3497.520
1523.000000	0.002288	1.99	4233.840
1524.000000	0.002939	0.68	3595.696
1525.000000	0.002088	0.77	4786.080
1526.000000	0.001782	0.21	5927.376
1527.000000	0.001602	0.64	5706.480
1528.000000	0.001678	0.42	5853.744
1529.000000	0.001712	0.21	5915.104
1530.000000	0.001752	0.21	5890.560
1531.000000	0.001534	0.19	6565.520
1532.000000	0.001534	0.19	6602.336
1533.000000	0.001650	0.20	6025.552
1534.000000	0.001224	0.16	7878.624
1535.000000	0.001358	0.00	7350.928
1536.000000	0.001180	0.15	8160.880
1537.000000	0.001570	0.00	6712.784
1538.000000	0.001330	0.17	7375.472
1539.000000	0.001240	0.00	8148.608
1540.000000	0.001458	0.56	6479.616
1541.000000	0.001415	0.00	7068.672
1542.000000	0.001589	0.00	6491.888
1543.000000	0.001367	0.18	6774.144
1544.000000	0.001501	0.20	6234.176
1545.000000	0.001608	0.19	6307.808
1546.000000	0.001542	0.00	6823.232
1547.000000	0.001608	0.42	5743.296
1548.000000	0.001420	0.37	6614.608
1549.000000	0.001773	0.42	5816.928
1550.000000	0.001712	0.21	5767.840
1551.000000	0.001680	0.64	5743.296
1552.000000	0.002032	0.80	4589.728
1553.000000	0.002065	0.72	5056.064
1554.000000	0.002279	0.54	4552.912
1555.000000	0.002491	1.89	3816.592
1556.000000	0.002467	1.81	4000.672
1557.000000	0.002642	2.05	3497.520
1558.000000	0.002390	4.40	3202.992
1559.000000	0.002883	6.85	2515.760
1560.000000	0.002953	8.12	2208.960
1561.000000	0.003321	7.61	2233.504
1562.000000	0.002743	11.58	2073.968
1563.000000	0.003759	9.20	1926.704
1564.000000	0.003555	12.05	1803.984
1565.000000	0.003677	7.61	2073.968
1566.000000	0.003600	6.88	2172.144
1567.000000	0.002567	3.58	3288.896
1568.000000	0.003100	1.50	3215.264
1569.000000	0.001900	2.72	4381.104
1570.000000	0.002343	1.12	4332.016
1571.000000	0.002009	1.09	4467.008
1572.000000	0.001684	0.89	5461.040
1573.000000	0.001723	0.42	5767.840
1574.000000	0.001397	0.79	6148.272
1575.000000	0.001347	0.35	7056.400
1576.000000	0.001269	0.33	7326.384
1577.000000	0.001221	0.00	7620.912
1578.000000	0.001135	0.00	8541.312
1579.000000	0.001064	0.00	8786.752
1580.000000	0.000868	0.00	9719.424
1581.000000	0.000875	0.00	9817.600
1582.000000	0.000902	0.00	9780.784
1583.000000	0.000838	0.00	9793.056
1584.000000	0.000614	0.00	12357.904
1585.000000	0.000610	0.00	12603.344
1586.000000	0.000581	0.00	12505.168
1587.000000	0.000576	0.00	12468.352
1588.000000	0.000530	0.00	13192.400
1589.000000	0.000556	0.00	12676.976
1590.000000	0.000501	0.00	13413.296
1591.000000	0.000535	0.00	12897.872
1592.000000	0.000457	0.00	13781.456
1593.000000	0.000465	0.00	13940.992
1594.000000	0.000487	0.00	13658.736
1595.000000	0.000446	0.00	14284.608
1596.000000	0.000486	0.00	13855.088
1597.000000	0.000507	0.00	13364.208
1598.000000	0.000532	0.00	12762.880
1599.000000	0.000565	0.00	12689.248
1600.000000	0.000528	0.00	13180.128
1601.000000	0.000602	0.00	12173.824
1602.000000	0.000608	0.00	12087.920
1603.000000	0.000629	0.00	12112.464
1604.000000	0.000726	0.00	11241.152
1605.000000	0.000731	0.00	10983.440
1606.000000	0.000722	0.00	11302.512
1607.000000	0.000868	0.13	9412.624
1608.000000	0.000995	0.13	9118.096
1609.000000	0.000960	0.00	9510.800
1610.000000	0.001043	0.00	9081.280
1611.000000	0.001140	0.15	8087.248
1612.000000	0.001302	0.34	7154.576
1613.000000	0.001767	0.00	5915.104
1614.000000	0.001749	0.00	6001.008
1615.000000	0.001730	0.42	5792.384
1616.000000	0.001988	0.00	5006.976
1617.000000	0.002027	1.61	4479.280
1618.000000	0.002283	2.13	3939.312
1619.000000	0.002473	3.02	3546.608
1620.000000	0.002553	3.25	3288.896
1621.000000	0.002585	2.85	3350.256
1622.000000	0.003029	5.65	2663.024
1623.000000	0.004013	7.34	2012.608
1624.000000	0.003679	6.44	2331.680
1625.000000	0.003984	16.91	1386.736
1626.000000	0.004378	18.85	1214.928
1627.000000	0.004339	22.31	1141.296
1628.000000	0.004524	14.97	1546.272
1629.000000	0.004557	18.55	1227.200
1630.000000	0.003768	17.22	1534.000
1631.000000	0.004800	12.98	1399.008
1632.000000	0.004492	13.70	1558.544
1633.000000	0.003645	13.73	1619.904
1634.000000	0.003856	10.83	1705.808
1635.000000	0.003572	10.23	1951.248
1636.000000	0.003412	5.48	2528.032
1637.000000	0.003143	9.45	2245.776
1638.000000	0.003741	8.72	1914.432
1639.000000	0.003517	8.05	1975.792
1640.000000	0.003333	11.36	1902.160
1641.000000	0.003725	11.24	1840.800
1642.000000	0.003917	7.43	2000.336
1643.000000	0.004195	9.94	1767.168
1644.000000	0.004331	13.01	1570.816
1645.000000	0.002926	5.08	2736.656
1646.000000	0.003449	6.49	2123.056
1647.000000	0.003778	9.83	1926.704
1648.000000	0.003842	9.36	1889.888
1649.000000	0.002950	7.08	2577.120
1650.000000	0.003621	9.60	1975.792
1651.000000	0.003327	13.42	1570.816
1652.000000	0.003778	15.23	1583.088
1653.000000	0.004281	14.86	1546.272
1654.000000	0.003946	13.25	1595.360
1655.000000	0.004218	18.62	1460.368
1656.000000	0.003850	17.97	1288.560
1657.000000	0.004998	21.43	1079.936
1658.000000	0.005544	28.43	883.584
1659.000000	0.004090	29.46	981.760
1660.000000	0.004838	22.12	1067.664
1661.000000	0.004591	32.67	846.768
1662.000000	0.003732	34.29	834.496
1663.000000	0.003836	37.86	797.680
1664.000000	0.004891	41.11	638.144
1665.000000	0.006122	36.14	662.688
1666.000000	0.006046	45.57	527.696
1667.000000	0.005820	48.72	490.880
1668.000000	0.006125	37.65	638.144
1669.000000	0.004700	43.53	589.056
1670.000000	0.004616	28.04	944.944
1671.000000	0.004855	28.04	957.216
1672.000000	0.004422	24.79	1079.936
1673.000000	0.004522	22.83	1202.656
1674.000000	0.004755	18.25	1264.016
1675.000000	0.004505	16.55	1423.552
1676.000000	0.003840	18.80	1325.376
1677.000000	0.003469	10.98	1791.712
1678.000000	0.004231	10.39	1693.536
1679.000000	0.002623	5.34	3043.456
1680.000000	0.003015	6.28	2552.576
1681.000000	0.003193	5.05	2552.576
1682.000000	0.002526	6.30	2724.384
1683.000000	0.002838	4.15	3129.360
1684.000000	0.002374	2.58	3706.144
1685.000000	0.002554	1.22	3951.584
1686.000000	0.002072	1.06	4589.728
1687.000000	0.002173	1.38	4393.376
1688.000000	0.002471	1.19	4098.848
1689.000000	0.002351	0.55	4405.648
1690.000000	0.001877	0.48	5141.968
1691.000000	0.001695	1.67	5043.792
1692.000000	0.002028	0.74	4933.344
1693.000000	0.001827	0.22	5571.488
1694.000000	0.002081	0.24	4994.704
1695.000000	0.001686	0.42	5755.568
1696.000000	0.001550	0.40	6160.544
1697.000000	0.001488	0.00	6970.496
1698.000000	0.001680	0.21	5964.192
1699.000000	0.001966	0.50	4921.072
1700.000000	0.001505	0.00	6786.416
1701.000000	0.001520	0.00	6909.136
1702.000000	0.001857	0.68	5387.408
1703.000000	0.001691	0.42	5853.744
1704.000000	0.001682	0.44	5583.760
1705.000000	0.001623	0.40	6062.368
1706.000000	0.001609	0.42	5853.744
1707.000000	0.002125	0.51	4773.808
1708.000000	0.002317	0.56	4356.560
1709.000000	0.002222	0.25	4835.168
1710.000000	0.002291	1.16	4184.752
1711.000000	0.001982	1.52	4773.808
1712.000000	0.002199	2.32	4135.664
1713.000000	0.002124	1.59	4577.456
1714.000000	0.002842	2.59	3215.264
1715.000000	0.002774	0.67	3644.784
1716.000000	0.003312	2.46	2920.736
1717.000000	0.002976	6.13	2442.128
1718.000000	0.002505	6.52	2638.480
1719.000000	0.003501	5.47	2331.680
1720.000000	0.003378	6.13	2454.400
1721.000000	0.003484	10.67	1938.976
1722.000000	0.003378	9.23	2172.144
1723.000000	0.003960	9.64	1853.072
1724.000000	0.003896	16.78	1448.096
1725.000000	0.004364	13.77	1460.368
1726.000000	0.003748	19.85	1337.648
1727.000000	0.004385	15.91	1362.192
1728.000000	0.004141	16.67	1411.280
1729.000000	0.004759	18.64	1190.384
1730.000000	0.003627	20.00	1313.104
1731.000000	0.003420	25.38	1202.656
1732.000000	0.005086	33.67	797.680
1733.000000	0.003807	33.01	846.768
1734.000000	0.004058	36.36	760.864
1735.000000	0.003636	34.34	797.680
1736.000000	0.005025	28.07	1006.304
1737.000000	0.004378	33.01	859.040
1738.000000	0.004667	42.05	613.600
1739.000000	0.006361	37.36	699.504
1740.000000	0.005741	24.74	908.128
1741.000000	0.003190	24.81	1227.200
1742.000000	0.003725	22.90	1227.200
1743.000000	0.003531	16.55	1497.184
1744.000000	0.004307	15.17	1509.456
1745.000000	0.002798	12.22	1938.976
1746.000000	0.004107	7.23	1877.616
1747.000000	0.003225	4.26	2761.200
1748.000000	0.002724	5.81	2798.016
1749.000000	0.002710	5.53	2712.112
1750.000000	0.002474	1.86	3890.224
1751.000000	0.002482	0.59	4098.848
1752.000000	0.002348	0.86	4246.112
1753.000000	0.001942	1.34	4503.824
1754.000000	0.001841	0.22	5596.032
1755.000000	0.001610	0.00	6381.440
1756.000000	0.001449	0.00	7044.128
1757.000000	0.001010	0.14	9019.920
1758.000000	0.001282	0.00	7596.368
1759.000000	0.001212	0.00	7743.632
1760.000000	0.001019	0.00	9081.280
1761.000000	0.000874	0.00	9780.784
1762.000000	0.000915	0.00	9584.432
1763.000000	0.000725	0.00	11106.160
1764.000000	0.000637	0.00	12173.824
1765.000000	0.000556	0.00	13008.320
1766.000000	0.000577	0.00	12124.736
1767.000000	0.000524	0.00	12959.232
1768.000000	0.000491	0.00	13474.656
1769.000000	0.000464	0.00	13867.360
1770.000000	0.000432	0.00	14321.424
1771.000000	0.000421	0.00	14395.056
1772.000000	0.000445	0.00	13940.992
1773.000000	0.000411	0.00	14530.048
1774.000000	0.000415	0.00	14714.128
1775.000000	0.000403	0.00	14935.024
1776.000000	0.000417	0.00	14726.400
1777.000000	0.000389	0.00	14971.840
1778.000000	0.000399	0.00	15070.016
1779.000000	0.000418	0.00	14456.416
1780.000000	0.000401	0.00	14775.488
1781.000000	0.000400	0.00	14959.568
1782.000000	0.000421	0.00	14358.240
1783.000000	0.000423	0.00	14407.328
1784.000000	0.000445	0.00	14088.256
1785.000000	0.000529	0.00	12983.776
1786.000000	0.000476	0.00	13916.448
1787.000000	0.000480	0.00	14750.944
1788.000000	0.000584	0.00	12394.720
1789.000000	0.000606	0.00	12382.448
1790.000000	0.000730	0.12	10247.120
1791.000000	0.000749	0.12	10136.672
1792.000000	0.000816	0.00	10198.032
1793.000000	0.000825	0.13	9780.784
1794.000000	0.000874	0.00	10038.496
1795.000000	0.001052	0.00	9093.552
1796.000000	0.001346	0.00	7510.464
1797.000000	0.001385	0.18	6675.968
1798.000000	0.001640	0.20	6160.544
1799.000000	0.001836	0.22	5522.400
1800.000000	0.001655	0.41	5939.648
1801.000000	0.001920	0.49	5019.248
1802.000000	0.001994	0.23	5227.872
1803.000000	0.002328	0.82	4491.552
1804.000000	0.002488	2.18	3841.136
1805.000000	0.002493	4.80	3178.448
1806.000000	0.003135	3.75	2822.560
1807.000000	0.003322	6.76	2380.768
1808.000000	0.003174	12.79	1828.528
1809.000000	0.003251	13.45	1816.256
1810.000000	0.003770	9.36	1914.432
1811.000000	0.003674	21.05	1276.288
1812.000000	0.004554	27.68	994.032
1813.000000	0.005115	26.92	944.944
1814.000000	0.003836	26.04	871.312
1815.000000	0.003568	36.00	773.136
1816.000000	0.005936	27.62	944.944
1817.000000	0.003236	39.42	773.136
1818.000000	0.005129	34.41	748.592
1819.000000	0.004481	37.50	724.048
1820.000000	0.004774	48.24	539.968
1821.000000	0.004882	32.32	834.496
1822.000000	0.003641	45.56	601.328
1823.000000	0.005247	49.30	441.792
1824.000000	0.006883	37.93	662.688
1825.000000	0.005295	26.47	920.400
1826.000000	0.004288	37.23	724.048
1827.000000	0.004375	18.55	1239.472
1828.000000	0.005468	26.21	932.672
1829.000000	0.003729	18.79	1484.912
1830.000000	0.003914	14.57	1583.088
1831.000000	0.003652	9.58	1840.800
1832.000000	0.003454	11.63	1865.344
1833.000000	0.003526	12.67	1607.632
1834.000000	0.003648	7.94	2135.328
1835.000000	0.002742	5.35	2834.832
1836.000000	0.002828	3.00	3166.176
1837.000000	0.002761	1.61	3742.960
1838.000000	0.001876	2.86	4172.480
1839.000000	0.001943	0.49	5019.248
1840.000000	0.002057	0.24	5129.696
1841.000000	0.002026	0.25	4921.072
1842.000000	0.001828	0.71	5154.240
1843.000000	0.001864	0.00	5362.864
1844.000000	0.001585	0.19	6356.896
1845.000000	0.001483	0.00	6945.952
1846.000000	0.001167	0.30	8111.792
1847.000000	0.001266	0.00	7927.712
1848.000000	0.001250	0.00	7768.176
1849.000000	0.000966	0.00	9878.960
1850.000000	0.001159	0.00	8209.968
1851.000000	0.001001	0.00	9093.552
1852.000000	0.000978	0.00	9216.272
1853.000000	0.000922	0.00	9596.704
1854.000000	0.000892	0.13	9216.272
1855.000000	0.000860	0.00	10345.296
1856.000000	0.000847	0.00	10148.944
1857.000000	0.000923	0.00	9547.616
1858.000000	0.000734	0.12	10652.096
1859.000000	0.000837	0.00	10013.952
1860.000000	0.000840	0.00	10136.672
1861.000000	0.000924	0.00	9253.088
1862.000000	0.001031	0.00	8970.832
1863.000000	0.000909	0.00	9707.152
1864.000000	0.000854	0.00	9866.688
1865.000000	0.000853	0.00	10099.856
1866.000000	0.001213	0.00	7866.352
1867.000000	0.000949	0.00	9473.984
1868.000000	0.001013	0.14	8897.200
1869.000000	0.000940	0.00	9658.064
1870.000000	0.001142	0.00	8541.312
1871.000000	0.001756	0.00	5915.104
1872.000000	0.001370	0.36	6712.784
1873.000000	0.001307	0.52	7007.312
1874.000000	0.001467	0.19	6590.064
1875.000000	0.001695	0.43	5743.296
1876.000000	0.001955	0.71	5154.240
1877.000000	0.002080	0.00	5019.248
1878.000000	0.002111	0.53	4638.816
1879.000000	0.002194	0.79	4602.000
1880.000000	0.002293	1.16	4184.752
1881.000000	0.003110	3.23	2945.280
1882.000000	0.002213	4.32	3264.352
1883.000000	0.003862	3.94	2380.768
1884.000000	0.003595	6.60	2258.048
1885.000000	0.003273	5.80	2393.040
1886.000000	0.002684	2.81	3411.616
1887.000000	0.002719	3.24	3288.896
1888.000000	0.001882	1.69	4295.200
1889.000000	0.001964	0.45	5399.680
1890.000000	0.002077	1.02	4798.352
1891.000000	0.001572	0.19	6479.616
1892.000000	0.001591	0.19	6307.808
1893.000000	0.001415	0.00	7191.392
1894.000000	0.001435	0.00	6835.504
1895.000000	0.001052	0.00	9142.640
1896.000000	0.000992	0.00	9302.176
1897.000000	0.000906	0.00	10173.488
1898.000000	0.000795	0.00	10357.568
1899.000000	0.000745	0.00	11069.344
1900.000000	0.000748	0.00	10922.080
1901.000000	0.000645	0.00	11547.952
1902.000000	0.000563	0.00	12799.696
1903.000000	0.000600	0.00	11903.840
1904.000000	0.000504	0.00	13756.912
1905.000000	0.000505	0.00	13315.120
1906.000000	0.000484	0.00	13634.192
1907.000000	0.000432	0.00	14210.976
1908.000000	0.000424	0.00	14603.680
1909.000000	0.000412	0.00	14505.504
1910.000000	0.000431	0.00	14345.968
1911.000000	0.000418	0.00	14603.680
1912.000000	0.000420	0.00	14677.312
1913.000000	0.000413	0.00	14603.680
1914.000000	0.000414	0.00	14849.120
1915.000000	0.000396	0.00	14665.040
1916.000000	0.000413	0.00	14284.608
1917.000000	0.000388	0.00	15205.008
1918.000000	0.000422	0.00	14284.608
1919.000000	0.000437	0.00	14382.784
1920.000000	0.000432	0.00	14223.248
1921.000000	0.000456	0.00	13695.552
1922.000000	0.000515	0.00	13155.584
1923.000000	0.000550	0.00	12664.704
1924.000000	0.000518	0.00	13155.584
1925.000000	0.000611	0.00	12272.000
1926.000000	0.000611	0.00	12284.272
1927.000000	0.000630	0.00	12087.920
1928.000000	0.000754	0.00	10848.448
1929.000000	0.000829	0.00	10333.024
1930.000000	0.000979	0.00	9105.824
1931.000000	0.000922	0.00	9866.688
1932.000000	0.001107	0.15	8209.968
1933.000000	0.001329	0.00	7400.016
1934.000000	0.001114	0.50	7265.024
1935.000000	0.001547	0.19	6467.344
1936.000000	0.001933	0.75	4871.984
1937.000000	0.001926	0.73	5031.520
1938.000000	0.002461	1.18	4098.848
1939.000000	0.002287	2.03	4135.664
1940.000000	0.002661	1.25	3865.680
1941.000000	0.002854	2.80	2982.096
1942.000000	0.003103	5.38	2589.392
1943.000000	0.002903	4.68	2748.928
1944.000000	0.003046	5.02	2552.576
1945.000000	0.003179	7.84	2307.136
1946.000000	0.002777	4.60	3055.728
1947.000000	0.002986	4.87	2650.752
1948.000000	0.002771	2.93	3252.080
1949.000000	0.003440	5.58	2282.592
1950.000000	0.003164	3.73	2834.832
1951.000000	0.002693	5.10	2969.824
1952.000000	0.002722	6.81	2699.840
1953.000000	0.002836	6.22	2589.392
1954.000000	0.003706	7.33	2172.144
1955.000000	0.003121	7.18	2208.960
1956.000000	0.003238	9.31	2270.320
1957.000000	0.003570	13.25	1779.440
1958.000000	0.003154	9.79	2147.600
1959.000000	0.003748	10.24	1828.528
1960.000000	0.004056	7.69	1902.160
1961.000000	0.004608	10.34	1607.632
1962.000000	0.003157	15.53	1656.720
1963.000000	0.003904	18.60	1288.560
1964.000000	0.004387	21.74	1116.752
1965.000000	0.004169	14.71	1411.280
1966.000000	0.003925	27.59	1043.120
1967.000000	0.005829	23.15	1006.304
1968.000000	0.004660	32.32	834.496
1969.000000	0.004236	28.44	957.216
1970.000000	0.005130	39.53	625.872
1971.000000	0.004743	29.52	920.400
1972.000000	0.004445	34.69	785.408
1973.000000	0.004396	45.05	613.600
1974.000000	0.004565	42.11	662.688
1975.000000	0.005118	35.16	736.320
1976.000000	0.004157	35.71	773.136
1977.000000	0.004790	36.79	822.224
1978.000000	0.005007	35.23	687.232
1979.000000	0.004152	26.56	1153.568
1980.000000	0.003917	39.56	674.960
1981.000000	0.004526	27.19	1030.848
1982.000000	0.004096	25.66	1030.848
1983.000000	0.003832	20.16	1214.928
1984.000000	0.004277	15.49	1472.640
1985.000000	0.003108	10.53	2086.240
1986.000000	0.003893	9.82	1803.984
1987.000000	0.003636	14.29	1681.264
1988.000000	0.003157	8.08	2233.504
1989.000000	0.003321	4.91	2626.208
1990.000000	0.003148	3.21	2945.280
1991.000000	0.003037	2.61	3202.992
1992.000000	0.002971	1.44	3362.528
1993.000000	0.002269	1.10	4430.192
1994.000000	0.002524	0.58	4184.752
1995.000000	0.001779	1.47	4921.072
1996.000000	0.001799	0.67	5461.040
1997.000000	0.001717	0.20	6013.280
1998.000000	0.002119	0.80	4540.640
1999.000000	0.001590	0.60	6074.640
2000.000000	0.001389	0.00	7080.944
2001.000000	0.001335	0.34	7252.752
2002.000000	0.001373	0.00	7154.576
2003.000000	0.001156	0.00	8369.504
2004.000000	0.001165	0.16	7903.168
2005.000000	0.001202	0.16	7817.264
2006.000000	0.000929	0.00	9756.240
2007.000000	0.000932	0.00	9682.608
2008.000000	0.001067	0.00	8676.304
2009.000000	0.001012	0.00	8799.024
2010.000000	0.000856	0.00	10382.112
2011.000000	0.000874	0.00	9866.688
2012.000000	0.001011	0.00	8909.472
2013.000000	0.000973	0.00	9314.448
2014.000000	0.000811	0.12	9989.408
2015.000000	0.000887	0.13	9326.720
2016.000000	0.000937	0.00	9670.336
2017.000000	0.000787	0.00	11130.704
2018.000000	0.000935	0.00	9719.424
2019.000000	0.000946	0.00	9645.792
2020.000000	0.001111	0.00	8614.944
2021.000000	0.001216	0.00	8025.888
2022.000000	0.001079	0.00	8774.480
2023.000000	0.001293	0.00	7633.184
2024.000000	0.001114	0.14	8529.040
2025.000000	0.001158	0.00	8529.040
2026.000000	0.001369	0.00	7547.280
2027.000000	0.001456	0.38	6504.160
2028.000000	0.001575	0.39	6270.992
2029.000000	0.001622	0.40	6123.728
2030.000000	0.001830	0.22	5657.392
2031.000000	0.002481	0.58	4246.112
2032.000000	0.002080	1.10	4417.920
2033.000000	0.002135	1.74	4135.664
2034.000000	0.002659	0.98	3718.416
2035.000000	0.002739	5.00	2798.016
2036.000000	0.002597	4.45	2896.192
2037.000000	0.003245	3.03	2748.928
2038.000000	0.002784	6.88	2491.216
2039.000000	0.003069	4.50	2601.664
2040.000000	0.003860	5.03	2331.680
2041.000000	0.003495	6.77	2196.688
2042.000000	0.003276	4.20	2785.744
2043.000000	0.003130	3.02	2761.200
2044.000000	0.003123	2.81	2969.824
2045.000000	0.002619	3.14	3423.888
2046.000000	0.002576	2.32	3607.968
2047.000000	0.001941	1.00	4847.440
2048.000000	0.001826	1.20	5043.792
2049.000000	0.001731	0.21	5951.920
2050.000000	0.001887	0.45	5411.952
2051.000000	0.002027	0.24	5203.328
2052.000000	0.001504	0.00	6479.616
2053.000000	0.001668	0.21	5878.288
2054.000000	0.001570	1.19	5092.880
2055.000000	0.001450	0.35	6896.864
2056.000000	0.001525	0.19	6577.792
2057.000000	0.001598	0.00	6602.336
2058.000000	0.001363	0.17	7056.400
2059.000000	0.001537	0.19	6553.248
2060.000000	0.001163	0.15	8050.432
2061.000000	0.001379	0.17	7130.032
2062.000000	0.001614	0.20	6246.448
2063.000000	0.001525	0.38	6405.984
2064.000000	0.001295	0.34	7252.752
2065.000000	0.001617	0.20	6050.096
2066.000000	0.001698	0.21	5939.648
2067.000000	0.001665	0.90	5411.952
2068.000000	0.001711	0.65	5608.304
2069.000000	0.001828	0.44	5546.944
2070.000000	0.001933	0.77	4736.992
2071.000000	0.001806	0.72	5080.608
2072.000000	0.001940	0.47	5252.416
2073.000000	0.002678	1.00	3657.056
2074.000000	0.002035	0.24	5105.152
2075.000000	0.002484	1.25	3890.224
2076.000000	0.003059	4.27	2748.928
2077.000000	0.002899	2.14	3374.800
2078.000000	0.003361	3.42	2773.472
2079.000000	0.003016	3.70	2564.848
2080.000000	0.003135	7.54	2258.048
2081.000000	0.003274	3.93	2687.568
2082.000000	0.003303	6.28	2196.688
2083.000000	0.002946	6.85	2515.760
2084.000000	0.003204	6.76	2356.224
2085.000000	0.002988	3.69	2883.920
2086.000000	0.002652	4.30	3018.912
2087.000000	0.002215	4.45	3411.616
2088.000000	0.003052	2.26	3178.448
2089.000000	0.002683	2.38	3522.064
2090.000000	0.002542	2.34	3583.424
2091.000000	0.002398	1.57	3853.408
2092.000000	0.001891	1.17	5178.784
2093.000000	0.003007	2.01	2994.368
2094.000000	0.002418	1.83	3939.312
2095.000000	0.002118	1.41	4295.200
2096.000000	0.002519	1.23	3939.312
2097.000000	0.002133	0.54	4552.912
2098.000000	0.002363	0.90	4049.760
2099.000000	0.001932	1.61	4479.280
2100.000000	0.002279	0.26	4651.088
2101.000000	0.002469	0.57	4282.928
2102.000000	0.002134	2.72	3951.584
2103.000000	0.002308	2.08	4062.032
2104.000000	0.002794	1.52	3178.448
2105.000000	0.002143	2.57	4197.024
2106.000000	0.002618	1.98	3632.512
2107.000000	0.002332	1.81	3988.400
2108.000000	0.002664	2.81	3411.616
2109.000000	0.002494	3.53	3337.984
2110.000000	0.002857	2.85	2933.008
2111.000000	0.002468	5.58	2920.736
2112.000000	0.003673	3.70	2552.576
2113.000000	0.003053	4.82	2650.752
2114.000000	0.003264	8.74	2049.424
2115.000000	0.003201	7.22	2221.232
2116.000000	0.002873	7.11	2564.848
2117.000000	0.003804	10.47	1889.888
2118.000000	0.002830	6.64	2589.392
2119.000000	0.003670	12.07	1877.616
2120.000000	0.003822	17.24	1472.640
2121.000000	0.004312	12.77	1497.184
2122.000000	0.004748	13.11	1313.104
2123.000000	0.003795	16.33	1497.184
2124.000000	0.003590	13.86	1754.896
2125.000000	0.003845	19.69	1264.016
2126.000000	0.003821	21.14	1190.384
2127.000000	0.003489	12.57	1865.344
2128.000000	0.003420	9.52	2098.512
2129.000000	0.002615	9.26	2405.312
2130.000000	0.003393	11.30	1926.704
2131.000000	0.002971	6.88	2491.216
2132.000000	0.003107	8.42	2147.600
2133.000000	0.004266	8.13	1791.712
2134.000000	0.004594	7.10	1767.168
2135.000000	0.002959	6.80	2368.496
2136.000000	0.002872	10.47	1889.888
2137.000000	0.003427	5.94	2528.032
2138.000000	0.004214	5.03	2073.968
2139.000000	0.003001	9.33	2147.600
2140.000000	0.003435	8.02	2110.784
2141.000000	0.003276	6.10	2466.672
2142.000000	0.003491	8.60	2073.968
2143.000000	0.002802	7.96	2564.848
2144.000000	0.003075	8.50	2233.504
2145.000000	0.003414	7.96	2282.592
2146.000000	0.003150	6.61	2589.392
2147.000000	0.002660	4.78	2933.008
2148.000000	0.002691	3.02	3166.176
2149.000000	0.002648	0.63	3828.864
2150.000000	0.001994	1.69	4282.928
2151.000000	0.002576	1.30	3742.960
2152.000000	0.001701	0.20	6050.096
2153.000000	0.001884	0.00	5694.208
2154.000000	0.001726	0.22	5571.488
2155.000000	0.001358	0.00	7363.200
2156.000000	0.001002	0.13	9253.088
2157.000000	0.001005	0.00	9314.448
2158.000000	0.000922	0.00	9535.344
2159.000000	0.000776	0.00	10872.992
2160.000000	0.000708	0.11	10848.448
2161.000000	0.000667	0.00	11597.040
2162.000000	0.000664	0.00	11462.048
2163.000000	0.000575	0.00	13216.944
2164.000000	0.000564	0.00	12578.800
2165.000000	0.000524	0.00	13118.768
2166.000000	0.000436	0.00	14640.496
2167.000000	0.000457	0.00	14002.352
2168.000000	0.000461	0.00	14075.984
2169.000000	0.000453	0.00	14125.072
2170.000000	0.000433	0.00	14345.968
2171.000000	0.000414	0.00	14480.960
2172.000000	0.000422	0.00	14603.680
2173.000000	0.000394	0.00	14885.936
2174.000000	0.000383	0.00	15266.368
2175.000000	0.000387	0.00	14775.488
2176.000000	0.000403	0.00	14885.936
2177.000000	0.000397	0.00	15008.656
2178.000000	0.000411	0.00	14824.576
2179.000000	0.000442	0.00	14210.976
2180.000000	0.000444	0.00	13867.360
2181.000000	0.000443	0.00	14223.248
2182.000000	0.000465	0.00	14026.896
2183.000000	0.000502	0.00	13229.216
2184.000000	0.000542	0.00	12750.608
2185.000000	0.000499	0.00	13928.720
2186.000000	0.000602	0.00	12296.544
2187.000000	0.000643	0.00	11719.760
2188.000000	0.000690	0.00	11425.232
2189.000000	0.000806	0.00	10333.024
2190.000000	0.001085	0.00	8344.960
2191.000000	0.001017	0.00	9032.192
2192.000000	0.000949	0.27	8934.016
2193.000000	0.001107	0.00	8664.032
2194.000000	0.001228	0.00	7804.992
2195.000000	0.001490	0.37	6565.520
2196.000000	0.001818	0.23	5411.952
2197.000000	0.001654	0.40	6050.096
2198.000000	0.001700	0.21	5816.928
2199.000000	0.002192	1.44	4197.024
2200.000000	0.002071	1.40	4307.472
2201.000000	0.002360	0.87	4209.296
2202.000000	0.002330	2.46	3877.952
2203.000000	0.003364	4.50	2601.664
2204.000000	0.002708	7.30	2663.024
2205.000000	0.003041	6.95	2123.056
2206.000000	0.003540	8.47	1988.064
2207.000000	0.003504	13.41	1754.896
2208.000000	0.003231	8.21	2184.416
2209.000000	0.003203	7.58	2245.776
2210.000000	0.003104	6.51	2478.944
2211.000000	0.002882	3.36	3178.448
2212.000000	0.002947	1.44	3337.984
2213.000000	0.002470	2.33	3620.240
2214.000000	0.002202	2.54	3755.232
2215.000000	0.002050	1.86	4540.640
2216.000000	0.002159	1.08	4491.552
2217.000000	0.001757	1.14	5338.320
2218.000000	0.002140	0.26	4786.080
2219.000000	0.001577	0.61	6037.824
2220.000000	0.001505	0.00	6725.056
2221.000000	0.001562	0.40	6037.824
2222.000000	0.001388	0.00	7179.120
2223.000000	0.001407	0.00	7154.576
2224.000000	0.001088	0.14	8639.488
2225.000000	0.001235	0.00	7829.536
2226.000000	0.000986	0.00	9645.792
2227.000000	0.001063	0.00	8884.928
2228.000000	0.000819	0.00	10308.480
2229.000000	0.000961	0.00	9424.896
2230.000000	0.000951	0.00	9608.976
2231.000000	0.000888	0.00	10026.224
2232.000000	0.000914	0.00	9473.984
2233.000000	0.000865	0.13	9633.520
2234.000000	0.000738	0.00	11032.528
2235.000000	0.000840	0.00	10345.296
2236.000000	0.000812	0.00	10283.936
2237.000000	0.000807	0.00	10541.648
2238.000000	0.000850	0.00	10173.488
2239.000000	0.000802	0.12	10050.768
2240.000000	0.000867	0.00	10198.032
2241.000000	0.000879	0.00	10050.768
2242.000000	0.000978	0.00	9289.904
2243.000000	0.001022	0.00	9044.464
2244.000000	0.000967	0.27	9105.824
2245.000000	0.001159	0.00	8111.792
2246.000000	0.001352	0.00	7400.016
2247.000000	0.001280	0.17	7412.288
2248.000000	0.001394	0.18	6933.680
2249.000000	0.001453	0.00	7044.128
2250.000000	0.001483	0.18	6823.232
2251.000000	0.001376	0.00	7424.560
2252.000000	0.001442	0.77	6307.808
2253.000000	0.001810	0.50	4945.616
2254.000000	0.001927	0.98	4957.888
2255.000000	0.001928	1.27	4761.536
2256.000000	0.002284	0.90	4062.032
2257.000000	0.003122	3.42	2773.472
2258.000000	0.002611	3.47	3068.000
2259.000000	0.002563	4.56	3092.544
2260.000000	0.002545	2.73	3485.248
2261.000000	0.002744	4.40	2933.008
2262.000000	0.003418	5.47	2331.680
2263.000000	0.002951	3.00	3178.448
2264.000000	0.003263	6.25	2405.312
2265.000000	0.002911	5.24	2883.920
2266.000000	0.003197	6.34	2343.952
2267.000000	0.003203	4.64	2773.472
2268.000000	0.003480	5.00	2331.680
2269.000000	0.003194	6.17	2613.936
2270.000000	0.002882	7.21	2380.768
2271.000000	0.004271	12.42	1718.080
2272.000000	0.004744	7.19	1742.624
2273.000000	0.003121	10.22	2049.424
2274.000000	0.003445	11.49	1889.888
2275.000000	0.004150	13.01	1558.544
2276.000000	0.004501	20.17	1178.112
2277.000000	0.003857	21.43	1214.928
2278.000000	0.003933	18.12	1386.736
2279.000000	0.004896	20.00	1214.928
2280.000000	0.004762	22.50	1153.568
2281.000000	0.003641	26.19	1141.296
2282.000000	0.003479	32.50	981.760
2283.000000	0.004658	36.56	736.320
2284.000000	0.003086	34.21	908.128
2285.000000	0.004222	36.36	785.408
2286.000000	0.005609	40.91	638.144
2287.000000	0.005459	54.17	404.976
2288.000000	0.004696	45.78	552.240
2289.000000	0.006376	52.78	417.248
2290.000000	0.005669	39.56	674.960
2291.000000	0.005686	44.58	564.512
2292.000000	0.004543	39.13	687.232
2293.000000	0.005646	39.08	650.416
2294.000000	0.005142	32.99	797.680
2295.000000	0.004415	46.51	564.512
2296.000000	0.004609	24.32	1030.848
2297.000000	0.004597	29.91	908.128
2298.000000	0.003486	37.76	760.864
2299.000000	0.005037	37.93	650.416
2300.000000	0.004076	40.40	736.320
2301.000000	0.006257	37.93	662.688
2302.000000	0.005532	41.11	638.144
2303.000000	0.003788	45.45	601.328
2304.000000	0.003709	45.98	564.512
2305.000000	0.004852	50.62	490.880
2306.000000	0.004559	32.41	895.856
2307.000000	0.004727	35.87	736.320
2308.000000	0.004158	37.63	699.504
2309.000000	0.003495	24.79	1129.024
2310.000000	0.004690	20.00	1165.840
2311.000000	0.003690	19.05	1460.368
2312.000000	0.004345	17.16	1374.464
2313.000000	0.003403	16.67	1521.728
2314.000000	0.003786	18.90	1276.288
2315.000000	0.003604	11.18	1742.624
2316.000000	0.003797	8.05	1975.792
2317.000000	0.003779	6.67	2049.424
2318.000000	0.002864	8.49	2393.040
2319.000000	0.002524	4.56	3068.000
2320.000000	0.003241	5.02	2552.576
2321.000000	0.002408	1.59	3804.320
2322.000000	0.002412	1.17	4160.208
2323.000000	0.002549	1.59	3804.320
2324.000000	0.001645	1.86	5166.512
2325.000000	0.002060	1.73	4184.752
2326.000000	0.001767	0.21	5743.296
2327.000000	0.001818	0.21	5767.840
2328.000000	0.001615	0.19	6295.536
2329.000000	0.001593	0.40	6172.816
2330.000000	0.001402	0.35	7080.944
2331.000000	0.001427	0.00	7130.032
2332.000000	0.001578	0.19	6504.160
2333.000000	0.001251	0.00	7915.440
2334.000000	0.001608	0.20	6074.640
2335.000000	0.001268	0.35	6970.496
2336.000000	0.001422	0.37	6565.520
2337.000000	0.001293	0.00	7731.360
2338.000000	0.001231	0.16	7547.280
2339.000000	0.001276	0.33	7400.016
2340.000000	0.001562	0.00	6516.432
2341.000000	0.001260	0.52	7007.312
2342.000000	0.001365	0.00	7510.464
2343.000000	0.001267	0.00	7633.184
2344.000000	0.001496	0.00	6761.872
2345.000000	0.001385	0.17	7080.944
2346.000000	0.001637	0.20	6001.008
2347.000000	0.001507	0.00	6958.224
2348.000000	0.001561	0.20	6148.272
2349.000000	0.001640	0.20	6074.640
2350.000000	0.002041	0.49	5006.976
2351.000000	0.001642	1.09	5559.216
2352.000000	0.001553	1.08	5632.848
2353.000000	0.002298	0.26	4736.992
2354.000000	0.002281	0.78	4663.360
2355.000000	0.001806	0.70	5191.056
2356.000000	0.002216	1.05	4638.816
2357.000000	0.002665	2.87	3325.712
2358.000000	0.003103	1.91	3153.904
2359.000000	0.002864	5.19	2699.840
2360.000000	0.003019	4.05	2896.192
2361.000000	0.002944	6.45	2503.488
2362.000000	0.003342	7.73	2184.416
2363.000000	0.003870	10.78	1828.528
2364.000000	0.003131	9.42	2123.056
2365.000000	0.003313	12.87	1840.800
2366.000000	0.004652	11.33	1619.904
2367.000000	0.003351	13.58	1718.080
2368.000000	0.003178	21.60	1202.656
2369.000000	0.003347	15.65	1534.000
2370.000000	0.004693	15.97	1472.640
2371.000000	0.003114	21.38	1411.280
2372.000000	0.003967	17.29	1349.920
2373.000000	0.004326	25.23	969.488
2374.000000	0.003603	27.59	1043.120
2375.000000	0.002935	32.71	883.584
2376.000000	0.003694	32.43	920.400
2377.000000	0.005411	36.36	760.864
2378.000000	0.004828	32.38	883.584
2379.000000	0.004801	58.11	380.432
2380.000000	0.003640	37.11	736.320
2381.000000	0.005571	41.67	601.328
2382.000000	0.004293	44.68	638.144
2383.000000	0.005411	50.67	466.336
2384.000000	0.004049	34.86	871.312
2385.000000	0.004328	34.65	809.952
2386.000000	0.004412	36.84	736.320
2387.000000	0.004176	35.19	859.040
2388.000000	0.003480	29.03	1067.664
2389.000000	0.004460	35.64	809.952
2390.000000	0.003719	26.09	1030.848
2391.000000	0.003446	17.14	1435.824
2392.000000	0.003649	16.67	1411.280
2393.000000	0.004438	13.87	1435.824
2394.000000	0.003998	9.20	1816.256
2395.000000	0.003673	9.30	1914.432
2396.000000	0.003452	6.44	2319.408
2397.000000	0.002746	6.70	2393.040
2398.000000	0.002945	4.07	2896.192
2399.000000	0.003144	3.49	2712.112
2400.000000	0.002534	3.00	3571.152
2401.000000	0.002180	3.28	3976.128
2402.000000	0.002571	1.26	3841.136
2403.000000	0.001929	0.95	5105.152
2404.000000	0.002184	2.08	4037.488
2405.000000	0.001803	1.18	5154.240
2406.000000	0.002142	0.78	4651.088
2407.000000	0.002022	0.80	4540.640
2408.000000	0.001784	0.93	5227.872
2409.000000	0.002065	0.24	5141.968
2410.000000	0.001653	0.43	5632.848
2411.000000	0.001366	0.34	7203.664
2412.000000	0.001539	0.56	6504.160
2413.000000	0.001554	0.39	6197.360
2414.000000	0.001449	0.18	6749.600
2415.000000	0.001558	0.19	6479.616
2416.000000	0.001218	0.00	8160.880
2417.000000	0.001430	0.35	6945.952
2418.000000	0.001605	0.41	5927.376
2419.000000	0.001466	0.00	6872.320
2420.000000	0.001317	0.74	6553.248
2421.000000	0.001635	0.00	6209.632
2422.000000	0.001461	0.37	6565.520
2423.000000	0.001758	0.44	5571.488
2424.000000	0.001885	0.44	5546.944
2425.000000	0.001720	0.00	6037.824
2426.000000	0.001688	0.69	5289.232
2427.000000	0.001865	0.68	5375.136
2428.000000	0.002590	0.61	4025.216
2429.000000	0.002490	1.48	4074.304
2430.000000	0.002135	0.51	4798.352
2431.000000	0.001902	2.49	4319.744
2432.000000	0.002173	2.69	3988.400
2433.000000	0.002550	1.28	3792.048
2434.000000	0.002700	3.19	3350.256
2435.000000	0.002313	3.30	3607.968
2436.000000	0.002694	3.97	3252.080
2437.000000	0.003053	5.63	2675.296
2438.000000	0.003208	8.95	2135.328
2439.000000	0.003255	10.11	1951.248
2440.000000	0.005008	8.78	1656.720
2441.000000	0.003822	10.49	1779.440
2442.000000	0.003878	15.83	1435.824
2443.000000	0.004433	10.26	1718.080
2444.000000	0.003895	9.83	1914.432
2445.000000	0.003457	8.43	2000.336
2446.000000	0.002921	5.96	2515.760
2447.000000	0.003117	2.70	3092.544
2448.000000	0.002493	2.87	3325.712
2449.000000	0.002242	2.54	3767.504
2450.000000	0.002407	0.87	4184.752
2451.000000	0.002110	0.53	4602.000
2452.000000	0.001978	0.48	5056.064
2453.000000	0.001436	0.35	6884.592
2454.000000	0.001516	0.18	6725.056
2455.000000	0.001216	0.16	7694.544
2456.000000	0.001230	0.00	7841.808
2457.000000	0.001167	0.00	8001.344
2458.000000	0.001024	0.00	9044.464
2459.000000	0.000987	0.00	9154.912
2460.000000	0.000771	0.00	10688.912
2461.000000	0.000700	0.00	11474.320
2462.000000	0.000648	0.00	11842.480
2463.000000	0.000666	0.00	11658.400
2464.000000	0.000634	0.00	11989.744
2465.000000	0.000534	0.00	12910.144
2466.000000	0.000550	0.00	12922.416
2467.000000	0.000497	0.00	13548.288
2468.000000	0.000492	0.00	13425.568
2469.000000	0.000486	0.00	13695.552
2470.000000	0.000451	0.00	14149.616
2471.000000	0.000434	0.00	14186.432
2472.000000	0.000419	0.00	14922.752
2473.000000	0.000446	0.00	14382.784
2474.000000	0.000410	0.00	14407.328
2475.000000	0.000418	0.00	14628.224
2476.000000	0.000453	0.00	14039.168
2477.000000	0.000420	0.00	14493.232
2478.000000	0.000460	0.00	13683.280
2479.000000	0.000489	0.00	13499.200
2480.000000	0.000444	0.00	14419.600
2481.000000	0.000501	0.00	13302.848
2482.000000	0.000518	0.00	13327.392
2483.000000	0.000563	0.00	12664.704
2484.000000	0.000602	0.00	12210.640
2485.000000	0.000625	0.00	11916.112
2486.000000	0.000687	0.00	11425.232
2487.000000	0.000699	0.00	11327.056
2488.000000	0.000835	0.00	10026.224
2489.000000	0.000716	0.00	11965.200
2490.000000	0.000978	0.00	9326.720
2491.000000	0.001076	0.15	8369.504
2492.000000	0.001195	0.16	7608.640
2493.000000	0.001327	0.00	7719.088
2494.000000	0.001359	0.00	7436.832
2495.000000	0.001614	0.42	5866.016
2496.000000	0.001699	0.43	5681.936
2497.000000	0.001881	0.44	5571.488
2498.000000	0.001997	0.50	4908.800
2499.000000	0.002446	1.48	4062.032
2500.000000	0.002842	1.00	3644.784
2501.000000	0.003022	3.33	2847.104
2502.000000	0.003002	3.21	2969.824
2503.000000	0.002820	3.04	3117.088
2504.000000	0.002874	2.28	3153.904
2505.000000	0.003017	1.89	3178.448
2506.000000	0.002281	2.19	3841.136
2507.000000	0.002389	1.27	3792.048
2508.000000	0.001903	0.47	5154.240
2509.000000	0.001661	0.65	5657.392
2510.000000	0.001643	0.00	6418.256
2511.000000	0.001669	0.21	5841.472
2512.000000	0.001073	0.00	9338.992
2513.000000	0.001090	0.00	8578.128
2514.000000	0.001039	0.00	8995.376
2515.000000	0.000918	0.00	9854.416
2516.000000	0.000834	0.00	10026.224
2517.000000	0.000778	0.00	10909.808
2518.000000	0.000701	0.00	11584.768
2519.000000	0.000648	0.00	11891.568
2520.000000	0.000626	0.00	12051.104
2521.000000	0.000574	0.00	12357.904
2522.000000	0.000525	0.00	13032.864
2523.000000	0.000468	0.00	13953.264
2524.000000	0.000455	0.00	13695.552
2525.000000	0.000444	0.00	14235.520
2526.000000	0.000421	0.00	14456.416
2527.000000	0.000439	0.00	14345.968
2528.000000	0.000420	0.00	14615.952
2529.000000	0.000410	0.00	14554.592
2530.000000	0.000403	0.00	14480.960
2531.000000	0.000402	0.00	14885.936
2532.000000	0.000395	0.00	14750.944
2533.000000	0.000408	0.00	14517.776
2534.000000	0.000399	0.00	14849.120
2535.000000	0.000415	0.00	14468.688
2536.000000	0.000400	0.00	14836.848
2537.000000	0.000437	0.00	14247.792
2538.000000	0.000417	0.00	14591.408
2539.000000	0.000456	0.00	14039.168
2540.000000	0.000468	0.00	13769.184
2541.000000	0.000567	0.00	12321.088
2542.000000	0.000509	0.00	13474.656
2543.000000	0.000585	0.00	12235.184
2544.000000	0.000593	0.00	12431.536
2545.000000	0.000709	0.00	11376.144
2546.000000	0.000786	0.00	10394.384
2547.000000	0.000772	0.00	10934.352
2548.000000	0.000936	0.00	9486.256
2549.000000	0.000883	0.00	9670.336
2550.000000	0.001117	0.00	8614.944
2551.000000	0.001112	0.00	8578.128
2552.000000	0.001597	0.40	6074.640
2553.000000	0.001665	0.20	6062.368
2554.000000	0.001595	0.66	5583.760
2555.000000	0.001878	1.32	4602.000
2556.000000	0.002123	1.67	4332.016
2557.000000	0.001922	1.20	5068.336
2558.000000	0.002475	1.82	3951.584
2559.000000	0.002256	3.51	3706.144
2560.000000	0.002766	4.98	2810.288
2561.000000	0.003229	3.49	2712.112
2562.000000	0.002889	7.21	2540.304
2563.000000	0.003174	6.09	2270.320
2564.000000	0.003775	6.51	1926.704
2565.000000	0.003106	2.86	2920.736
2566.000000	0.002891	3.33	3202.992
2567.000000	0.003063	6.17	2613.936
2568.000000	0.003243	3.02	2761.200
2569.000000	0.002979	6.80	2368.496
2570.000000	0.003099	5.29	2417.584
2571.000000	0.003099	6.00	2294.864
2572.000000	0.003394	5.15	2712.112
2573.000000	0.003062	5.99	2503.488
2574.000000	0.003674	5.79	2208.960
2575.000000	0.003034	6.36	2515.760
2576.000000	0.003296	8.21	2331.680
2577.000000	0.003026	8.08	2245.776
2578.000000	0.002720	6.73	2552.576
2579.000000	0.003883	10.40	1902.160
2580.000000	0.003337	11.52	1779.440
2581.000000	0.002828	14.29	1693.536
2582.000000	0.003888	16.89	1521.728
2583.000000	0.003373	14.46	1730.352
2584.000000	0.004045	25.22	1067.664
2585.000000	0.004465	19.53	1264.016
2586.000000	0.004059	24.79	1104.480
2587.000000	0.005030	27.52	981.760
2588.000000	0.004442	23.77	1141.296
2589.000000	0.004169	25.89	1018.576
2590.000000	0.004651	32.97	748.592
2591.000000	0.003987	38.38	748.592
2592.000000	0.005527	35.79	748.592
2593.000000	0.004708	37.36	687.232
2594.000000	0.004653	35.11	760.864
2595.000000	0.005561	53.33	429.520
2596.000000	0.006734	42.50	564.512
2597.000000	0.003355	42.86	687.232
2598.000000	0.003502	37.76	748.592
2599.000000	0.004967	27.78	957.216
2600.000000	0.004625	29.73	957.216
2601.000000	0.004584	27.18	908.128
2602.000000	0.004023	16.67	1423.552
2603.000000	0.004557	20.17	1165.840
2604.000000	0.003888	16.33	1497.184
2605.000000	0.003366	8.67	2196.688
2606.000000	0.003649	8.67	1938.976
2607.000000	0.003185	3.56	2994.368
2608.000000	0.002679	5.95	2920.736
2609.000000	0.002574	1.23	3914.768
2610.000000	0.002941	1.93	3117.088
2611.000000	0.002832	2.25	3202.992
2612.000000	0.002604	0.98	3706.144
2613.000000	0.001782	0.42	5792.384
2614.000000	0.001498	0.38	6356.896
2615.000000	0.001467	0.18	6872.320
2616.000000	0.001390	0.18	6933.680
2617.000000	0.001172	0.15	8124.064
2618.000000	0.001223	0.00	7878.624
2619.000000	0.000980	0.00	9424.896
2620.000000	0.000963	0.00	9265.360
2621.000000	0.000815	0.00	10738.000
2622.000000	0.000773	0.00	10247.120
2623.000000	0.000737	0.00	11265.696
2624.000000	0.000659	0.00	11474.320
2625.000000	0.000555	0.00	13155.584
2626.000000	0.000537	0.00	13216.944
2627.000000	0.000541	0.00	12885.600
2628.000000	0.000483	0.00	13769.184
2629.000000	0.000479	0.00	13916.448
2630.000000	0.000449	0.00	14284.608
2631.000000	0.000449	0.00	13867.360
2632.000000	0.000467	0.00	13916.448
2633.000000	0.000434	0.00	13977.808
2634.000000	0.000444	0.00	14039.168
2635.000000	0.000416	0.00	14824.576
2636.000000	0.000414	0.00	14665.040
2637.000000	0.000422	0.00	14480.960
2638.000000	0.000400	0.00	15082.288
2639.000000	0.000416	0.00	14640.496
2640.000000	0.000468	0.00	13904.176
2641.000000	0.000431	0.00	14407.328
2642.000000	0.000433	0.00	14603.680
2643.000000	0.000488	0.00	13634.192
2644.000000	0.000524	0.00	12811.968
2645.000000	0.000577	0.00	12345.632
2646.000000	0.000526	0.00	13315.120
2647.000000	0.000609	0.00	11989.744
2648.000000	0.000649	0.00	11609.312
2649.000000	0.000660	0.00	11793.392
2650.000000	0.000755	0.00	10836.176
2651.000000	0.000754	0.00	10860.720
2652.000000	0.001001	0.00	9142.640
2653.000000	0.001144	0.00	8246.784
2654.000000	0.001274	0.00	7510.464
2655.000000	0.001308	0.16	7510.464
2656.000000	0.001424	0.00	6933.680
2657.000000	0.001460	0.36	6872.320
2658.000000	0.001892	0.48	5080.608
2659.000000	0.001808	0.42	5804.656
2660.000000	0.002040	0.49	4957.888
2661.000000	0.002135	1.09	4467.008
2662.000000	0.003200	2.25	3202.992
2663.000000	0.002884	1.77	3411.616
2664.000000	0.003183	6.64	2429.856
2665.000000	0.003739	6.91	2135.328
2666.000000	0.003132	5.09	2528.032
2667.000000	0.004028	7.69	2061.696
2668.000000	0.003247	13.45	1816.256
2669.000000	0.003114	23.13	1251.744
2670.000000	0.004159	14.79	1497.184
2671.000000	0.003407	17.27	1411.280
2672.000000	0.004510	11.61	1668.992
2673.000000	0.004620	13.19	1546.272
2674.000000	0.003245	11.43	1902.160
2675.000000	0.003899	9.52	1853.072
2676.000000	0.004075	6.18	2061.696
2677.000000	0.002769	6.80	2343.952
2678.000000	0.002645	8.33	2294.864
2679.000000	0.002787	5.88	2552.576
2680.000000	0.002974	7.32	2331.680
2681.000000	0.003589	4.27	2478.944
2682.000000	0.002396	5.56	2933.008
2683.000000	0.003560	2.95	2810.288
2684.000000	0.003243	3.80	2798.016
2685.000000	0.003038	2.78	3006.640
2686.000000	0.002901	2.23	3227.536
2687.000000	0.003254	3.72	2871.648
2688.000000	0.003085	3.19	2969.824
2689.000000	0.003257	6.02	2491.216
2690.000000	0.003354	4.63	2528.032
2691.000000	0.002365	5.58	2920.736
2692.000000	0.002952	4.31	2724.384
2693.000000	0.003261	4.87	2626.208
2694.000000	0.003010	3.40	3141.632
2695.000000	0.002971	4.85	2650.752
2696.000000	0.003224	5.24	2663.024
2697.000000	0.002969	4.20	2798.016
2698.000000	0.003603	6.28	2196.688
2699.000000	0.003347	9.36	1902.160
2700.000000	0.003580	6.38	2172.144
2701.000000	0.003385	8.37	2270.320
2702.000000	0.003853	8.98	1865.344
2703.000000	0.003878	11.04	1693.536
2704.000000	0.003389	12.94	1816.256
2705.000000	0.003905	17.83	1300.832
2706.000000	0.003640	10.83	1718.080
2707.000000	0.004592	22.31	1141.296
2708.000000	0.004369	16.06	1423.552
2709.000000	0.003537	18.05	1325.376
2710.000000	0.004869	18.18	1325.376
2711.000000	0.005720	20.18	1116.752
2712.000000	0.004379	31.07	883.584
2713.000000	0.004724	29.63	920.400
2714.000000	0.004587	34.74	773.136
2715.000000	0.004246	43.96	625.872
2716.000000	0.006199	36.47	662.688
2717.000000	0.005757	42.05	613.600
2718.000000	0.004099	47.06	564.512
2719.000000	0.006225	42.68	576.784
2720.000000	0.006254	39.53	638.144
2721.000000	0.005437	46.34	539.968
2722.000000	0.004224	38.38	748.592
2723.000000	0.004533	30.69	859.040
2724.000000	0.004153	29.25	920.400
2725.000000	0.004853	16.94	1251.744
2726.000000	0.005135	25.47	969.488
2727.000000	0.003421	16.22	1521.728
2728.000000	0.003420	18.88	1435.824
2729.000000	0.003546	11.24	1828.528
2730.000000	0.003406	8.51	2123.056
2731.000000	0.002930	8.81	2147.600
2732.000000	0.003940	3.98	2368.496
2733.000000	0.003000	5.29	2638.480
2734.000000	0.002874	2.92	2859.376
2735.000000	0.002752	2.44	3448.432
2736.000000	0.002706	2.40	3485.248
2737.000000	0.002255	2.16	3890.224
2738.000000	0.002164	0.52	4712.448
2739.000000	0.002205	1.13	4307.472
2740.000000	0.001450	0.58	6283.264
2741.000000	0.001610	0.41	5951.920
2742.000000	0.001800	0.21	5767.840
2743.000000	0.001627	0.19	6356.896
2744.000000	0.001522	0.00	6626.880
2745.000000	0.001368	0.00	7363.200
2746.000000	0.001354	0.00	7387.744
2747.000000	0.001190	0.33	7326.384
2748.000000	0.001177	0.00	8025.888
2749.000000	0.001180	0.00	8087.248
2750.000000	0.000998	0.00	9216.272
2751.000000	0.000910	0.00	10038.496
2752.000000	0.000910	0.00	9302.176
2753.000000	0.000969	0.00	9523.072
2754.000000	0.000858	0.00	10333.024
2755.000000	0.000854	0.00	10112.128
2756.000000	0.000890	0.00	9903.504
2757.000000	0.000993	0.00	9191.728
