start, delay, loss random, rate
0.000000	0.000000	0.00	0.000
0.050000	0.000000	0.00	0.000
0.100000	0.000000	0.00	0.000
0.150000	0.000000	0.00	0.000
0.200000	0.000000	0.00	0.000
0.250000	0.000000	0.00	0.000
0.300000	0.000000	0.00	0.000
0.350000	0.000000	0.00	0.000
0.400000	0.000000	0.00	0.000
0.450000	0.000000	0.00	0.000
0.500000	0.000000	0.00	0.000
0.550000	0.000000	0.00	0.000
0.600000	0.000000	0.00	0.000
0.650000	0.000000	0.00	0.000
0.700000	0.000000	0.00	0.000
0.750000	0.000000	0.00	0.000
0.800000	0.000000	0.00	0.000
0.850000	0.000000	0.00	0.000
0.900000	0.000000	0.00	0.000
0.950000	0.000000	0.00	0.000
1.000000	0.000000	0.00	0.000
1.050000	0.000000	0.00	0.000
1.100000	0.000254	0.00	1718.080
1.150000	0.000303	0.00	14971.840
1.200000	0.000341	0.00	14235.520
1.250000	0.000580	0.00	12026.560
1.300000	0.000381	0.00	12517.440
1.350000	0.000400	0.00	13008.320
1.400000	0.000525	0.00	12026.560
1.450000	0.000503	0.00	12272.000
1.500000	0.000450	0.00	11781.120
1.550000	0.000384	0.00	13499.200
1.600000	0.000426	0.00	12026.560
1.650000	0.000341	0.00	13499.200
1.700000	0.000532	0.00	11535.680
1.750000	0.000458	0.00	11535.680
1.800000	0.000442	0.00	12272.000
1.850000	0.000470	0.00	12517.440
1.900000	0.000374	0.00	12026.560
1.950000	0.000515	0.00	11290.240
2.000000	0.000620	0.00	12026.560
2.050000	0.000448	0.00	12517.440
2.100000	0.000445	0.00	13499.200
2.150000	0.000463	0.00	11781.120
2.200000	0.000709	0.00	10308.480
2.250000	0.000416	0.00	13499.200
2.300000	0.000369	0.00	13990.080
2.350000	0.000419	0.00	13499.200
2.400000	0.000894	0.00	8835.840
2.450000	0.000522	0.00	11044.800
2.500000	0.000499	0.00	11781.120
2.550000	0.000606	0.00	10063.040
2.600000	0.000361	0.00	15217.280
2.650000	0.000526	0.00	11535.680
2.700000	0.000349	0.00	15217.280
2.750000	0.000400	0.00	12026.560
2.800000	0.000412	0.00	13499.200
2.850000	0.000397	0.00	12762.880
2.900000	0.000513	0.00	11781.120
2.950000	0.000678	0.00	9817.600
3.000000	0.000449	0.00	12762.880
3.050000	0.000563	0.00	11535.680
3.100000	0.000597	0.00	11290.240
3.150000	0.000534	0.00	12026.560
3.200000	0.000494	0.00	11044.800
3.250000	0.000592	0.00	10799.360
3.300000	0.000318	0.00	15708.160
3.350000	0.000359	0.00	13008.320
3.400000	0.000377	0.00	13008.320
3.450000	0.000408	0.00	14235.520
3.500000	0.000501	0.00	12026.560
3.550000	0.000556	0.00	10308.480
3.600000	0.000422	0.00	11781.120
3.650000	0.000303	0.00	13499.200
3.700000	0.000540	0.00	10553.920
3.750000	0.000589	0.00	11290.240
3.800000	0.000481	0.00	12026.560
3.850000	0.000778	0.00	9572.160
3.900000	0.000519	0.00	11781.120
3.950000	0.000385	0.00	14726.400
4.000000	0.000410	0.00	13253.760
4.050000	0.000462	0.00	11044.800
4.100000	0.000636	0.00	11290.240
4.150000	0.000503	0.00	13008.320
4.200000	0.000565	0.00	11535.680
4.250000	0.000525	0.00	10308.480
4.300000	0.000604	0.00	11781.120
4.350000	0.000450	0.00	12272.000
4.400000	0.000762	0.00	9081.280
4.450000	0.000360	0.00	13744.640
4.500000	0.000713	0.00	10063.040
4.550000	0.000503	0.00	13253.760
4.600000	0.000399	0.00	15462.720
4.650000	0.000396	0.00	11044.800
4.700000	0.000464	0.00	12272.000
4.750000	0.000511	0.00	11044.800
4.800000	0.000631	0.00	10799.360
4.850000	0.000304	0.00	14971.840
4.900000	0.000448	0.00	14235.520
4.950000	0.000683	0.00	9817.600
5.000000	0.000392	0.00	14480.960
5.050000	0.000438	0.00	11781.120
5.100000	0.000486	0.00	12517.440
5.150000	0.000381	0.00	12762.880
5.200000	0.001098	0.00	7608.640
5.250000	0.000634	0.00	9817.600
5.300000	0.000424	0.00	12026.560
5.350000	0.000656	0.00	11044.800
5.400000	0.000421	0.00	12762.880
5.450000	0.000712	0.00	10063.040
5.500000	0.000762	0.00	9817.600
5.550000	0.000457	0.00	12762.880
5.600000	0.001086	0.00	8590.400
5.650000	0.000712	0.00	9817.600
5.700000	0.000411	0.00	12762.880
5.750000	0.000448	0.00	12026.560
5.800000	0.000292	0.00	18653.440
5.850000	0.001032	0.00	8099.520
5.900000	0.000807	0.00	8099.520
5.950000	0.000437	0.00	12272.000
6.000000	0.000821	0.00	9081.280
6.050000	0.001232	0.00	6872.320
6.100000	0.000480	0.00	13253.760
6.150000	0.000672	0.00	10799.360
6.200000	0.000532	0.00	11781.120
6.250000	0.000728	0.00	10553.920
6.300000	0.000677	0.00	10799.360
6.350000	0.000649	0.00	9326.720
6.400000	0.000977	0.00	8099.520
6.450000	0.000615	0.00	11781.120
6.500000	0.000439	0.00	12026.560
6.550000	0.001247	0.00	7608.640
6.600000	0.001253	0.00	7608.640
6.650000	0.000728	0.00	10308.480
6.700000	0.000648	0.00	11290.240
6.750000	0.001273	0.00	6626.880
6.800000	0.000874	0.00	8835.840
6.850000	0.000744	0.00	11535.680
6.900000	0.001738	0.00	5154.240
6.950000	0.000549	0.00	13253.760
7.000000	0.000740	0.00	10553.920
7.050000	0.001435	0.00	6136.000
7.100000	0.000825	0.00	10308.480
7.150000	0.000604	0.00	10553.920
7.200000	0.000977	0.00	8099.520
7.250000	0.000791	0.00	8590.400
7.300000	0.000844	0.00	8590.400
7.350000	0.001227	0.00	6872.320
7.400000	0.000799	0.00	9817.600
7.450000	0.001196	0.00	7117.760
7.500000	0.000592	0.00	12026.560
7.550000	0.000967	0.00	8099.520
7.600000	0.000877	0.00	8835.840
7.650000	0.000635	0.00	10553.920
7.700000	0.000627	0.00	11290.240
7.750000	0.001544	0.00	7363.200
7.800000	0.000939	0.00	5890.560
7.850000	0.000597	0.00	10308.480
7.900000	0.000682	0.00	9817.600
7.950000	0.000826	0.00	12026.560
8.000000	0.000573	0.00	9817.600
8.050000	0.000636	0.00	11290.240
8.100000	0.001209	0.00	7117.760
8.150000	0.001033	0.00	8590.400
8.200000	0.000862	0.00	11290.240
8.250000	0.001259	0.00	6872.320
8.300000	0.001043	0.00	7854.080
8.350000	0.000543	0.00	11781.120
8.400000	0.000825	0.00	9081.280
8.450000	0.000986	0.00	7854.080
8.500000	0.000998	0.00	8344.960
8.550000	0.000759	0.00	9572.160
8.600000	0.001197	0.00	7363.200
8.650000	0.001222	0.00	7363.200
8.700000	0.001619	0.00	5645.120
8.750000	0.002070	0.00	4663.360
8.800000	0.004253	0.00	2699.840
8.850000	0.000763	0.00	9817.600
8.900000	0.000593	0.00	12762.880
8.950000	0.000546	0.00	13008.320
9.000000	0.001308	0.00	6872.320
9.050000	0.000647	0.00	11781.120
9.100000	0.002124	0.00	6626.880
9.150000	0.001157	0.00	4172.480
9.200000	0.000754	0.00	10308.480
9.250000	0.000793	0.00	9572.160
9.300000	0.001670	0.00	6626.880
9.350000	0.001490	0.00	5890.560
9.400000	0.000965	0.00	8835.840
9.450000	0.001411	0.00	6872.320
9.500000	0.001049	0.00	8590.400
9.550000	0.000959	0.00	9081.280
9.600000	0.001222	0.00	7608.640
9.650000	0.001108	0.00	9326.720
9.700000	0.001109	0.00	7608.640
9.750000	0.000645	0.00	12026.560
9.800000	0.001819	0.00	6626.880
9.850000	0.000828	0.00	7854.080
9.900000	0.001160	0.00	7608.640
9.950000	0.001600	0.00	6381.440
10.000000	0.000707	0.00	12762.880
10.050000	0.001510	0.00	6381.440
10.100000	0.001000	0.00	9081.280
10.150000	0.001019	0.00	9081.280
10.200000	0.000594	0.00	14726.400
10.250000	0.000769	0.00	11535.680
10.300000	0.002461	0.00	7608.640
10.350000	0.000891	0.00	2699.840
10.400000	0.001491	0.00	6626.880
10.450000	0.001015	0.00	8099.520
10.500000	0.001569	0.00	6872.320
10.550000	0.002028	0.00	4908.800
10.600000	0.001022	0.00	7117.760
10.650000	0.001340	0.00	7608.640
10.700000	0.001193	0.00	7363.200
10.750000	0.002046	0.00	5399.680
10.800000	0.001003	0.00	6626.880
10.850000	0.006155	0.00	2945.280
10.900000	0.002931	0.00	1227.200
10.950000	0.002180	0.00	6136.000
11.000000	0.001345	0.00	5154.240
11.050000	0.001290	0.00	6626.880
11.100000	0.001611	0.00	6136.000
11.150000	0.001788	0.00	0.000
11.200000	0.001798	0.00	5645.120
11.250000	0.003413	0.00	3190.720
11.300000	0.001112	0.00	8590.400
11.350000	0.001943	0.00	5399.680
11.400000	0.001191	0.00	8835.840
11.450000	0.002069	0.00	4663.360
11.500000	0.005908	0.00	3927.040
11.550000	0.000000	0.00	0.000
11.600000	0.000983	0.00	10308.480
11.650000	0.003936	0.00	2454.400
11.700000	0.001443	0.00	5399.680
11.750000	0.004120	0.00	2208.960
11.800000	0.002098	0.00	1963.520
11.850000	0.001365	0.00	5890.560
11.900000	0.002070	0.00	5154.240
11.950000	0.004016	0.00	3927.040
12.000000	0.000995	0.00	6136.000
12.050000	0.001085	0.00	8099.520
12.100000	0.002114	0.00	1227.200
12.150000	0.002467	0.00	5154.240
12.200000	0.005348	0.00	3927.040
12.250000	0.000000	0.00	0.000
12.300000	0.000807	0.00	12026.560
12.350000	0.015843	0.00	981.760
12.400000	0.001147	0.00	8344.960
12.450000	0.003059	0.00	7608.640
12.500000	0.000000	0.00	0.000
12.550000	0.003452	0.00	3190.720
12.600000	0.003691	0.00	2945.280
12.650000	0.002316	0.00	4908.800
12.700000	0.001988	6.67	3436.160
12.750000	0.001067	0.00	3436.160
12.800000	0.001168	0.00	8344.960
12.850000	0.001793	0.00	7363.200
12.900000	0.002590	0.00	5890.560
12.950000	0.000929	0.00	4417.920
13.000000	0.001948	0.00	5154.240
13.050000	0.001630	0.00	6136.000
13.100000	0.001436	14.29	1718.080
13.150000	0.001807	6.25	3681.600
13.200000	0.021555	0.00	245.440
13.250000	0.003770	0.00	1472.640
13.300000	0.001951	0.00	4908.800
13.350000	0.002946	0.00	3927.040
13.400000	0.003155	0.00	4172.480
13.450000	0.001124	0.00	6872.320
13.500000	0.001850	10.00	2454.400
13.550000	0.001176	0.00	5154.240
13.600000	0.001784	5.88	4172.480
13.650000	0.001594	0.00	3190.720
13.700000	0.003305	0.00	3436.160
13.750000	0.008833	0.00	2208.960
13.800000	0.005786	0.00	736.320
13.850000	0.003349	0.00	2945.280
13.900000	0.020748	0.00	736.320
13.950000	0.004372	0.00	1963.520
14.000000	0.003558	0.00	3436.160
14.050000	0.001835	10.00	2454.400
14.100000	0.001479	0.00	5399.680
14.150000	0.002610	0.00	4172.480
14.200000	0.001444	0.00	3927.040
14.250000	0.002112	0.00	5645.120
14.300000	0.021555	0.00	490.880
14.350000	0.001903	5.00	4908.800
14.400000	0.001409	11.11	1963.520
14.450000	0.009306	0.00	245.440
14.500000	0.001699	0.00	5154.240
14.550000	0.001803	0.00	5890.560
14.600000	0.004111	0.00	3190.720
14.650000	0.002621	0.00	3681.600
14.700000	0.002789	8.33	2945.280
14.750000	0.001103	6.67	3190.720
14.800000	0.002597	20.00	1227.200
14.850000	0.001371	0.00	4908.800
14.900000	0.003108	11.11	1963.520
14.950000	0.003823	0.00	245.440
15.000000	0.002236	0.00	490.880
15.050000	0.002247	10.00	2454.400
15.100000	0.002391	0.00	1472.640
15.150000	0.002838	0.00	3927.040
15.200000	0.002985	0.00	4172.480
15.250000	0.002127	5.88	4172.480
15.300000	0.000000	0.00	0.000
15.350000	0.004189	0.00	2454.400
15.400000	0.001649	0.00	6626.880
15.450000	0.002971	0.00	1963.520
15.500000	0.001927	12.50	1718.080
15.550000	0.002064	10.00	2454.400
15.600000	0.004330	0.00	1227.200
15.650000	0.002061	5.56	4417.920
15.700000	0.002091	0.00	1472.640
15.750000	0.001423	11.11	2208.960
15.800000	0.004624	20.00	736.320
15.850000	0.000000	100.00	245.440
15.900000	0.004838	0.00	2208.960
15.950000	0.003219	0.00	3436.160
16.000000	0.001995	0.00	3927.040
16.050000	0.005682	0.00	2208.960
16.100000	0.012223	33.33	490.880
16.150000	0.003259	0.00	2945.280
16.200000	0.002338	0.00	3190.720
16.250000	0.002110	25.00	736.320
16.300000	0.004621	0.00	2454.400
16.350000	0.002480	0.00	2454.400
16.400000	0.001876	0.00	5890.560
16.450000	0.002005	33.33	490.880
16.500000	0.002431	7.14	3190.720
16.550000	0.009874	0.00	490.880
16.600000	0.006968	14.29	1718.080
16.650000	0.001576	7.69	2699.840
16.700000	0.003711	0.00	2454.400
16.750000	0.001417	18.18	2208.960
16.800000	0.002943	16.67	1227.200
16.850000	0.008768	50.00	0.000
16.900000	0.006361	0.00	1472.640
16.950000	0.005712	0.00	1718.080
17.000000	0.003108	16.67	1472.640
17.050000	0.000616	50.00	490.880
17.100000	0.007259	0.00	981.760
17.150000	0.001992	8.33	2454.400
17.200000	0.003808	0.00	2945.280
17.250000	0.024278	0.00	0.000
17.300000	0.001837	7.14	3190.720
17.350000	0.002383	11.11	1963.520
17.400000	0.004002	0.00	2699.840
17.450000	0.002422	8.33	2945.280
17.500000	0.007426	0.00	2454.400
17.550000	0.000000	100.00	245.440
17.600000	0.003360	0.00	981.760
17.650000	0.007053	0.00	1718.080
17.700000	0.002783	9.09	2699.840
17.750000	0.036256	0.00	0.000
17.800000	0.008438	0.00	981.760
17.850000	0.000000	100.00	245.440
17.900000	0.001238	66.67	245.440
17.950000	0.023083	0.00	245.440
18.000000	0.000254	50.00	490.880
18.050000	0.005079	0.00	1227.200
18.100000	0.007409	0.00	1963.520
18.150000	0.000000	100.00	245.440
18.200000	0.002586	0.00	245.440
18.250000	0.012728	0.00	736.320
18.300000	0.016085	0.00	490.880
18.350000	0.001941	9.09	2699.840
18.400000	0.014173	0.00	981.760
18.450000	0.000977	25.00	981.760
18.500000	0.020809	0.00	245.440
18.550000	0.002870	50.00	736.320
18.600000	0.006486	20.00	981.760
18.650000	0.002348	25.00	736.320
18.700000	0.000254	25.00	736.320
18.750000	0.003215	7.14	3190.720
18.800000	0.000750	25.00	736.320
18.850000	0.001605	8.33	2699.840
18.900000	0.013944	0.00	245.440
18.950000	0.002887	14.29	1718.080
19.000000	0.007666	16.67	1227.200
19.050000	0.014672	0.00	490.880
19.100000	0.003077	16.67	1227.200
19.150000	0.010670	25.00	736.320
19.200000	0.010913	0.00	1227.200
19.250000	0.027645	33.33	490.880
19.300000	0.020623	0.00	245.440
19.350000	0.007632	0.00	1472.640
19.400000	0.009324	33.33	490.880
19.450000	0.007617	33.33	736.320
19.500000	0.001969	14.29	1472.640
19.550000	0.000000	100.00	0.000
19.600000	0.006803	16.67	1227.200
19.650000	0.026204	0.00	245.440
19.700000	0.002903	33.33	736.320
19.750000	0.002900	33.33	490.880
19.800000	0.002382	25.00	736.320
19.850000	0.007469	33.33	490.880
19.900000	0.006302	16.67	981.760
19.950000	0.009829	0.00	981.760
20.000000	0.008690	50.00	245.440
20.050000	0.000000	100.00	245.440
20.100000	0.000898	66.67	245.440
20.150000	0.002008	25.00	1472.640
20.200000	0.026828	0.00	0.000
20.250000	0.003730	20.00	1227.200
20.300000	0.003181	0.00	981.760
20.350000	0.011111	66.67	245.440
20.400000	0.001198	50.00	490.880
20.450000	0.002080	28.57	1227.200
20.500000	0.011219	0.00	245.440
20.550000	0.036358	50.00	0.000
20.600000	0.001739	20.00	1227.200
20.650000	0.000000	100.00	0.000
20.700000	0.000000	100.00	0.000
20.750000	0.008843	50.00	245.440
20.800000	0.003323	20.00	981.760
20.850000	0.005544	16.67	981.760
20.900000	0.002283	12.50	1963.520
20.950000	0.011889	0.00	736.320
21.000000	0.001338	33.33	736.320
21.050000	0.001486	33.33	981.760
21.100000	0.001178	0.00	245.440
21.150000	0.000000	100.00	0.000
21.200000	0.005469	25.00	736.320
21.250000	0.018723	50.00	245.440
21.300000	0.000000	100.00	0.000
21.350000	0.002540	33.33	490.880
21.400000	0.000000	100.00	0.000
21.450000	0.004917	0.00	490.880
21.500000	0.000000	100.00	245.440
21.550000	0.003515	50.00	245.440
21.600000	0.000000	100.00	0.000
21.650000	0.010419	50.00	490.880
21.700000	0.004481	25.00	490.880
21.750000	0.008026	16.67	1472.640
21.800000	0.000000	100.00	0.000
21.850000	0.012655	50.00	245.440
21.900000	0.003488	20.00	981.760
21.950000	0.004722	25.00	490.880
22.000000	0.005319	50.00	490.880
22.050000	0.002960	40.00	736.320
22.100000	0.003714	33.33	245.440
22.150000	0.001078	50.00	490.880
22.200000	0.000496	40.00	736.320
22.250000	0.006957	25.00	736.320
22.300000	0.004219	33.33	490.880
22.350000	0.014461	50.00	0.000
22.400000	0.011853	0.00	981.760
22.450000	0.000000	100.00	245.440
22.500000	0.011206	25.00	490.880
22.550000	0.002290	33.33	736.320
22.600000	0.007034	25.00	490.880
22.650000	0.002582	66.67	490.880
22.700000	0.000000	100.00	0.000
22.750000	0.013810	0.00	245.440
22.800000	0.002409	25.00	981.760
22.850000	0.007026	33.33	490.880
22.900000	0.007280	33.33	981.760
22.950000	0.000000	100.00	0.000
23.000000	0.000000	100.00	0.000
23.050000	0.000000	100.00	0.000
23.100000	0.001851	50.00	245.440
23.150000	0.000000	100.00	0.000
23.200000	0.000000	100.00	0.000
23.250000	0.001418	33.33	490.880
23.300000	0.018166	50.00	245.440
23.350000	0.010869	0.00	490.880
23.400000	0.002254	28.57	1472.640
23.450000	0.003324	66.67	245.440
23.500000	0.001138	50.00	0.000
23.550000	0.000000	100.00	245.440
23.600000	0.010067	66.67	245.440
23.650000	0.000000	100.00	0.000
23.700000	0.044161	50.00	0.000
23.750000	0.011231	0.00	490.880
23.800000	0.004526	66.67	490.880
23.850000	0.000000	100.00	0.000
23.900000	0.001408	50.00	490.880
23.950000	0.001542	66.67	245.440
24.000000	0.020991	0.00	0.000
24.050000	0.000000	100.00	245.440
24.100000	0.007795	33.33	490.880
24.150000	0.001922	50.00	245.440
24.200000	0.000706	33.33	490.880
24.250000	0.001867	50.00	490.880
24.300000	0.002765	33.33	490.880
24.350000	0.001726	50.00	490.880
24.400000	0.000000	100.00	0.000
24.450000	0.003263	66.67	245.440
24.500000	0.000000	100.00	0.000
24.550000	0.000000	100.00	0.000
24.600000	0.000000	100.00	0.000
24.650000	0.008472	33.33	490.880
24.700000	0.000000	100.00	0.000
24.750000	0.000000	100.00	0.000
24.800000	0.021415	50.00	245.440
24.850000	0.000000	100.00	0.000
24.900000	0.000000	100.00	0.000
24.950000	0.000000	100.00	0.000
25.000000	0.000000	100.00	0.000
25.050000	0.004786	50.00	245.440
25.100000	0.000000	100.00	0.000
25.150000	0.004494	50.00	490.880
25.200000	0.000000	100.00	0.000
25.250000	0.006612	50.00	0.000
25.300000	0.000000	100.00	245.440
25.350000	0.010254	50.00	0.000
25.400000	0.000000	100.00	245.440
25.450000	0.000000	100.00	0.000
25.500000	0.000000	100.00	0.000
25.550000	0.008331	66.67	0.000
25.600000	0.000000	100.00	245.440
25.650000	0.000000	100.00	0.000
25.700000	0.031755	33.33	245.440
25.750000	0.003434	0.00	490.880
25.800000	0.027796	0.00	245.440
25.850000	0.014883	0.00	736.320
25.900000	0.000000	100.00	245.440
25.950000	0.020595	50.00	245.440
26.000000	0.005337	40.00	736.320
26.050000	0.000000	100.00	0.000
26.100000	0.000000	100.00	0.000
26.150000	0.000000	100.00	0.000
26.200000	0.004402	75.00	245.440
26.250000	0.000000	100.00	0.000
26.300000	0.000998	66.67	245.440
26.350000	0.002985	33.33	490.880
26.400000	0.000000	100.00	0.000
26.450000	0.000000	100.00	0.000
26.500000	0.000000	100.00	0.000
26.550000	0.000254	66.67	245.440
26.600000	0.003519	50.00	245.440
26.650000	0.007582	25.00	736.320
26.700000	0.003827	75.00	245.440
26.750000	0.036688	0.00	0.000
26.800000	0.013046	66.67	490.880
26.850000	0.000000	100.00	0.000
26.900000	0.000000	100.00	0.000
26.950000	0.013881	33.33	490.880
27.000000	0.001138	50.00	245.440
27.050000	0.004866	50.00	0.000
27.100000	0.032556	0.00	245.440
27.150000	0.000000	100.00	245.440
27.200000	0.001701	33.33	490.880
27.250000	0.004712	33.33	245.440
27.300000	0.000000	100.00	245.440
27.350000	0.000000	100.00	0.000
27.400000	0.000000	100.00	0.000
27.450000	0.000000	100.00	0.000
27.500000	0.015515	0.00	245.440
27.550000	0.006199	50.00	490.880
27.600000	0.000000	100.00	0.000
27.650000	0.001098	66.67	245.440
27.700000	0.000000	100.00	0.000
27.750000	0.000000	100.00	0.000
27.800000	0.000255	50.00	490.880
27.850000	0.001548	33.33	490.880
27.900000	0.000000	100.00	0.000
27.950000	0.010262	50.00	0.000
28.000000	0.000000	100.00	245.440
28.050000	0.000000	100.00	0.000
28.100000	0.000254	50.00	245.440
28.150000	0.000000	100.00	0.000
28.200000	0.004787	66.67	245.440
28.250000	0.000000	100.00	0.000
28.300000	0.010807	50.00	245.440
28.350000	0.011390	25.00	736.320
28.400000	0.000000	100.00	0.000
28.450000	0.000254	75.00	245.440
28.500000	0.000000	100.00	0.000
28.550000	0.039115	50.00	0.000
28.600000	0.000000	100.00	245.440
28.650000	0.006013	50.00	490.880
28.700000	0.000000	100.00	0.000
28.750000	0.000000	100.00	0.000
28.800000	0.010526	50.00	245.440
28.850000	0.000000	100.00	0.000
28.900000	0.003290	25.00	736.320
28.950000	0.000254	50.00	245.440
29.000000	0.005016	33.33	490.880
29.050000	0.000000	100.00	0.000
29.100000	0.000000	100.00	0.000
29.150000	0.000000	100.00	0.000
29.200000	0.014100	50.00	245.440
29.250000	0.000000	100.00	0.000
29.300000	0.000255	50.00	245.440
29.350000	0.018641	0.00	245.440
29.400000	0.000000	100.00	245.440
29.450000	0.000000	100.00	0.000
29.500000	0.000000	100.00	0.000
29.550000	0.008311	50.00	0.000
29.600000	0.000000	100.00	245.440
29.650000	0.000000	100.00	0.000
29.700000	0.000000	100.00	0.000
29.750000	0.002606	50.00	245.440
29.800000	0.008327	0.00	245.440
29.850000	0.000000	100.00	245.440
29.900000	0.023472	33.33	490.880
29.950000	0.000000	100.00	0.000
30.000000	0.007992	50.00	245.440
30.050000	0.005451	33.33	490.880
30.100000	0.000898	66.67	490.880
30.150000	0.000000	100.00	0.000
30.200000	0.000255	50.00	245.440
30.250000	0.007913	50.00	245.440
30.300000	0.006604	66.67	245.440
30.350000	0.000254	75.00	245.440
30.400000	0.000000	100.00	0.000
30.450000	0.000000	100.00	0.000
30.500000	0.000000	100.00	0.000
30.550000	0.000000	100.00	0.000
30.600000	0.004513	60.00	490.880
30.650000	0.000000	100.00	0.000
30.700000	0.000000	100.00	0.000
30.750000	0.000000	100.00	0.000
30.800000	0.000000	100.00	0.000
30.850000	0.000000	100.00	0.000
30.900000	0.007263	33.33	490.880
30.950000	0.005226	33.33	490.880
31.000000	0.000000	100.00	0.000
31.050000	0.000000	100.00	0.000
31.100000	0.004319	50.00	245.440
31.150000	0.000000	100.00	0.000
31.200000	0.000000	100.00	0.000
31.250000	0.000000	100.00	0.000
31.300000	0.001179	66.67	245.440
31.350000	0.006159	50.00	245.440
31.400000	0.001318	50.00	245.440
31.450000	0.013647	50.00	245.440
31.500000	0.000000	100.00	0.000
31.550000	0.017259	0.00	245.440
31.600000	0.000000	100.00	0.000
31.650000	0.002542	50.00	0.000
31.700000	0.003102	66.67	490.880
31.750000	0.000000	100.00	0.000
31.800000	0.000000	100.00	0.000
31.850000	0.004086	50.00	245.440
31.900000	0.000000	100.00	0.000
31.950000	0.000000	100.00	0.000
32.000000	0.000000	100.00	0.000
32.050000	0.000000	100.00	0.000
32.100000	0.000000	100.00	0.000
32.150000	0.000000	100.00	0.000
32.200000	0.012879	50.00	245.440
32.250000	0.000000	100.00	0.000
32.300000	0.000000	100.00	0.000
32.350000	0.000000	100.00	0.000
32.400000	0.000254	75.00	245.440
32.450000	0.000000	100.00	0.000
32.500000	0.000000	100.00	0.000
32.550000	0.000000	100.00	0.000
32.600000	0.000000	100.00	0.000
32.650000	0.000000	100.00	0.000
32.700000	0.000255	50.00	245.440
32.750000	0.017460	50.00	245.440
32.800000	0.000000	100.00	0.000
32.850000	0.002748	40.00	736.320
32.900000	0.000000	100.00	0.000
32.950000	0.000000	100.00	0.000
33.000000	0.009704	50.00	245.440
33.050000	0.002702	75.00	245.440
33.100000	0.000000	100.00	0.000
33.150000	0.000000	100.00	0.000
33.200000	0.000000	100.00	0.000
33.250000	0.000000	100.00	0.000
33.300000	0.000000	100.00	0.000
33.350000	0.000000	100.00	0.000
33.400000	0.000000	100.00	0.000
33.450000	0.000000	100.00	0.000
33.500000	0.000000	100.00	0.000
33.550000	0.000000	100.00	0.000
33.600000	0.000000	100.00	0.000
33.650000	0.003475	50.00	0.000
33.700000	0.020807	50.00	490.880
33.750000	0.000000	100.00	0.000
33.800000	0.008082	33.33	490.880
33.850000	0.000000	100.00	0.000
33.900000	0.000000	100.00	0.000
33.950000	0.001770	0.00	490.880
34.000000	0.021208	50.00	0.000
34.050000	0.000000	100.00	245.440
34.100000	0.000000	100.00	0.000
34.150000	0.000000	100.00	0.000
34.200000	0.013715	50.00	245.440
34.250000	0.000000	100.00	0.000
34.300000	0.000000	100.00	0.000
34.350000	0.000000	100.00	0.000
34.400000	0.000000	100.00	0.000
34.450000	0.000000	100.00	0.000
34.500000	0.000000	100.00	0.000
34.550000	0.000000	100.00	0.000
34.600000	0.000000	100.00	0.000
34.650000	0.000000	100.00	0.000
34.700000	0.000000	100.00	0.000
34.750000	0.000000	100.00	0.000
34.800000	0.002743	50.00	245.440
34.850000	0.041184	50.00	0.000
34.900000	0.000000	100.00	245.440
34.950000	0.000000	100.00	0.000
35.000000	0.000000	100.00	0.000
35.050000	0.039294	50.00	245.440
35.100000	0.000000	100.00	0.000
35.150000	0.000000	100.00	0.000
35.200000	0.000000	100.00	0.000
35.250000	0.000000	100.00	0.000
35.300000	0.000000	100.00	0.000
35.350000	0.000000	100.00	0.000
35.400000	0.000000	100.00	0.000
35.450000	0.000000	100.00	0.000
35.500000	0.009136	66.67	245.440
35.550000	0.004346	50.00	245.440
35.600000	0.000000	100.00	0.000
35.650000	0.000000	100.00	0.000
35.700000	0.000000	100.00	0.000
35.750000	0.000000	100.00	0.000
35.800000	0.000000	100.00	0.000
35.850000	0.000000	100.00	0.000
35.900000	0.000000	100.00	0.000
35.950000	0.000000	100.00	0.000
36.000000	0.011541	50.00	245.440
36.050000	0.000000	100.00	0.000
36.100000	0.015947	50.00	245.440
36.150000	0.000000	100.00	0.000
36.200000	0.000000	100.00	0.000
36.250000	0.000000	100.00	0.000
36.300000	0.000000	100.00	0.000
36.350000	0.000000	100.00	0.000
36.400000	0.000000	100.00	0.000
36.450000	0.000000	100.00	0.000
36.500000	0.000000	100.00	0.000
36.550000	0.000000	100.00	0.000
36.600000	0.000000	100.00	0.000
36.650000	0.000000	100.00	0.000
36.700000	0.000000	100.00	0.000
36.750000	0.000000	100.00	0.000
36.800000	0.000000	100.00	0.000
36.850000	0.000000	100.00	0.000
36.900000	0.000000	100.00	0.000
36.950000	0.000000	100.00	0.000
37.000000	0.000000	100.00	0.000
37.050000	0.000000	100.00	0.000
37.100000	0.000000	100.00	0.000
37.150000	0.000000	100.00	0.000
37.200000	0.000000	100.00	0.000
37.250000	0.000000	100.00	0.000
37.300000	0.000000	100.00	0.000
37.350000	0.000000	100.00	0.000
37.400000	0.001358	66.67	245.440
37.450000	0.022547	0.00	0.000
37.500000	0.000000	100.00	245.440
37.550000	0.000000	100.00	0.000
37.600000	0.000000	100.00	0.000
37.650000	0.000000	100.00	0.000
37.700000	0.000000	100.00	0.000
37.750000	0.001078	50.00	245.440
37.800000	0.000000	100.00	0.000
37.850000	0.000000	100.00	0.000
37.900000	0.000000	100.00	0.000
37.950000	0.000000	100.00	0.000
38.000000	0.000000	100.00	0.000
38.050000	0.000000	100.00	0.000
38.100000	0.000000	100.00	0.000
38.150000	0.000000	100.00	0.000
38.200000	0.000000	100.00	0.000
38.250000	0.000000	100.00	0.000
38.300000	0.000000	100.00	0.000
38.350000	0.000000	100.00	0.000
38.400000	0.004127	50.00	245.440
38.450000	0.000000	100.00	0.000
38.500000	0.002886	0.00	245.440
38.550000	0.000000	100.00	0.000
38.600000	0.000000	100.00	0.000
38.650000	0.000000	100.00	0.000
38.700000	0.000000	100.00	0.000
38.750000	0.000000	100.00	0.000
38.800000	0.000000	100.00	0.000
38.850000	0.000000	100.00	0.000
38.900000	0.000000	100.00	0.000
38.950000	0.000000	100.00	0.000
39.000000	0.000000	100.00	0.000
39.050000	0.000000	100.00	0.000
39.100000	0.000000	100.00	0.000
39.150000	0.000000	100.00	0.000
39.200000	0.000000	100.00	0.000
39.250000	0.029128	50.00	0.000
39.300000	0.000000	100.00	245.440
39.350000	0.000000	100.00	0.000
39.400000	0.000000	100.00	0.000
39.450000	0.000000	100.00	0.000
39.500000	0.000000	100.00	0.000
39.550000	0.000000	100.00	0.000
39.600000	0.000000	100.00	0.000
39.650000	0.000000	100.00	0.000
39.700000	0.000000	100.00	0.000
39.750000	0.000000	100.00	0.000
39.800000	0.000000	100.00	0.000
39.850000	0.000000	100.00	0.000
39.900000	0.000000	100.00	0.000
39.950000	0.000000	100.00	0.000
40.000000	0.000000	100.00	0.000
40.050000	0.000000	100.00	0.000
40.100000	0.000000	100.00	0.000
40.150000	0.000000	100.00	0.000
40.200000	0.000000	100.00	0.000
40.250000	0.000000	100.00	0.000
40.300000	0.000000	100.00	0.000
40.350000	0.000000	100.00	0.000
40.400000	0.000000	100.00	0.000
40.450000	0.000000	100.00	0.000
40.500000	0.000000	100.00	0.000
40.550000	0.000000	100.00	0.000
40.600000	0.000000	100.00	0.000
40.650000	0.000000	100.00	0.000
40.700000	0.011752	66.67	245.440
40.750000	0.000000	100.00	0.000
40.800000	0.000000	100.00	0.000
40.850000	0.000000	100.00	0.000
40.900000	0.000000	100.00	0.000
40.950000	0.000000	100.00	0.000
41.000000	0.000000	100.00	0.000
41.050000	0.000000	100.00	0.000
41.100000	0.000000	100.00	0.000
41.150000	0.000000	100.00	0.000
41.200000	0.000000	100.00	0.000
41.250000	0.000000	100.00	0.000
41.300000	0.000000	100.00	0.000
41.350000	0.000000	100.00	0.000
41.400000	0.000000	100.00	0.000
41.450000	0.000000	100.00	0.000
41.500000	0.000000	100.00	0.000
41.550000	0.000000	100.00	0.000
41.600000	0.006494	66.67	245.440
41.650000	0.000000	100.00	0.000
41.700000	0.000000	100.00	0.000
41.750000	0.000000	100.00	0.000
41.800000	0.000000	100.00	0.000
41.850000	0.000000	100.00	0.000
41.900000	0.000000	100.00	0.000
41.950000	0.000000	100.00	0.000
42.000000	0.018398	50.00	0.000
42.050000	0.000000	100.00	245.440
42.100000	0.000255	66.67	245.440
42.150000	0.000000	100.00	0.000
42.200000	0.000000	100.00	0.000
42.250000	0.000000	100.00	0.000
42.300000	0.000000	100.00	0.000
42.350000	0.000000	100.00	0.000
42.400000	0.000000	100.00	0.000
42.450000	0.000000	100.00	0.000
42.500000	0.000000	100.00	0.000
42.550000	0.000000	100.00	0.000
42.600000	0.000000	100.00	0.000
42.650000	0.000000	100.00	0.000
42.700000	0.000000	100.00	0.000
42.750000	0.000000	100.00	0.000
42.800000	0.023681	50.00	245.440
42.850000	0.000000	100.00	0.000
42.900000	0.000000	100.00	0.000
42.950000	0.000000	100.00	0.000
43.000000	0.000000	100.00	0.000
43.050000	0.000000	100.00	0.000
43.100000	0.000000	100.00	0.000
43.150000	0.000000	100.00	0.000
43.200000	0.000000	100.00	0.000
43.250000	0.000000	100.00	0.000
43.300000	0.000000	100.00	0.000
43.350000	0.000000	100.00	0.000
43.400000	0.000000	100.00	0.000
43.450000	0.000000	100.00	0.000
43.500000	0.000000	100.00	0.000
43.550000	0.002000	33.33	490.880
43.600000	0.000000	100.00	0.000
43.650000	0.000000	100.00	0.000
43.700000	0.000000	100.00	0.000
43.750000	0.000000	100.00	0.000
43.800000	0.000000	100.00	0.000
43.850000	0.000000	100.00	0.000
43.900000	0.000000	100.00	0.000
43.950000	0.000000	100.00	0.000
44.000000	0.000000	100.00	0.000
44.050000	0.000000	100.00	0.000
44.100000	0.000000	100.00	0.000
44.150000	0.000000	100.00	0.000
44.200000	0.000000	100.00	0.000
44.250000	0.000000	100.00	0.000
44.300000	0.000000	100.00	0.000
44.350000	0.000000	100.00	0.000
44.400000	0.000000	100.00	0.000
44.450000	0.000000	100.00	0.000
44.500000	0.000000	100.00	0.000
44.550000	0.000000	100.00	0.000
44.600000	0.000000	100.00	0.000
44.650000	0.000000	100.00	0.000
44.700000	0.000000	100.00	0.000
44.750000	0.000000	100.00	0.000
44.800000	0.000000	100.00	0.000
44.850000	0.000000	100.00	0.000
44.900000	0.000000	100.00	0.000
44.950000	0.000000	100.00	0.000
45.000000	0.000000	100.00	0.000
45.050000	0.000000	100.00	0.000
45.100000	0.000000	100.00	0.000
45.150000	0.000000	100.00	0.000
45.200000	0.000000	100.00	0.000
45.250000	0.000000	100.00	0.000
45.300000	0.000000	100.00	0.000
45.350000	0.000000	100.00	0.000
45.400000	0.000000	100.00	0.000
45.450000	0.000000	100.00	0.000
45.500000	0.000000	100.00	0.000
45.550000	0.000000	100.00	0.000
45.600000	0.000000	100.00	0.000
45.650000	0.000000	100.00	0.000
45.700000	0.000000	100.00	0.000
45.750000	0.000000	100.00	0.000
45.800000	0.000000	100.00	0.000
45.850000	0.000000	100.00	0.000
45.900000	0.000000	100.00	0.000
45.950000	0.000000	100.00	0.000
46.000000	0.000000	100.00	0.000
46.050000	0.000000	100.00	0.000
46.100000	0.000000	100.00	0.000
46.150000	0.000000	100.00	0.000
46.200000	0.000000	100.00	0.000
46.250000	0.000000	100.00	0.000
46.300000	0.000000	100.00	0.000
46.350000	0.000000	100.00	0.000
46.400000	0.000000	100.00	0.000
46.450000	0.000000	100.00	0.000
46.500000	0.000000	100.00	0.000
46.550000	0.000000	100.00	0.000
46.600000	0.000000	100.00	0.000
46.650000	0.000000	100.00	0.000
46.700000	0.000000	100.00	0.000
46.750000	0.000000	100.00	0.000
46.800000	0.000000	100.00	0.000
46.850000	0.000000	100.00	0.000
46.900000	0.000000	100.00	0.000
46.950000	0.000000	100.00	0.000
47.000000	0.000000	100.00	0.000
47.050000	0.000000	100.00	0.000
47.100000	0.000000	100.00	0.000
47.150000	0.000000	100.00	0.000
47.200000	0.000000	100.00	0.000
47.250000	0.000000	100.00	0.000
47.300000	0.000000	100.00	0.000
47.350000	0.000000	100.00	0.000
47.400000	0.000000	100.00	0.000
47.450000	0.000000	100.00	0.000
47.500000	0.000000	100.00	0.000
47.550000	0.000000	100.00	0.000
47.600000	0.000000	100.00	0.000
47.650000	0.000000	100.00	0.000
47.700000	0.000000	100.00	0.000
47.750000	0.000000	100.00	0.000
47.800000	0.000000	100.00	0.000
47.850000	0.000000	100.00	0.000
47.900000	0.000000	100.00	0.000
47.950000	0.000000	100.00	0.000
48.000000	0.000000	100.00	0.000
48.050000	0.000000	100.00	0.000
48.100000	0.000000	100.00	0.000
48.150000	0.000000	100.00	0.000
48.200000	0.004466	50.00	245.440
48.250000	0.000000	100.00	0.000
48.300000	0.000000	100.00	0.000
48.350000	0.000000	100.00	0.000
48.400000	0.000000	100.00	0.000
48.450000	0.000000	100.00	0.000
48.500000	0.000000	100.00	0.000
48.550000	0.000000	100.00	0.000
48.600000	0.000000	100.00	0.000
48.650000	0.034203	50.00	0.000
48.700000	0.000000	100.00	245.440
48.750000	0.000000	100.00	0.000
48.800000	0.000000	100.00	0.000
48.850000	0.000000	100.00	0.000
48.900000	0.000000	100.00	0.000
48.950000	0.000000	100.00	0.000
49.000000	0.000000	100.00	0.000
49.050000	0.000000	100.00	0.000
49.100000	0.000000	100.00	0.000
49.150000	0.000255	66.67	245.440
49.200000	0.000000	100.00	0.000
49.250000	0.000000	100.00	0.000
49.300000	0.000000	100.00	0.000
49.350000	0.000000	100.00	0.000
49.400000	0.000000	100.00	0.000
49.450000	0.000000	100.00	0.000
49.500000	0.000000	100.00	0.000
49.550000	0.000000	100.00	0.000
49.600000	0.000000	100.00	0.000
49.650000	0.000000	100.00	0.000
49.700000	0.000000	100.00	0.000
49.750000	0.000000	100.00	0.000
49.800000	0.000000	100.00	0.000
49.850000	0.000000	100.00	0.000
49.900000	0.000000	100.00	0.000
49.950000	0.000000	100.00	0.000
50.000000	0.000000	100.00	0.000
50.050000	0.000000	100.00	0.000
50.100000	0.000000	100.00	0.000
50.150000	0.000000	100.00	0.000
50.200000	0.000000	100.00	0.000
50.250000	0.000000	100.00	0.000
50.300000	0.000000	100.00	0.000
50.350000	0.000000	100.00	0.000
50.400000	0.000000	100.00	0.000
50.450000	0.000000	100.00	0.000
50.500000	0.000000	100.00	0.000
50.550000	0.000000	100.00	0.000
50.600000	0.000000	100.00	0.000
50.650000	0.000000	100.00	0.000
50.700000	0.000000	100.00	0.000
50.750000	0.000000	100.00	0.000
50.800000	0.000000	100.00	0.000
50.850000	0.000000	100.00	0.000
50.900000	0.000000	100.00	0.000
50.950000	0.000000	100.00	0.000
51.000000	0.000000	100.00	0.000
51.050000	0.000000	100.00	0.000
51.100000	0.000000	100.00	0.000
51.150000	0.000000	100.00	0.000
51.200000	0.000000	100.00	0.000
51.250000	0.000000	100.00	0.000
51.300000	0.000000	100.00	0.000
51.350000	0.000000	100.00	0.000
51.400000	0.000000	100.00	0.000
51.450000	0.000000	100.00	0.000
51.500000	0.000000	100.00	0.000
51.550000	0.000000	100.00	0.000
51.600000	0.000000	100.00	0.000
51.650000	0.000000	100.00	0.000
51.700000	0.000000	100.00	0.000
51.750000	0.000000	100.00	0.000
51.800000	0.000000	100.00	0.000
51.850000	0.000000	100.00	0.000
51.900000	0.000000	100.00	0.000
51.950000	0.000000	100.00	0.000
52.000000	0.000000	100.00	0.000
52.050000	0.000000	100.00	0.000
52.100000	0.000000	100.00	0.000
52.150000	0.000000	100.00	0.000
52.200000	0.000000	100.00	0.000
52.250000	0.000000	100.00	0.000
52.300000	0.000000	100.00	0.000
52.350000	0.000000	100.00	0.000
52.400000	0.000000	100.00	0.000
52.450000	0.000000	100.00	0.000
52.500000	0.000000	100.00	0.000
52.550000	0.000000	100.00	0.000
52.600000	0.000000	100.00	0.000
52.650000	0.000000	100.00	0.000
52.700000	0.000000	100.00	0.000
52.750000	0.000000	100.00	0.000
52.800000	0.000000	100.00	0.000
52.850000	0.000000	100.00	0.000
52.900000	0.000000	100.00	0.000
52.950000	0.000000	100.00	0.000
53.000000	0.000000	100.00	0.000
53.050000	0.000000	100.00	0.000
53.100000	0.000000	100.00	0.000
53.150000	0.000000	100.00	0.000
53.200000	0.000000	100.00	0.000
53.250000	0.000000	100.00	0.000
53.300000	0.000000	100.00	0.000
53.350000	0.000000	100.00	0.000
53.400000	0.000000	100.00	0.000
53.450000	0.000000	100.00	0.000
53.500000	0.000000	100.00	0.000
53.550000	0.000000	100.00	0.000
53.600000	0.000000	100.00	0.000
53.650000	0.000000	100.00	0.000
53.700000	0.000000	100.00	0.000
53.750000	0.000000	100.00	0.000
53.800000	0.000000	100.00	0.000
53.850000	0.000000	100.00	0.000
53.900000	0.000000	100.00	0.000
53.950000	0.000000	100.00	0.000
54.000000	0.000000	100.00	0.000
54.050000	0.000000	100.00	0.000
54.100000	0.000000	100.00	0.000
54.150000	0.000000	100.00	0.000
54.200000	0.000000	100.00	0.000
54.250000	0.000000	100.00	0.000
54.300000	0.000000	100.00	0.000
54.350000	0.000000	100.00	0.000
54.400000	0.000000	100.00	0.000
54.450000	0.000000	100.00	0.000
54.500000	0.000000	100.00	0.000
54.550000	0.000000	100.00	0.000
54.600000	0.000000	100.00	0.000
54.650000	0.000000	100.00	0.000
54.700000	0.000000	100.00	0.000
54.750000	0.000000	100.00	0.000
54.800000	0.000000	100.00	0.000
54.850000	0.000000	100.00	0.000
54.900000	0.000000	100.00	0.000
54.950000	0.000000	100.00	0.000
55.000000	0.000000	100.00	0.000
55.050000	0.000000	100.00	0.000
55.100000	0.001378	50.00	245.440
55.150000	0.000000	100.00	0.000
55.200000	0.000000	100.00	0.000
55.250000	0.000000	100.00	0.000
55.300000	0.000000	100.00	0.000
55.350000	0.000000	100.00	0.000
55.400000	0.000000	100.00	0.000
55.450000	0.000000	100.00	0.000
55.500000	0.000000	100.00	0.000
55.550000	0.000000	100.00	0.000
55.600000	0.000000	100.00	0.000
55.650000	0.000000	100.00	0.000
55.700000	0.003083	66.67	245.440
55.750000	0.000000	100.00	0.000
55.800000	0.000000	100.00	0.000
55.850000	0.000000	100.00	0.000
55.900000	0.000000	100.00	0.000
55.950000	0.000000	100.00	0.000
56.000000	0.000000	100.00	0.000
56.050000	0.000000	100.00	0.000
56.100000	0.000000	100.00	0.000
56.150000	0.000000	100.00	0.000
56.200000	0.003707	66.67	245.440
56.250000	0.000000	100.00	0.000
56.300000	0.000000	100.00	0.000
56.350000	0.000000	100.00	0.000
56.400000	0.000000	100.00	0.000
56.450000	0.000000	100.00	0.000
56.500000	0.000000	100.00	0.000
56.550000	0.000000	100.00	0.000
56.600000	0.000000	100.00	0.000
56.650000	0.000000	100.00	0.000
56.700000	0.000000	100.00	0.000
56.750000	0.000000	100.00	0.000
56.800000	0.000000	100.00	0.000
56.850000	0.000000	100.00	0.000
56.900000	0.000000	100.00	0.000
56.950000	0.000000	100.00	0.000
57.000000	0.000000	100.00	0.000
57.050000	0.000000	100.00	0.000
57.100000	0.000000	100.00	0.000
57.150000	0.000000	100.00	0.000
57.200000	0.000000	100.00	0.000
57.250000	0.000000	100.00	0.000
57.300000	0.000000	100.00	0.000
57.350000	0.000000	100.00	0.000
57.400000	0.000000	100.00	0.000
57.450000	0.000000	100.00	0.000
57.500000	0.000000	100.00	0.000
57.550000	0.000000	100.00	0.000
57.600000	0.000000	100.00	0.000
57.650000	0.000000	100.00	0.000
57.700000	0.000000	100.00	0.000
57.750000	0.000000	100.00	0.000
57.800000	0.000000	100.00	0.000
57.850000	0.000000	100.00	0.000
57.900000	0.000000	100.00	0.000
57.950000	0.000000	100.00	0.000
58.000000	0.000000	100.00	0.000
58.050000	0.000000	100.00	0.000
58.100000	0.004470	50.00	0.000
58.150000	0.000000	100.00	245.440
58.200000	0.000000	100.00	0.000
58.250000	0.013318	66.67	0.000
58.300000	0.000000	100.00	245.440
58.350000	0.000000	100.00	0.000
58.400000	0.000000	100.00	0.000
58.450000	0.000254	50.00	245.440
58.500000	0.000000	100.00	0.000
58.550000	0.000000	100.00	0.000
58.600000	0.000000	100.00	0.000
58.650000	0.000000	100.00	0.000
58.700000	0.000000	100.00	0.000
58.750000	0.000000	100.00	0.000
58.800000	0.000000	100.00	0.000
58.850000	0.005712	50.00	245.440
58.900000	0.007703	66.67	245.440
58.950000	0.000000	100.00	0.000
59.000000	0.000000	100.00	0.000
59.050000	0.000000	100.00	0.000
59.100000	0.000000	100.00	0.000
59.150000	0.000000	100.00	0.000
59.200000	0.000000	100.00	0.000
59.250000	0.000000	100.00	0.000
59.300000	0.000000	100.00	0.000
59.350000	0.000000	100.00	0.000
59.400000	0.000000	100.00	0.000
59.450000	0.000000	100.00	0.000
59.500000	0.000000	100.00	0.000
59.550000	0.000000	100.00	0.000
59.600000	0.000000	100.00	0.000
59.650000	0.000000	100.00	0.000
59.700000	0.000000	100.00	0.000
59.750000	0.000000	100.00	0.000
59.800000	0.014551	50.00	245.440
59.850000	0.000000	100.00	0.000
59.900000	0.000000	100.00	0.000
59.950000	0.000000	100.00	0.000
60.000000	0.000000	100.00	0.000
60.050000	0.000000	100.00	0.000
60.100000	0.000000	100.00	0.000
60.150000	0.000000	100.00	0.000
60.200000	0.000000	100.00	0.000
60.250000	0.000254	66.67	245.440
60.300000	0.000000	100.00	0.000
60.350000	0.000000	100.00	0.000
60.400000	0.000000	100.00	0.000
60.450000	0.000000	100.00	0.000
60.500000	0.000000	100.00	0.000
60.550000	0.000000	100.00	0.000
60.600000	0.005607	66.67	245.440
60.650000	0.000000	100.00	0.000
60.700000	0.000000	100.00	0.000
60.750000	0.000000	100.00	0.000
60.800000	0.000000	100.00	0.000
60.850000	0.000000	100.00	0.000
60.900000	0.000000	100.00	0.000
60.950000	0.000000	100.00	0.000
61.000000	0.000000	100.00	0.000
61.050000	0.002955	66.67	245.440
61.100000	0.000000	100.00	0.000
61.150000	0.000000	100.00	0.000
61.200000	0.000000	100.00	0.000
61.250000	0.036843	50.00	245.440
61.300000	0.000000	100.00	0.000
61.350000	0.000000	100.00	0.000
61.400000	0.000000	100.00	0.000
61.450000	0.000000	100.00	0.000
61.500000	0.010731	66.67	245.440
61.550000	0.015733	50.00	245.440
61.600000	0.000000	100.00	0.000
61.650000	0.000255	0.00	245.440
61.700000	0.000000	100.00	0.000
61.750000	0.000000	100.00	0.000
61.800000	0.000000	100.00	0.000
61.850000	0.000000	100.00	0.000
61.900000	0.000000	100.00	0.000
61.950000	0.000000	100.00	0.000
62.000000	0.000000	100.00	0.000
62.050000	0.000000	100.00	0.000
62.100000	0.000000	100.00	0.000
62.150000	0.000000	100.00	0.000
62.200000	0.000000	100.00	0.000
62.250000	0.000000	100.00	0.000
62.300000	0.000000	100.00	0.000
62.350000	0.000000	100.00	0.000
62.400000	0.000000	100.00	0.000
62.450000	0.000000	100.00	0.000
62.500000	0.000000	100.00	0.000
62.550000	0.000000	100.00	0.000
62.600000	0.000000	100.00	0.000
62.650000	0.000000	100.00	0.000
62.700000	0.000000	100.00	0.000
62.750000	0.000000	100.00	0.000
62.800000	0.009068	50.00	245.440
62.850000	0.000000	100.00	0.000
62.900000	0.001058	50.00	245.440
62.950000	0.003063	50.00	0.000
63.000000	0.002742	66.67	490.880
63.050000	0.000000	100.00	0.000
63.100000	0.002062	66.67	245.440
63.150000	0.000000	100.00	0.000
63.200000	0.032252	75.00	0.000
63.250000	0.000000	100.00	245.440
63.300000	0.000000	100.00	0.000
63.350000	0.000000	100.00	0.000
63.400000	0.005859	0.00	245.440
63.450000	0.000000	100.00	0.000
63.500000	0.000000	100.00	0.000
63.550000	0.000000	100.00	0.000
63.600000	0.000000	100.00	0.000
63.650000	0.000000	100.00	0.000
63.700000	0.000000	100.00	0.000
63.750000	0.000000	100.00	0.000
63.800000	0.000000	100.00	0.000
63.850000	0.019436	50.00	245.440
63.900000	0.000000	100.00	0.000
63.950000	0.000000	100.00	0.000
64.000000	0.000000	100.00	0.000
64.050000	0.031940	50.00	0.000
64.100000	0.000000	100.00	245.440
64.150000	0.000000	100.00	0.000
64.200000	0.000000	100.00	0.000
64.250000	0.000000	100.00	0.000
64.300000	0.018522	66.67	245.440
64.350000	0.000000	100.00	0.000
64.400000	0.000000	100.00	0.000
64.450000	0.000000	100.00	0.000
64.500000	0.000000	100.00	0.000
64.550000	0.000000	100.00	0.000
64.600000	0.000000	100.00	0.000
64.650000	0.000000	100.00	0.000
64.700000	0.001158	66.67	245.440
64.750000	0.007143	50.00	245.440
64.800000	0.000000	100.00	0.000
64.850000	0.003346	66.67	245.440
64.900000	0.000000	100.00	0.000
64.950000	0.000000	100.00	0.000
65.000000	0.000000	100.00	0.000
65.050000	0.000000	100.00	0.000
65.100000	0.000000	100.00	0.000
65.150000	0.000000	100.00	0.000
65.200000	0.000000	100.00	0.000
65.250000	0.000000	100.00	0.000
65.300000	0.000000	100.00	0.000
65.350000	0.000000	100.00	0.000
65.400000	0.023542	0.00	0.000
65.450000	0.000000	100.00	245.440
65.500000	0.001498	50.00	245.440
65.550000	0.000000	100.00	0.000
65.600000	0.000000	100.00	0.000
65.650000	0.010874	66.67	245.440
65.700000	0.000254	66.67	245.440
65.750000	0.000000	100.00	0.000
65.800000	0.000000	100.00	0.000
65.850000	0.019559	0.00	245.440
65.900000	0.000254	50.00	490.880
65.950000	0.000000	100.00	0.000
66.000000	0.002022	50.00	245.440
66.050000	0.003415	0.00	245.440
66.100000	0.000000	100.00	0.000
66.150000	0.000000	100.00	0.000
66.200000	0.000000	100.00	0.000
66.250000	0.000000	100.00	0.000
66.300000	0.000000	100.00	0.000
66.350000	0.005239	50.00	0.000
66.400000	0.004646	66.67	490.880
66.450000	0.000000	100.00	0.000
66.500000	0.000000	100.00	0.000
66.550000	0.000000	100.00	0.000
66.600000	0.000000	100.00	0.000
66.650000	0.008970	50.00	245.440
66.700000	0.000577	50.00	490.880
66.750000	0.000000	100.00	0.000
66.800000	0.000000	100.00	0.000
66.850000	0.020848	50.00	0.000
66.900000	0.000000	100.00	245.440
66.950000	0.000000	100.00	0.000
67.000000	0.000000	100.00	0.000
67.050000	0.007503	66.67	245.440
67.100000	0.000255	66.67	245.440
67.150000	0.000000	100.00	0.000
67.200000	0.004950	66.67	245.440
67.250000	0.000000	100.00	0.000
67.300000	0.001378	66.67	245.440
67.350000	0.001905	0.00	490.880
67.400000	0.010714	50.00	245.440
67.450000	0.000000	100.00	0.000
67.500000	0.015547	50.00	245.440
67.550000	0.009485	33.33	245.440
67.600000	0.000000	100.00	245.440
67.650000	0.000000	100.00	0.000
67.700000	0.000000	100.00	0.000
67.750000	0.000000	100.00	0.000
67.800000	0.000000	100.00	0.000
67.850000	0.000000	100.00	0.000
67.900000	0.000000	100.00	0.000
67.950000	0.000000	100.00	0.000
68.000000	0.000254	50.00	245.440
68.050000	0.000000	100.00	0.000
68.100000	0.009198	33.33	245.440
68.150000	0.005360	33.33	490.880
68.200000	0.010489	50.00	490.880
68.250000	0.032288	50.00	245.440
68.300000	0.000000	100.00	0.000
68.350000	0.000000	100.00	0.000
68.400000	0.000000	100.00	0.000
68.450000	0.000727	33.33	490.880
68.500000	0.002735	66.67	245.440
68.550000	0.008025	25.00	736.320
68.600000	0.000000	100.00	0.000
68.650000	0.005478	33.33	490.880
68.700000	0.000000	100.00	0.000
68.750000	0.000000	100.00	0.000
68.800000	0.001358	50.00	245.440
68.850000	0.000000	100.00	0.000
68.900000	0.002182	66.67	245.440
68.950000	0.000000	100.00	0.000
69.000000	0.009703	66.67	245.440
69.050000	0.000000	100.00	0.000
69.100000	0.000000	100.00	0.000
69.150000	0.033305	50.00	0.000
69.200000	0.000000	100.00	245.440
69.250000	0.005130	50.00	245.440
69.300000	0.003244	25.00	736.320
69.350000	0.000000	100.00	0.000
69.400000	0.000000	100.00	0.000
69.450000	0.000000	100.00	0.000
69.500000	0.000000	100.00	0.000
69.550000	0.025074	50.00	245.440
69.600000	0.004845	33.33	490.880
69.650000	0.018957	0.00	0.000
69.700000	0.022423	33.33	736.320
69.750000	0.000000	100.00	0.000
69.800000	0.045690	0.00	0.000
69.850000	0.023442	50.00	490.880
69.900000	0.006026	50.00	0.000
69.950000	0.001185	0.00	981.760
70.000000	0.000000	100.00	0.000
70.050000	0.009051	50.00	245.440
70.100000	0.000254	50.00	245.440
70.150000	0.001297	50.00	245.440
70.200000	0.027044	50.00	245.440
70.250000	0.000000	100.00	0.000
70.300000	0.003063	40.00	736.320
70.350000	0.017383	0.00	245.440
70.400000	0.007467	66.67	490.880
70.450000	0.000254	0.00	245.440
70.500000	0.000000	100.00	0.000
70.550000	0.000000	100.00	0.000
70.600000	0.042368	0.00	245.440
70.650000	0.000254	75.00	245.440
70.700000	0.002177	33.33	490.880
70.750000	0.000254	66.67	245.440
70.800000	0.000000	100.00	0.000
70.850000	0.001631	66.67	245.440
70.900000	0.012162	0.00	245.440
70.950000	0.006902	50.00	490.880
71.000000	0.000000	100.00	0.000
71.050000	0.000000	100.00	0.000
71.100000	0.000000	100.00	0.000
71.150000	0.010457	33.33	245.440
71.200000	0.025266	50.00	490.880
71.250000	0.000000	100.00	0.000
71.300000	0.004986	50.00	245.440
71.350000	0.005786	66.67	245.440
71.400000	0.000000	100.00	0.000
71.450000	0.000000	100.00	0.000
71.500000	0.001992	33.33	490.880
71.550000	0.013461	50.00	0.000
71.600000	0.000000	100.00	245.440
71.650000	0.000000	100.00	0.000
71.700000	0.000000	100.00	0.000
71.750000	0.000000	100.00	0.000
71.800000	0.001249	50.00	490.880
71.850000	0.015455	50.00	0.000
71.900000	0.010150	25.00	981.760
71.950000	0.000000	100.00	0.000
72.000000	0.001813	40.00	736.320
72.050000	0.000000	100.00	0.000
72.100000	0.023984	50.00	0.000
72.150000	0.037561	50.00	490.880
72.200000	0.001218	33.33	490.880
72.250000	0.000000	100.00	0.000
72.300000	0.000000	100.00	0.000
72.350000	0.000000	100.00	0.000
72.400000	0.000000	100.00	0.000
72.450000	0.001840	33.33	490.880
72.500000	0.000000	100.00	0.000
72.550000	0.000000	100.00	0.000
72.600000	0.000000	100.00	0.000
72.650000	0.000000	100.00	0.000
72.700000	0.000000	100.00	0.000
72.750000	0.000000	100.00	0.000
72.800000	0.004101	25.00	736.320
72.850000	0.000000	100.00	0.000
72.900000	0.027505	50.00	0.000
72.950000	0.000000	100.00	245.440
73.000000	0.001078	50.00	0.000
73.050000	0.001911	66.67	490.880
73.100000	0.000000	100.00	0.000
73.150000	0.003827	66.67	245.440
73.200000	0.000000	100.00	0.000
73.250000	0.000000	100.00	0.000
73.300000	0.003746	50.00	245.440
73.350000	0.000000	100.00	0.000
73.400000	0.004775	33.33	490.880
73.450000	0.000000	100.00	0.000
73.500000	0.005275	50.00	490.880
73.550000	0.001378	33.33	490.880
73.600000	0.000000	100.00	0.000
73.650000	0.006072	25.00	736.320
73.700000	0.025415	50.00	245.440
73.750000	0.034864	0.00	0.000
73.800000	0.000000	100.00	245.440
73.850000	0.010233	0.00	245.440
73.900000	0.013799	50.00	490.880
73.950000	0.010983	50.00	245.440
74.000000	0.016096	33.33	490.880
74.050000	0.000000	100.00	0.000
74.100000	0.001699	40.00	736.320
74.150000	0.000000	100.00	0.000
74.200000	0.000000	100.00	0.000
74.250000	0.004071	33.33	490.880
74.300000	0.007262	66.67	245.440
74.350000	0.000000	100.00	0.000
74.400000	0.020251	50.00	245.440
74.450000	0.000000	100.00	0.000
74.500000	0.000000	100.00	0.000
74.550000	0.000000	100.00	0.000
74.600000	0.000000	100.00	0.000
74.650000	0.000000	100.00	0.000
74.700000	0.002254	25.00	736.320
74.750000	0.030890	50.00	245.440
74.800000	0.009926	0.00	0.000
74.850000	0.000000	100.00	245.440
74.900000	0.000254	66.67	245.440
74.950000	0.007309	40.00	736.320
75.000000	0.000000	100.00	0.000
75.050000	0.002262	66.67	245.440
75.100000	0.004684	50.00	490.880
75.150000	0.002223	33.33	490.880
75.200000	0.002423	50.00	245.440
75.250000	0.010323	66.67	245.440
75.300000	0.002470	10.00	2208.960
75.350000	0.009865	33.33	490.880
75.400000	0.033729	50.00	0.000
75.450000	0.005006	50.00	490.880
75.500000	0.004236	0.00	1718.080
75.550000	0.000000	100.00	245.440
75.600000	0.002482	50.00	245.440
75.650000	0.011152	33.33	245.440
75.700000	0.015211	50.00	245.440
75.750000	0.001158	66.67	490.880
75.800000	0.001664	40.00	736.320
75.850000	0.011754	0.00	490.880
75.900000	0.007986	33.33	736.320
75.950000	0.001199	66.67	245.440
76.000000	0.000000	100.00	0.000
76.050000	0.000000	100.00	0.000
76.100000	0.006993	0.00	736.320
76.150000	0.009697	0.00	1472.640
76.200000	0.001434	28.57	1472.640
76.250000	0.001358	50.00	245.440
76.300000	0.013319	50.00	245.440
76.350000	0.000254	50.00	245.440
76.400000	0.009262	25.00	736.320
76.450000	0.003390	25.00	736.320
76.500000	0.001078	50.00	245.440
76.550000	0.026242	0.00	245.440
76.600000	0.000000	100.00	245.440
76.650000	0.010349	33.33	490.880
76.700000	0.024897	66.67	0.000
76.750000	0.002002	66.67	490.880
76.800000	0.000938	50.00	245.440
76.850000	0.010847	50.00	245.440
76.900000	0.000255	50.00	245.440
76.950000	0.004855	0.00	1718.080
77.000000	0.000000	100.00	245.440
77.050000	0.009910	50.00	245.440
77.100000	0.011949	0.00	490.880
77.150000	0.017282	33.33	736.320
77.200000	0.001358	66.67	245.440
77.250000	0.014869	0.00	245.440
77.300000	0.002645	33.33	490.880
77.350000	0.007326	16.67	1227.200
77.400000	0.004404	20.00	1227.200
77.450000	0.008503	0.00	736.320
77.500000	0.003807	25.00	981.760
77.550000	0.001837	33.33	490.880
77.600000	0.003679	20.00	736.320
77.650000	0.005627	0.00	736.320
77.700000	0.007404	20.00	981.760
77.750000	0.003328	20.00	1227.200
77.800000	0.001898	28.57	1227.200
77.850000	0.001282	28.57	1227.200
77.900000	0.019791	0.00	0.000
77.950000	0.001679	40.00	981.760
78.000000	0.003924	0.00	1718.080
78.050000	0.000000	100.00	245.440
78.100000	0.004215	33.33	245.440
78.150000	0.001009	33.33	736.320
78.200000	0.011486	0.00	490.880
78.250000	0.004389	0.00	1718.080
78.300000	0.000000	100.00	245.440
78.350000	0.010723	0.00	736.320
78.400000	0.006293	0.00	981.760
78.450000	0.030324	50.00	245.440
78.500000	0.002805	16.67	1227.200
78.550000	0.003532	28.57	1472.640
78.600000	0.001337	11.11	1718.080
78.650000	0.003779	20.00	1227.200
78.700000	0.002104	10.00	2208.960
78.750000	0.008485	0.00	1227.200
78.800000	0.004116	0.00	1963.520
78.850000	0.002431	20.00	981.760
78.900000	0.005994	20.00	1227.200
78.950000	0.002016	11.11	1963.520
79.000000	0.004445	33.33	490.880
79.050000	0.003303	0.00	1718.080
79.100000	0.006861	0.00	1718.080
79.150000	0.016235	0.00	736.320
79.200000	0.005008	14.29	1472.640
79.250000	0.002307	0.00	1718.080
79.300000	0.004593	0.00	1227.200
79.350000	0.019631	33.33	736.320
79.400000	0.003805	0.00	490.880
79.450000	0.013610	0.00	1227.200
79.500000	0.001418	50.00	490.880
79.550000	0.005671	33.33	490.880
79.600000	0.004027	11.11	1963.520
79.650000	0.002153	0.00	1718.080
79.700000	0.000000	100.00	0.000
79.750000	0.007947	0.00	981.760
79.800000	0.001208	50.00	736.320
79.850000	0.003594	0.00	1718.080
79.900000	0.002034	33.33	1227.200
79.950000	0.000000	100.00	0.000
80.000000	0.012419	0.00	490.880
80.050000	0.005490	50.00	490.880
80.100000	0.005987	16.67	1227.200
80.150000	0.006703	0.00	1227.200
80.200000	0.004607	0.00	2945.280
80.250000	0.015968	50.00	490.880
80.300000	0.007893	16.67	1227.200
80.350000	0.004909	0.00	1227.200
80.400000	0.010650	0.00	1472.640
80.450000	0.000254	50.00	490.880
80.500000	0.004158	12.50	1718.080
80.550000	0.002537	0.00	245.440
80.600000	0.000933	14.29	1718.080
80.650000	0.006235	25.00	736.320
80.700000	0.002632	16.67	1227.200
80.750000	0.004582	0.00	2699.840
80.800000	0.012778	25.00	981.760
80.850000	0.016306	0.00	245.440
80.900000	0.001097	0.00	2208.960
80.950000	0.000000	100.00	0.000
81.000000	0.000000	100.00	0.000
81.050000	0.004426	28.57	1227.200
81.100000	0.000000	100.00	0.000
81.150000	0.001513	16.67	1227.200
81.200000	0.004909	0.00	2208.960
81.250000	0.002856	25.00	736.320
81.300000	0.002246	22.22	1963.520
81.350000	0.001533	0.00	981.760
81.400000	0.002311	8.33	2699.840
81.450000	0.009781	33.33	490.880
81.500000	0.005119	0.00	1963.520
81.550000	0.003053	6.67	3681.600
81.600000	0.003066	16.67	1227.200
81.650000	0.007173	0.00	981.760
81.700000	0.003413	0.00	2454.400
81.750000	0.006468	14.29	1718.080
81.800000	0.010422	0.00	245.440
81.850000	0.007837	0.00	1227.200
81.900000	0.004056	0.00	3190.720
81.950000	0.004639	0.00	1963.520
82.000000	0.003785	0.00	2945.280
82.050000	0.004828	0.00	2945.280
82.100000	0.013284	0.00	736.320
82.150000	0.003166	0.00	3436.160
82.200000	0.003850	0.00	4172.480
82.250000	0.004742	0.00	1472.640
82.300000	0.004769	0.00	4908.800
82.350000	0.000000	0.00	0.000
82.400000	0.009798	25.00	736.320
82.450000	0.009790	0.00	981.760
82.500000	0.004337	0.00	2208.960
82.550000	0.003518	11.11	2208.960
82.600000	0.007412	0.00	2208.960
82.650000	0.002149	0.00	2208.960
82.700000	0.003182	10.00	2208.960
82.750000	0.002892	10.00	2454.400
82.800000	0.003284	0.00	981.760
82.850000	0.002580	0.00	4417.920
82.900000	0.001904	0.00	6381.440
82.950000	0.008525	0.00	1963.520
83.000000	0.003798	0.00	1718.080
83.050000	0.001889	33.33	736.320
83.100000	0.001740	7.14	3190.720
83.150000	0.004824	0.00	736.320
83.200000	0.002199	0.00	5399.680
83.250000	0.005709	0.00	2208.960
83.300000	0.000535	25.00	981.760
83.350000	0.004078	0.00	2208.960
83.400000	0.002131	9.09	2699.840
83.450000	0.002320	0.00	4417.920
83.500000	0.002765	0.00	3927.040
83.550000	0.001154	11.11	2208.960
83.600000	0.002080	0.00	3436.160
83.650000	0.002424	0.00	5154.240
83.700000	0.012252	0.00	1472.640
83.750000	0.002366	0.00	1718.080
83.800000	0.002286	0.00	5399.680
83.850000	0.001983	0.00	4908.800
83.900000	0.001477	4.00	6136.000
83.950000	0.002449	0.00	2945.280
84.000000	0.007561	0.00	2945.280
84.050000	0.004519	0.00	245.440
84.100000	0.002195	0.00	4663.360
84.150000	0.007834	0.00	1718.080
84.200000	0.002331	0.00	4663.360
84.250000	0.003214	0.00	4417.920
84.300000	0.001042	0.00	6626.880
84.350000	0.001799	0.00	6381.440
84.400000	0.002220	9.09	2699.840
84.450000	0.002484	0.00	4172.480
84.500000	0.001820	0.00	4663.360
84.550000	0.002985	0.00	3927.040
84.600000	0.001621	5.26	4663.360
84.650000	0.002934	0.00	1718.080
84.700000	0.007044	0.00	1472.640
84.750000	0.001580	0.00	6136.000
84.800000	0.008646	0.00	1472.640
84.850000	0.004155	0.00	3436.160
84.900000	0.001188	0.00	4663.360
84.950000	0.003342	0.00	3190.720
85.000000	0.002638	0.00	3927.040
85.050000	0.001333	0.00	7363.200
85.100000	0.002405	0.00	4663.360
85.150000	0.002357	0.00	4908.800
85.200000	0.001719	0.00	5399.680
85.250000	0.001380	0.00	6626.880
85.300000	0.002945	0.00	5154.240
85.350000	0.002167	0.00	2208.960
85.400000	0.004246	0.00	3190.720
85.450000	0.002652	0.00	3681.600
85.500000	0.010175	0.00	1227.200
85.550000	0.001504	0.00	5890.560
85.600000	0.010406	0.00	1472.640
85.650000	0.002019	0.00	3436.160
85.700000	0.008548	14.29	1472.640
85.750000	0.001186	0.00	1718.080
85.800000	0.001771	0.00	6381.440
85.850000	0.002499	0.00	4663.360
85.900000	0.001096	0.00	6626.880
85.950000	0.001279	0.00	7854.080
86.000000	0.001831	0.00	5890.560
86.050000	0.002450	0.00	4172.480
86.100000	0.001202	0.00	7608.640
86.150000	0.001493	0.00	6872.320
86.200000	0.002148	0.00	4908.800
86.250000	0.000423	16.67	1472.640
86.300000	0.002932	0.00	2454.400
86.350000	0.000888	0.00	10063.040
86.400000	0.002057	0.00	5645.120
86.450000	0.001555	0.00	6626.880
86.500000	0.002870	0.00	3681.600
86.550000	0.001297	0.00	7608.640
86.600000	0.001505	0.00	5890.560
86.650000	0.001831	0.00	5645.120
86.700000	0.001524	0.00	6381.440
86.750000	0.001451	0.00	6626.880
86.800000	0.002401	0.00	4172.480
86.850000	0.002884	0.00	3681.600
86.900000	0.001269	0.00	6381.440
86.950000	0.001551	0.00	6626.880
87.000000	0.001965	0.00	4663.360
87.050000	0.001037	0.00	4663.360
87.100000	0.000998	0.00	9081.280
87.150000	0.000878	0.00	9081.280
87.200000	0.001397	0.00	6626.880
87.250000	0.000800	0.00	11044.800
87.300000	0.001365	0.00	6626.880
87.350000	0.000792	0.00	9326.720
87.400000	0.001164	0.00	7363.200
87.450000	0.001552	0.00	6626.880
87.500000	0.001429	0.00	6381.440
87.550000	0.001134	0.00	8099.520
87.600000	0.002297	0.00	4417.920
87.650000	0.001316	0.00	7117.760
87.700000	0.001156	0.00	8099.520
87.750000	0.000910	0.00	8835.840
87.800000	0.000867	0.00	10553.920
87.850000	0.001018	0.00	8835.840
87.900000	0.001536	0.00	6381.440
87.950000	0.001028	0.00	7363.200
88.000000	0.001648	0.00	5645.120
88.050000	0.001038	0.00	8099.520
88.100000	0.003053	0.00	3190.720
88.150000	0.000913	0.00	8835.840
88.200000	0.001879	0.00	4908.800
88.250000	0.002093	0.00	5154.240
88.300000	0.002495	0.00	4417.920
88.350000	0.001034	0.00	6626.880
88.400000	0.001422	0.00	6136.000
88.450000	0.001592	0.00	6626.880
88.500000	0.001606	0.00	5399.680
88.550000	0.002602	0.00	3927.040
88.600000	0.001582	0.00	5645.120
88.650000	0.001504	0.00	6626.880
88.700000	0.000490	0.00	16444.480
88.750000	0.000652	0.00	11290.240
88.800000	0.001324	0.00	7363.200
88.850000	0.000898	0.00	9081.280
88.900000	0.001605	0.00	6136.000
88.950000	0.000654	0.00	10799.360
89.000000	0.002435	0.00	5154.240
89.050000	0.000693	0.00	7608.640
89.100000	0.000920	0.00	8835.840
89.150000	0.001456	0.00	6872.320
89.200000	0.000794	0.00	8835.840
89.250000	0.001841	0.00	5645.120
89.300000	0.001723	0.00	7608.640
89.350000	0.001417	0.00	3436.160
89.400000	0.001145	0.00	7854.080
89.450000	0.001135	0.00	8590.400
89.500000	0.000742	0.00	10553.920
89.550000	0.000713	0.00	10308.480
89.600000	0.003804	0.00	4663.360
89.650000	0.000541	0.00	3927.040
89.700000	0.000861	0.00	9081.280
89.750000	0.000777	0.00	10308.480
89.800000	0.001317	0.00	6626.880
89.850000	0.000721	0.00	9326.720
89.900000	0.000538	0.00	11781.120
89.950000	0.000854	0.00	9572.160
90.000000	0.000870	0.00	8835.840
90.050000	0.001102	0.00	7854.080
90.100000	0.000529	0.00	12026.560
90.150000	0.000780	0.00	9817.600
90.200000	0.000623	0.00	10063.040
90.250000	0.000948	0.00	9572.160
90.300000	0.000979	0.00	8344.960
90.350000	0.000768	0.00	9817.600
90.400000	0.001195	0.00	7117.760
90.450000	0.000570	0.00	11781.120
90.500000	0.001196	0.00	7117.760
90.550000	0.000842	0.00	9817.600
90.600000	0.000903	0.00	9326.720
90.650000	0.000824	0.00	8835.840
90.700000	0.000935	0.00	8099.520
90.750000	0.001188	0.00	8835.840
90.800000	0.000747	0.00	7854.080
90.850000	0.000747	0.00	9817.600
90.900000	0.000597	0.00	11044.800
90.950000	0.000746	0.00	11290.240
91.000000	0.001420	0.00	5645.120
91.050000	0.000662	0.00	10553.920
91.100000	0.000963	0.00	8344.960
91.150000	0.000553	0.00	10799.360
91.200000	0.000548	0.00	10799.360
91.250000	0.000909	0.00	9081.280
91.300000	0.001451	0.00	6381.440
91.350000	0.001252	0.00	7117.760
91.400000	0.000813	0.00	9081.280
91.450000	0.000599	0.00	11535.680
91.500000	0.000624	0.00	11535.680
91.550000	0.002065	0.00	5645.120
91.600000	0.000617	0.00	7854.080
91.650000	0.000618	0.00	10553.920
91.700000	0.000520	0.00	12272.000
91.750000	0.000526	0.00	11535.680
91.800000	0.000552	0.00	11044.800
91.850000	0.000661	0.00	10553.920
91.900000	0.000627	0.00	10308.480
91.950000	0.000397	0.00	13744.640
92.000000	0.000622	0.00	10553.920
92.050000	0.000588	0.00	11535.680
92.100000	0.000573	0.00	11044.800
92.150000	0.000407	0.00	17180.800
92.200000	0.000555	0.00	11290.240
92.250000	0.000427	0.00	12517.440
92.300000	0.000697	0.00	10799.360
92.350000	0.000573	0.00	9817.600
92.400000	0.000493	0.00	12517.440
92.450000	0.000341	0.00	13253.760
92.500000	0.000832	0.00	8835.840
92.550000	0.000576	0.00	10799.360
92.600000	0.000632	0.00	11044.800
92.650000	0.000714	0.00	9817.600
92.700000	0.000600	0.00	10553.920
92.750000	0.000710	0.00	10553.920
92.800000	0.000615	0.00	10308.480
92.850000	0.000552	0.00	11290.240
92.900000	0.000497	0.00	13008.320
92.950000	0.000638	0.00	10308.480
93.000000	0.000472	0.00	11781.120
93.050000	0.000577	0.00	13990.080
93.100000	0.000595	0.00	10063.040
93.150000	0.000432	0.00	11781.120
93.200000	0.000354	0.00	16199.040
93.250000	0.000601	0.00	11044.800
93.300000	0.000354	0.00	13990.080
93.350000	0.000512	0.00	11535.680
93.400000	0.000740	0.00	9326.720
93.450000	0.000514	0.00	13008.320
93.500000	0.000504	0.00	12026.560
93.550000	0.000398	0.00	13008.320
93.600000	0.000495	0.00	12517.440
93.650000	0.000410	0.00	12272.000
93.700000	0.000453	0.00	12762.880
93.750000	0.000508	0.00	12762.880
93.800000	0.000359	0.00	13499.200
93.850000	0.000587	0.00	10799.360
93.900000	0.000565	0.00	10553.920
93.950000	0.001075	0.00	8344.960
94.000000	0.000586	0.00	11781.120
94.050000	0.000453	0.00	11781.120
94.100000	0.000384	0.00	11781.120
94.150000	0.000490	0.00	11535.680
94.200000	0.000472	0.00	11290.240
94.250000	0.000401	0.00	13253.760
94.300000	0.000419	0.00	14726.400
94.350000	0.000431	0.00	12272.000
94.400000	0.000506	0.00	12762.880
94.450000	0.000470	0.00	12517.440
94.500000	0.000546	0.00	10799.360
94.550000	0.000704	0.00	10799.360
94.600000	0.000450	0.00	11290.240
94.650000	0.000528	0.00	12762.880
94.700000	0.000440	0.00	10553.920
94.750000	0.000495	0.00	11290.240
94.800000	0.000569	0.00	11044.800
94.850000	0.000340	0.00	14726.400
94.900000	0.000559	0.00	10799.360
94.950000	0.000531	0.00	10308.480
95.000000	0.000640	0.00	11290.240
95.050000	0.000728	0.00	8835.840
95.100000	0.000386	0.00	14726.400
95.150000	0.000477	0.00	12517.440
95.200000	0.000504	0.00	11535.680
95.250000	0.000497	0.00	10553.920
95.300000	0.000300	0.00	14480.960
95.350000	0.000464	0.00	13008.320
95.400000	0.000432	0.00	12272.000
95.450000	0.000550	0.00	10308.480
95.500000	0.000444	0.00	12762.880
95.550000	0.000530	0.00	10799.360
95.600000	0.000316	0.00	15217.280
95.650000	0.000316	0.00	13990.080
95.700000	0.000644	0.00	10308.480
95.750000	0.000503	0.00	12026.560
95.800000	0.000435	0.00	12762.880
95.850000	0.000352	0.00	13008.320
95.900000	0.000401	0.00	13253.760
95.950000	0.000316	0.00	13990.080
96.000000	0.000532	0.00	11535.680
96.050000	0.000392	0.00	13499.200
96.100000	0.000348	0.00	14480.960
96.150000	0.000473	0.00	13990.080
96.200000	0.000319	0.00	14235.520
96.250000	0.000438	0.00	12272.000
96.300000	0.000545	0.00	11535.680
96.350000	0.000407	0.00	11290.240
96.400000	0.000385	0.00	13499.200
96.450000	0.000390	0.00	12517.440
96.500000	0.000342	0.00	13499.200
96.550000	0.000571	0.00	12272.000
96.600000	0.000308	0.00	13499.200
96.650000	0.000524	0.00	10308.480
96.700000	0.000388	0.00	12762.880
96.750000	0.000313	0.00	15953.600
96.800000	0.000448	0.00	12026.560
96.850000	0.000504	0.00	12272.000
96.900000	0.000379	0.00	13008.320
96.950000	0.000443	0.00	11781.120
97.000000	0.000473	0.00	11290.240
97.050000	0.000379	0.00	13253.760
97.100000	0.000435	0.00	13744.640
97.150000	0.000344	0.00	12762.880
97.200000	0.000629	0.00	10308.480
97.250000	0.000494	0.00	12026.560
97.300000	0.000333	0.00	15462.720
97.350000	0.000611	0.00	11290.240
97.400000	0.000416	0.00	13499.200
97.450000	0.000479	0.00	12026.560
97.500000	0.000527	0.00	10553.920
97.550000	0.000368	0.00	14971.840
97.600000	0.000390	0.00	13499.200
97.650000	0.000298	0.00	14480.960
97.700000	0.000282	0.00	13990.080
97.750000	0.000411	0.00	13744.640
97.800000	0.000363	0.00	13008.320
97.850000	0.000372	0.00	15708.160
97.900000	0.000338	0.00	12762.880
97.950000	0.000488	0.00	13499.200
98.000000	0.000393	0.00	14971.840
98.050000	0.000445	0.00	13008.320
98.100000	0.000343	0.00	12272.000
98.150000	0.000396	0.00	13499.200
98.200000	0.000425	0.00	13008.320
98.250000	0.000473	0.00	11290.240
98.300000	0.000380	0.00	13744.640
98.350000	0.000548	0.00	12026.560
98.400000	0.000465	0.00	12517.440
98.450000	0.000448	0.00	13499.200
98.500000	0.000382	0.00	13744.640
98.550000	0.000411	0.00	13008.320
98.600000	0.000397	0.00	13253.760
98.650000	0.000291	0.00	14726.400
98.700000	0.000384	0.00	13990.080
98.750000	0.000485	0.00	12272.000
98.800000	0.000342	0.00	13253.760
98.850000	0.000394	0.00	13499.200
98.900000	0.000477	0.00	11781.120
98.950000	0.000429	0.00	12762.880
99.000000	0.000343	0.00	13744.640
99.050000	0.000378	0.00	14235.520
99.100000	0.000378	0.00	13744.640
99.150000	0.000370	0.00	13990.080
99.200000	0.000377	0.00	12517.440
99.250000	0.000391	0.00	14726.400
99.300000	0.000451	0.00	12517.440
