start, delay, loss random, rate
0.000000	0.000000	0.00	0.000
0.100000	0.000000	0.00	0.000
0.200000	0.000000	0.00	0.000
0.300000	0.000000	0.00	0.000
0.400000	0.000000	0.00	0.000
0.500000	0.000000	0.00	0.000
0.600000	0.000000	0.00	0.000
0.700000	0.000000	0.00	0.000
0.800000	0.000000	0.00	0.000
0.900000	0.000000	0.00	0.000
1.000000	0.000000	0.00	0.000
1.100000	0.000297	0.00	8344.960
1.200000	0.000449	0.00	13131.040
1.300000	0.000391	0.00	12762.880
1.400000	0.000514	0.00	12149.280
1.500000	0.000415	0.00	12640.160
1.600000	0.000381	0.00	12762.880
1.700000	0.000495	0.00	11535.680
1.800000	0.000457	0.00	12394.720
1.900000	0.000443	0.00	11658.400
2.000000	0.000533	0.00	12272.000
2.100000	0.000453	0.00	12640.160
2.200000	0.000544	0.00	11903.840
2.300000	0.000393	0.00	13744.640
2.400000	0.000687	0.00	9940.320
2.500000	0.000547	0.00	10922.080
2.600000	0.000431	0.00	13376.480
2.700000	0.000371	0.00	13621.920
2.800000	0.000405	0.00	13131.040
2.900000	0.000586	0.00	10799.360
3.000000	0.000503	0.00	12149.280
3.100000	0.000564	0.00	11658.400
3.200000	0.000543	0.00	10922.080
3.300000	0.000337	0.00	14358.240
3.400000	0.000394	0.00	13621.920
3.500000	0.000526	0.00	11167.520
3.600000	0.000359	0.00	12640.160
3.700000	0.000566	0.00	10922.080
3.800000	0.000614	0.00	10799.360
3.900000	0.000445	0.00	13253.760
4.000000	0.000433	0.00	12149.280
4.100000	0.000565	0.00	12149.280
4.200000	0.000546	0.00	10922.080
4.300000	0.000525	0.00	12026.560
4.400000	0.000518	0.00	11412.960
4.500000	0.000596	0.00	11658.400
4.600000	0.000398	0.00	13253.760
4.700000	0.000486	0.00	11658.400
4.800000	0.000442	0.00	12885.600
4.900000	0.000542	0.00	12026.560
5.000000	0.000413	0.00	13131.040
5.100000	0.000434	0.00	12640.160
5.200000	0.000840	0.00	8713.120
5.300000	0.000537	0.00	11535.680
5.400000	0.000548	0.00	11412.960
5.500000	0.000589	0.00	11290.240
5.600000	0.000884	0.00	9204.000
5.700000	0.000429	0.00	12394.720
5.800000	0.000514	0.00	13376.480
5.900000	0.000584	0.00	10185.760
6.000000	0.001004	0.00	7976.800
6.100000	0.000567	0.00	12026.560
6.200000	0.000626	0.00	11167.520
6.300000	0.000664	0.00	10063.040
6.400000	0.000767	0.00	9940.320
6.500000	0.000748	0.00	9817.600
6.600000	0.000954	0.00	8958.560
6.700000	0.000876	0.00	8958.560
6.800000	0.000799	0.00	10185.760
6.900000	0.000882	0.00	9204.000
7.000000	0.000996	0.00	8344.960
7.100000	0.000715	0.00	10431.200
7.200000	0.000881	0.00	8344.960
7.300000	0.001017	0.00	7731.360
7.400000	0.000966	0.00	8467.680
7.500000	0.000740	0.00	10063.040
7.600000	0.000747	0.00	9694.880
7.700000	0.001001	0.00	9326.720
7.800000	0.000716	0.00	8099.520
7.900000	0.000761	0.00	10922.080
8.000000	0.000606	0.00	10553.920
8.100000	0.001114	0.00	7854.080
8.200000	0.001012	0.00	9081.280
8.300000	0.000737	0.00	9817.600
8.400000	0.000901	0.00	8467.680
8.500000	0.000869	0.00	8958.560
8.600000	0.001210	0.00	7363.200
8.700000	0.001834	0.00	5154.240
8.800000	0.001516	0.00	6258.720
8.900000	0.000569	0.00	12885.600
9.000000	0.000899	0.00	9326.720
9.100000	0.001759	0.00	5399.680
9.200000	0.000773	0.00	9940.320
9.300000	0.001587	0.00	6258.720
9.400000	0.001164	0.00	7854.080
9.500000	0.001003	0.00	8835.840
9.600000	0.001159	0.00	8467.680
9.700000	0.000824	0.00	9817.600
9.800000	0.001289	0.00	7240.480
9.900000	0.001357	0.00	6995.040
10.000000	0.000978	0.00	9572.160
10.100000	0.001009	0.00	9081.280
10.200000	0.000670	0.00	13131.040
10.300000	0.002050	0.00	5154.240
10.400000	0.001233	0.00	7363.200
10.500000	0.001756	0.00	5890.560
10.600000	0.001186	0.00	7363.200
10.700000	0.001554	0.00	6381.440
10.800000	0.002720	0.00	4786.080
10.900000	0.002280	0.00	3681.600
11.000000	0.001314	0.00	5890.560
11.100000	0.001618	0.00	3068.000
11.200000	0.002381	0.00	4417.920
11.300000	0.001424	0.00	6995.040
11.400000	0.001489	0.00	6749.600
11.500000	0.005908	0.00	1963.520
11.600000	0.001551	0.00	6381.440
11.700000	0.002307	0.00	3804.320
11.800000	0.001549	0.00	3927.040
11.900000	0.002911	0.00	4540.640
12.000000	0.001048	0.00	7117.760
12.100000	0.002399	0.00	3190.720
12.200000	0.005348	0.00	1963.520
12.300000	0.001674	0.00	6504.160
12.400000	0.002045	0.00	7976.800
12.500000	0.003452	0.00	1595.360
12.600000	0.002875	0.00	3927.040
12.700000	0.001512	3.33	3436.160
12.800000	0.001461	0.00	7854.080
12.900000	0.001901	0.00	5154.240
13.000000	0.001778	0.00	5645.120
13.100000	0.001701	8.70	2699.840
13.200000	0.008216	0.00	859.040
13.300000	0.002393	0.00	4417.920
13.400000	0.001892	0.00	5522.400
13.500000	0.001372	3.12	3804.320
13.600000	0.001696	3.23	3681.600
13.700000	0.005468	0.00	2822.560
13.800000	0.003836	0.00	1840.800
13.900000	0.008838	0.00	1349.920
14.000000	0.002884	4.17	2945.280
14.100000	0.001960	0.00	4786.080
14.200000	0.001838	0.00	4786.080
14.300000	0.003775	4.55	2699.840
14.400000	0.002988	9.09	1104.480
14.500000	0.001755	0.00	5522.400
14.600000	0.003312	0.00	3436.160
14.700000	0.001845	7.41	3068.000
14.800000	0.001576	4.00	3068.000
14.900000	0.003187	10.00	1104.480
15.000000	0.002244	7.69	1472.640
15.100000	0.002702	0.00	2699.840
15.200000	0.002569	2.94	4172.480
15.300000	0.004189	0.00	1227.200
15.400000	0.001951	0.00	4295.200
15.500000	0.002004	11.11	2086.240
15.600000	0.002653	4.17	2822.560
15.700000	0.001735	6.25	1840.800
15.800000	0.004624	42.86	490.880
15.900000	0.003893	0.00	2822.560
16.000000	0.003322	0.00	3068.000
16.100000	0.004540	6.67	1718.080
16.200000	0.002292	6.25	1963.520
16.300000	0.003602	0.00	2454.400
16.400000	0.001886	3.85	3190.720
16.500000	0.003826	5.88	1840.800
16.600000	0.003374	10.00	2208.960
16.700000	0.002564	10.00	2331.680
16.800000	0.003914	25.00	613.600
16.900000	0.006012	0.00	1595.360
17.000000	0.002396	30.00	981.760
17.100000	0.003397	6.25	1718.080
17.200000	0.005514	0.00	1472.640
17.300000	0.002045	8.70	2577.120
17.400000	0.003212	4.35	2822.560
17.500000	0.007426	8.33	1349.920
17.600000	0.005514	0.00	1349.920
17.700000	0.005826	8.33	1349.920
17.800000	0.008438	33.33	613.600
17.900000	0.015801	40.00	245.440
18.000000	0.004390	12.50	859.040
18.100000	0.007409	11.11	1104.480
18.200000	0.010699	0.00	490.880
18.300000	0.004299	7.69	1595.360
18.400000	0.009225	11.11	981.760
18.500000	0.011839	33.33	490.880
18.600000	0.004712	22.22	859.040
18.700000	0.002660	11.11	1963.520
18.800000	0.001422	12.50	1718.080
18.900000	0.005651	11.11	981.760
19.000000	0.010293	11.11	859.040
19.100000	0.005924	20.00	981.760
19.200000	0.015693	12.50	859.040
19.300000	0.009488	0.00	859.040
19.400000	0.008471	33.33	613.600
19.500000	0.001969	25.00	736.320
19.600000	0.012346	12.50	736.320
19.700000	0.002901	33.33	613.600
19.800000	0.004417	28.57	613.600
19.900000	0.007870	10.00	981.760
20.000000	0.008690	75.00	245.440
20.100000	0.001849	36.36	859.040
20.200000	0.008349	16.67	613.600
20.300000	0.004767	28.57	613.600
20.400000	0.001828	36.36	859.040
20.500000	0.023789	33.33	122.720
20.600000	0.001739	33.33	613.600
20.700000	0.008843	75.00	122.720
20.800000	0.004557	18.18	981.760
20.900000	0.005776	8.33	1349.920
21.000000	0.001437	33.33	859.040
21.100000	0.001178	66.67	122.720
21.200000	0.008783	33.33	490.880
21.300000	0.002540	60.00	245.440
21.400000	0.004917	40.00	245.440
21.500000	0.003515	75.00	245.440
21.600000	0.010419	60.00	245.440
21.700000	0.006696	20.00	981.760
21.800000	0.012655	66.67	122.720
21.900000	0.004017	22.22	736.320
22.000000	0.003550	42.86	613.600
22.100000	0.002835	40.00	368.160
22.200000	0.003727	33.33	736.320
22.300000	0.007633	40.00	245.440
22.400000	0.011853	20.00	613.600
22.500000	0.007639	28.57	613.600
22.600000	0.005921	42.86	490.880
22.700000	0.013810	50.00	122.720
22.800000	0.004256	28.57	736.320
22.900000	0.007280	42.86	490.880
23.000000	0.000000	100.00	0.000
23.100000	0.001851	75.00	122.720
23.200000	0.001418	60.00	245.440
23.300000	0.012693	20.00	368.160
23.400000	0.002432	40.00	859.040
23.500000	0.001138	66.67	122.720
23.600000	0.010067	75.00	122.720
23.700000	0.022208	25.00	245.440
23.800000	0.004526	75.00	245.440
23.900000	0.001453	57.14	368.160
24.000000	0.020991	66.67	122.720
24.100000	0.005837	40.00	368.160
24.200000	0.001287	42.86	490.880
24.300000	0.002246	42.86	490.880
24.400000	0.003263	80.00	122.720
24.500000	0.000000	100.00	0.000
24.600000	0.008472	50.00	245.440
24.700000	0.000000	100.00	0.000
24.800000	0.021415	66.67	122.720
24.900000	0.000000	100.00	0.000
25.000000	0.004786	75.00	122.720
25.100000	0.004494	60.00	245.440
25.200000	0.006612	75.00	0.000
25.300000	0.010254	75.00	122.720
25.400000	0.000000	100.00	122.720
25.500000	0.008331	75.00	0.000
25.600000	0.000000	100.00	122.720
25.700000	0.022315	25.00	368.160
25.800000	0.017465	0.00	490.880
25.900000	0.020595	75.00	245.440
26.000000	0.005337	50.00	368.160
26.100000	0.000000	100.00	0.000
26.200000	0.004402	80.00	122.720
26.300000	0.002322	50.00	368.160
26.400000	0.000000	100.00	0.000
26.500000	0.000254	80.00	122.720
26.600000	0.006567	33.33	490.880
26.700000	0.020258	60.00	122.720
26.800000	0.013046	80.00	245.440
26.900000	0.013881	50.00	245.440
27.000000	0.003002	50.00	122.720
27.100000	0.032556	50.00	245.440
27.200000	0.003207	33.33	368.160
27.300000	0.000000	100.00	122.720
27.400000	0.000000	100.00	0.000
27.500000	0.012410	25.00	368.160
27.600000	0.001098	75.00	122.720
27.700000	0.000000	100.00	0.000
27.800000	0.000901	42.86	490.880
27.900000	0.010262	75.00	0.000
28.000000	0.000000	100.00	122.720
28.100000	0.000254	66.67	122.720
28.200000	0.004787	75.00	122.720
28.300000	0.011244	33.33	490.880
28.400000	0.000254	80.00	122.720
28.500000	0.039115	75.00	0.000
28.600000	0.006013	60.00	368.160
28.700000	0.000000	100.00	0.000
28.800000	0.010526	75.00	122.720
28.900000	0.002531	33.33	490.880
29.000000	0.005016	50.00	245.440
29.100000	0.000000	100.00	0.000
29.200000	0.014100	75.00	122.720
29.300000	0.012512	25.00	245.440
29.400000	0.000000	100.00	122.720
29.500000	0.008311	66.67	0.000
29.600000	0.000000	100.00	122.720
29.700000	0.002606	75.00	122.720
29.800000	0.008327	50.00	245.440
29.900000	0.023472	50.00	245.440
30.000000	0.006722	42.86	368.160
30.100000	0.000898	80.00	245.440
30.200000	0.004084	50.00	245.440
30.300000	0.003429	71.43	245.440
30.400000	0.000000	100.00	0.000
30.500000	0.000000	100.00	0.000
30.600000	0.004513	75.00	245.440
30.700000	0.000000	100.00	0.000
30.800000	0.000000	100.00	0.000
30.900000	0.006245	33.33	490.880
31.000000	0.000000	100.00	0.000
31.100000	0.004319	75.00	122.720
31.200000	0.000000	100.00	0.000
31.300000	0.003669	60.00	245.440
31.400000	0.007482	50.00	245.440
31.500000	0.017259	66.67	122.720
31.600000	0.002542	75.00	0.000
31.700000	0.003102	80.00	245.440
31.800000	0.004086	75.00	122.720
31.900000	0.000000	100.00	0.000
32.000000	0.000000	100.00	0.000
32.100000	0.000000	100.00	0.000
32.200000	0.012879	66.67	122.720
32.300000	0.000000	100.00	0.000
32.400000	0.000254	80.00	122.720
32.500000	0.000000	100.00	0.000
32.600000	0.000000	100.00	0.000
32.700000	0.008858	50.00	245.440
32.800000	0.002748	57.14	368.160
32.900000	0.000000	100.00	0.000
33.000000	0.006203	66.67	245.440
33.100000	0.000000	100.00	0.000
33.200000	0.000000	100.00	0.000
33.300000	0.000000	100.00	0.000
33.400000	0.000000	100.00	0.000
33.500000	0.000000	100.00	0.000
33.600000	0.003475	75.00	0.000
33.700000	0.020807	66.67	245.440
33.800000	0.008082	60.00	245.440
33.900000	0.001770	33.33	245.440
34.000000	0.021208	66.67	122.720
34.100000	0.000000	100.00	0.000
34.200000	0.013715	66.67	122.720
34.300000	0.000000	100.00	0.000
34.400000	0.000000	100.00	0.000
34.500000	0.000000	100.00	0.000
34.600000	0.000000	100.00	0.000
34.700000	0.000000	100.00	0.000
34.800000	0.021964	50.00	122.720
34.900000	0.000000	100.00	122.720
35.000000	0.039294	66.67	122.720
35.100000	0.000000	100.00	0.000
35.200000	0.000000	100.00	0.000
35.300000	0.000000	100.00	0.000
35.400000	0.000000	100.00	0.000
35.500000	0.006741	60.00	245.440
35.600000	0.000000	100.00	0.000
35.700000	0.000000	100.00	0.000
35.800000	0.000000	100.00	0.000
35.900000	0.000000	100.00	0.000
36.000000	0.011541	80.00	122.720
36.100000	0.015947	66.67	122.720
36.200000	0.000000	100.00	0.000
36.300000	0.000000	100.00	0.000
36.400000	0.000000	100.00	0.000
36.500000	0.000000	100.00	0.000
36.600000	0.000000	100.00	0.000
36.700000	0.000000	100.00	0.000
36.800000	0.000000	100.00	0.000
36.900000	0.000000	100.00	0.000
37.000000	0.000000	100.00	0.000
37.100000	0.000000	100.00	0.000
37.200000	0.000000	100.00	0.000
37.300000	0.000000	100.00	0.000
37.400000	0.011952	50.00	122.720
37.500000	0.000000	100.00	122.720
37.600000	0.000000	100.00	0.000
37.700000	0.001078	66.67	122.720
37.800000	0.000000	100.00	0.000
37.900000	0.000000	100.00	0.000
38.000000	0.000000	100.00	0.000
38.100000	0.000000	100.00	0.000
38.200000	0.000000	100.00	0.000
38.300000	0.000000	100.00	0.000
38.400000	0.004127	75.00	122.720
38.500000	0.002886	66.67	122.720
38.600000	0.000000	100.00	0.000
38.700000	0.000000	100.00	0.000
38.800000	0.000000	100.00	0.000
38.900000	0.000000	100.00	0.000
39.000000	0.000000	100.00	0.000
39.100000	0.000000	100.00	0.000
39.200000	0.029128	66.67	0.000
39.300000	0.000000	100.00	122.720
39.400000	0.000000	100.00	0.000
39.500000	0.000000	100.00	0.000
39.600000	0.000000	100.00	0.000
39.700000	0.000000	100.00	0.000
39.800000	0.000000	100.00	0.000
39.900000	0.000000	100.00	0.000
40.000000	0.000000	100.00	0.000
40.100000	0.000000	100.00	0.000
40.200000	0.000000	100.00	0.000
40.300000	0.000000	100.00	0.000
40.400000	0.000000	100.00	0.000
40.500000	0.000000	100.00	0.000
40.600000	0.000000	100.00	0.000
40.700000	0.011752	75.00	122.720
40.800000	0.000000	100.00	0.000
40.900000	0.000000	100.00	0.000
41.000000	0.000000	100.00	0.000
41.100000	0.000000	100.00	0.000
41.200000	0.000000	100.00	0.000
41.300000	0.000000	100.00	0.000
41.400000	0.000000	100.00	0.000
41.500000	0.000000	100.00	0.000
41.600000	0.006494	75.00	122.720
41.700000	0.000000	100.00	0.000
41.800000	0.000000	100.00	0.000
41.900000	0.000000	100.00	0.000
42.000000	0.018398	75.00	122.720
42.100000	0.000255	75.00	122.720
42.200000	0.000000	100.00	0.000
42.300000	0.000000	100.00	0.000
42.400000	0.000000	100.00	0.000
42.500000	0.000000	100.00	0.000
42.600000	0.000000	100.00	0.000
42.700000	0.000000	100.00	0.000
42.800000	0.023681	75.00	122.720
42.900000	0.000000	100.00	0.000
43.000000	0.000000	100.00	0.000
43.100000	0.000000	100.00	0.000
43.200000	0.000000	100.00	0.000
43.300000	0.000000	100.00	0.000
43.400000	0.000000	100.00	0.000
43.500000	0.002000	50.00	245.440
43.600000	0.000000	100.00	0.000
43.700000	0.000000	100.00	0.000
43.800000	0.000000	100.00	0.000
43.900000	0.000000	100.00	0.000
44.000000	0.000000	100.00	0.000
44.100000	0.000000	100.00	0.000
44.200000	0.000000	100.00	0.000
44.300000	0.000000	100.00	0.000
44.400000	0.000000	100.00	0.000
44.500000	0.000000	100.00	0.000
44.600000	0.000000	100.00	0.000
44.700000	0.000000	100.00	0.000
44.800000	0.000000	100.00	0.000
44.900000	0.000000	100.00	0.000
45.000000	0.000000	100.00	0.000
45.100000	0.000000	100.00	0.000
45.200000	0.000000	100.00	0.000
45.300000	0.000000	100.00	0.000
45.400000	0.000000	100.00	0.000
45.500000	0.000000	100.00	0.000
45.600000	0.000000	100.00	0.000
45.700000	0.000000	100.00	0.000
45.800000	0.000000	100.00	0.000
45.900000	0.000000	100.00	0.000
46.000000	0.000000	100.00	0.000
46.100000	0.000000	100.00	0.000
46.200000	0.000000	100.00	0.000
46.300000	0.000000	100.00	0.000
46.400000	0.000000	100.00	0.000
46.500000	0.000000	100.00	0.000
46.600000	0.000000	100.00	0.000
46.700000	0.000000	100.00	0.000
46.800000	0.000000	100.00	0.000
46.900000	0.000000	100.00	0.000
47.000000	0.000000	100.00	0.000
47.100000	0.000000	100.00	0.000
47.200000	0.000000	100.00	0.000
47.300000	0.000000	100.00	0.000
47.400000	0.000000	100.00	0.000
47.500000	0.000000	100.00	0.000
47.600000	0.000000	100.00	0.000
47.700000	0.000000	100.00	0.000
47.800000	0.000000	100.00	0.000
47.900000	0.000000	100.00	0.000
48.000000	0.000000	100.00	0.000
48.100000	0.000000	100.00	0.000
48.200000	0.004466	66.67	122.720
48.300000	0.000000	100.00	0.000
48.400000	0.000000	100.00	0.000
48.500000	0.000000	100.00	0.000
48.600000	0.034203	66.67	0.000
48.700000	0.000000	100.00	122.720
48.800000	0.000000	100.00	0.000
48.900000	0.000000	100.00	0.000
49.000000	0.000000	100.00	0.000
49.100000	0.000255	80.00	122.720
49.200000	0.000000	100.00	0.000
49.300000	0.000000	100.00	0.000
49.400000	0.000000	100.00	0.000
49.500000	0.000000	100.00	0.000
49.600000	0.000000	100.00	0.000
49.700000	0.000000	100.00	0.000
49.800000	0.000000	100.00	0.000
49.900000	0.000000	100.00	0.000
50.000000	0.000000	100.00	0.000
50.100000	0.000000	100.00	0.000
50.200000	0.000000	100.00	0.000
50.300000	0.000000	100.00	0.000
50.400000	0.000000	100.00	0.000
50.500000	0.000000	100.00	0.000
50.600000	0.000000	100.00	0.000
50.700000	0.000000	100.00	0.000
50.800000	0.000000	100.00	0.000
50.900000	0.000000	100.00	0.000
51.000000	0.000000	100.00	0.000
51.100000	0.000000	100.00	0.000
51.200000	0.000000	100.00	0.000
51.300000	0.000000	100.00	0.000
51.400000	0.000000	100.00	0.000
51.500000	0.000000	100.00	0.000
51.600000	0.000000	100.00	0.000
51.700000	0.000000	100.00	0.000
51.800000	0.000000	100.00	0.000
51.900000	0.000000	100.00	0.000
52.000000	0.000000	100.00	0.000
52.100000	0.000000	100.00	0.000
52.200000	0.000000	100.00	0.000
52.300000	0.000000	100.00	0.000
52.400000	0.000000	100.00	0.000
52.500000	0.000000	100.00	0.000
52.600000	0.000000	100.00	0.000
52.700000	0.000000	100.00	0.000
52.800000	0.000000	100.00	0.000
52.900000	0.000000	100.00	0.000
53.000000	0.000000	100.00	0.000
53.100000	0.000000	100.00	0.000
53.200000	0.000000	100.00	0.000
53.300000	0.000000	100.00	0.000
53.400000	0.000000	100.00	0.000
53.500000	0.000000	100.00	0.000
53.600000	0.000000	100.00	0.000
53.700000	0.000000	100.00	0.000
53.800000	0.000000	100.00	0.000
53.900000	0.000000	100.00	0.000
54.000000	0.000000	100.00	0.000
54.100000	0.000000	100.00	0.000
54.200000	0.000000	100.00	0.000
54.300000	0.000000	100.00	0.000
54.400000	0.000000	100.00	0.000
54.500000	0.000000	100.00	0.000
54.600000	0.000000	100.00	0.000
54.700000	0.000000	100.00	0.000
54.800000	0.000000	100.00	0.000
54.900000	0.000000	100.00	0.000
55.000000	0.000000	100.00	0.000
55.100000	0.001378	75.00	122.720
55.200000	0.000000	100.00	0.000
55.300000	0.000000	100.00	0.000
55.400000	0.000000	100.00	0.000
55.500000	0.000000	100.00	0.000
55.600000	0.000000	100.00	0.000
55.700000	0.003083	80.00	122.720
55.800000	0.000000	100.00	0.000
55.900000	0.000000	100.00	0.000
56.000000	0.000000	100.00	0.000
56.100000	0.000000	100.00	0.000
56.200000	0.003707	80.00	122.720
56.300000	0.000000	100.00	0.000
56.400000	0.000000	100.00	0.000
56.500000	0.000000	100.00	0.000
56.600000	0.000000	100.00	0.000
56.700000	0.000000	100.00	0.000
56.800000	0.000000	100.00	0.000
56.900000	0.000000	100.00	0.000
57.000000	0.000000	100.00	0.000
57.100000	0.000000	100.00	0.000
57.200000	0.000000	100.00	0.000
57.300000	0.000000	100.00	0.000
57.400000	0.000000	100.00	0.000
57.500000	0.000000	100.00	0.000
57.600000	0.000000	100.00	0.000
57.700000	0.000000	100.00	0.000
57.800000	0.000000	100.00	0.000
57.900000	0.000000	100.00	0.000
58.000000	0.000000	100.00	0.000
58.100000	0.004470	66.67	122.720
58.200000	0.013318	80.00	0.000
58.300000	0.000000	100.00	122.720
58.400000	0.000254	75.00	122.720
58.500000	0.000000	100.00	0.000
58.600000	0.000000	100.00	0.000
58.700000	0.000000	100.00	0.000
58.800000	0.005712	66.67	122.720
58.900000	0.007703	80.00	122.720
59.000000	0.000000	100.00	0.000
59.100000	0.000000	100.00	0.000
59.200000	0.000000	100.00	0.000
59.300000	0.000000	100.00	0.000
59.400000	0.000000	100.00	0.000
59.500000	0.000000	100.00	0.000
59.600000	0.000000	100.00	0.000
59.700000	0.000000	100.00	0.000
59.800000	0.014551	66.67	122.720
59.900000	0.000000	100.00	0.000
60.000000	0.000000	100.00	0.000
60.100000	0.000000	100.00	0.000
60.200000	0.000254	75.00	122.720
60.300000	0.000000	100.00	0.000
60.400000	0.000000	100.00	0.000
60.500000	0.000000	100.00	0.000
60.600000	0.005607	80.00	122.720
60.700000	0.000000	100.00	0.000
60.800000	0.000000	100.00	0.000
60.900000	0.000000	100.00	0.000
61.000000	0.002955	75.00	122.720
61.100000	0.000000	100.00	0.000
61.200000	0.036843	75.00	122.720
61.300000	0.000000	100.00	0.000
61.400000	0.000000	100.00	0.000
61.500000	0.013232	60.00	245.440
61.600000	0.000255	66.67	122.720
61.700000	0.000000	100.00	0.000
61.800000	0.000000	100.00	0.000
61.900000	0.000000	100.00	0.000
62.000000	0.000000	100.00	0.000
62.100000	0.000000	100.00	0.000
62.200000	0.000000	100.00	0.000
62.300000	0.000000	100.00	0.000
62.400000	0.000000	100.00	0.000
62.500000	0.000000	100.00	0.000
62.600000	0.000000	100.00	0.000
62.700000	0.000000	100.00	0.000
62.800000	0.009068	75.00	122.720
62.900000	0.002060	50.00	122.720
63.000000	0.002742	75.00	245.440
63.100000	0.002062	80.00	122.720
63.200000	0.032252	80.00	122.720
63.300000	0.000000	100.00	0.000
63.400000	0.005859	66.67	122.720
63.500000	0.000000	100.00	0.000
63.600000	0.000000	100.00	0.000
63.700000	0.000000	100.00	0.000
63.800000	0.019436	75.00	122.720
63.900000	0.000000	100.00	0.000
64.000000	0.031940	75.00	0.000
64.100000	0.000000	100.00	122.720
64.200000	0.000000	100.00	0.000
64.300000	0.018522	80.00	122.720
64.400000	0.000000	100.00	0.000
64.500000	0.000000	100.00	0.000
64.600000	0.000000	100.00	0.000
64.700000	0.004150	60.00	245.440
64.800000	0.003346	75.00	122.720
64.900000	0.000000	100.00	0.000
65.000000	0.000000	100.00	0.000
65.100000	0.000000	100.00	0.000
65.200000	0.000000	100.00	0.000
65.300000	0.000000	100.00	0.000
65.400000	0.023542	66.67	122.720
65.500000	0.001498	75.00	122.720
65.600000	0.010874	75.00	122.720
65.700000	0.000254	75.00	122.720
65.800000	0.019559	50.00	122.720
65.900000	0.000254	66.67	245.440
66.000000	0.002718	33.33	245.440
66.100000	0.000000	100.00	0.000
66.200000	0.000000	100.00	0.000
66.300000	0.005239	66.67	0.000
66.400000	0.004646	75.00	245.440
66.500000	0.000000	100.00	0.000
66.600000	0.008970	75.00	122.720
66.700000	0.000577	60.00	245.440
66.800000	0.020848	75.00	0.000
66.900000	0.000000	100.00	122.720
67.000000	0.007503	80.00	122.720
67.100000	0.000255	75.00	122.720
67.200000	0.004950	80.00	122.720
67.300000	0.001729	40.00	368.160
67.400000	0.010714	75.00	122.720
67.500000	0.011506	40.00	245.440
67.600000	0.000000	100.00	122.720
67.700000	0.000000	100.00	0.000
67.800000	0.000000	100.00	0.000
67.900000	0.000000	100.00	0.000
68.000000	0.000254	75.00	122.720
68.100000	0.007279	33.33	368.160
68.200000	0.021389	50.00	368.160
68.300000	0.000000	100.00	0.000
68.400000	0.000727	50.00	245.440
68.500000	0.006703	42.86	490.880
68.600000	0.005478	60.00	245.440
68.700000	0.000000	100.00	0.000
68.800000	0.001358	66.67	122.720
68.900000	0.002182	75.00	122.720
69.000000	0.009703	75.00	122.720
69.100000	0.033305	75.00	0.000
69.200000	0.005130	75.00	245.440
69.300000	0.003244	40.00	368.160
69.400000	0.000000	100.00	0.000
69.500000	0.025074	66.67	122.720
69.600000	0.009549	25.00	245.440
69.700000	0.022423	50.00	368.160
69.800000	0.034566	33.33	245.440
69.900000	0.002395	20.00	490.880
70.000000	0.009051	66.67	122.720
70.100000	0.000776	50.00	245.440
70.200000	0.027044	66.67	122.720
70.300000	0.008791	28.57	490.880
70.400000	0.003861	50.00	368.160
70.500000	0.000000	100.00	0.000
70.600000	0.021311	60.00	245.440
70.700000	0.001536	50.00	368.160
70.800000	0.001631	80.00	122.720
70.900000	0.010409	25.00	368.160
71.000000	0.000000	100.00	0.000
71.100000	0.010457	60.00	122.720
71.200000	0.025266	66.67	245.440
71.300000	0.005386	60.00	245.440
71.400000	0.000000	100.00	0.000
71.500000	0.005815	40.00	245.440
71.600000	0.000000	100.00	122.720
71.700000	0.000000	100.00	0.000
71.800000	0.005984	50.00	245.440
71.900000	0.010150	40.00	490.880
72.000000	0.001813	50.00	368.160
72.100000	0.030773	50.00	245.440
72.200000	0.001218	60.00	245.440
72.300000	0.000000	100.00	0.000
72.400000	0.001840	60.00	245.440
72.500000	0.000000	100.00	0.000
72.600000	0.000000	100.00	0.000
72.700000	0.000000	100.00	0.000
72.800000	0.004101	50.00	368.160
72.900000	0.027505	66.67	122.720
73.000000	0.001494	60.00	245.440
73.100000	0.003827	75.00	122.720
73.200000	0.000000	100.00	0.000
73.300000	0.003746	75.00	122.720
73.400000	0.004775	50.00	245.440
73.500000	0.003327	42.86	490.880
73.600000	0.006072	50.00	368.160
73.700000	0.030139	33.33	122.720
73.800000	0.010233	50.00	245.440
73.900000	0.012391	50.00	368.160
74.000000	0.016096	50.00	245.440
74.100000	0.001699	57.14	368.160
74.200000	0.004071	50.00	245.440
74.300000	0.007262	80.00	122.720
74.400000	0.020251	66.67	122.720
74.500000	0.000000	100.00	0.000
74.600000	0.000000	100.00	0.000
74.700000	0.009413	33.33	490.880
74.800000	0.009926	50.00	122.720
74.900000	0.005546	50.00	490.880
75.000000	0.002262	75.00	122.720
75.100000	0.003453	42.86	490.880
75.200000	0.006373	60.00	245.440
75.300000	0.003815	15.38	1349.920
75.400000	0.019367	50.00	245.440
75.500000	0.004236	20.00	981.760
75.600000	0.008262	40.00	245.440
75.700000	0.008185	60.00	368.160
75.800000	0.006709	25.00	613.600
75.900000	0.005724	50.00	490.880
76.000000	0.000000	100.00	0.000
76.100000	0.008615	0.00	1104.480
76.200000	0.001422	33.33	859.040
76.300000	0.006786	50.00	245.440
76.400000	0.006326	25.00	736.320
76.500000	0.017854	25.00	245.440
76.600000	0.010349	50.00	368.160
76.700000	0.013449	66.67	245.440
76.800000	0.005893	50.00	245.440
76.900000	0.004343	10.00	981.760
77.000000	0.009910	75.00	245.440
77.100000	0.014082	16.67	613.600
77.200000	0.010365	40.00	245.440
77.300000	0.005988	22.22	859.040
77.400000	0.006453	11.11	981.760
77.500000	0.003019	28.57	736.320
77.600000	0.004514	12.50	736.320
77.700000	0.005366	20.00	1104.480
77.800000	0.001590	28.57	1227.200
77.900000	0.006207	33.33	490.880
78.000000	0.003924	11.11	981.760
78.100000	0.002612	33.33	490.880
78.200000	0.006518	0.00	1104.480
78.300000	0.010723	33.33	490.880
78.400000	0.011099	16.67	613.600
78.500000	0.003168	23.08	1349.920
78.600000	0.002151	14.29	1472.640
78.700000	0.004656	6.25	1718.080
78.800000	0.003554	7.69	1472.640
78.900000	0.003342	14.29	1595.360
79.000000	0.003532	9.09	1104.480
79.100000	0.009673	0.00	1227.200
79.200000	0.003658	7.69	1595.360
79.300000	0.008353	11.11	981.760
79.400000	0.009933	0.00	859.040
79.500000	0.004253	40.00	490.880
79.600000	0.003153	6.25	1840.800
79.700000	0.007947	16.67	490.880
79.800000	0.003117	16.67	1227.200
79.900000	0.002034	42.86	613.600
80.000000	0.010687	20.00	490.880
80.100000	0.006378	8.33	1227.200
80.200000	0.005481	7.14	1718.080
80.300000	0.006265	8.33	1227.200
80.400000	0.009165	12.50	981.760
80.500000	0.003798	10.00	981.760
80.600000	0.002701	18.18	1227.200
80.700000	0.004009	5.56	1963.520
80.800000	0.014189	16.67	613.600
80.900000	0.001097	11.11	1104.480
81.000000	0.004426	37.50	613.600
81.100000	0.001513	28.57	613.600
81.200000	0.004436	7.14	1472.640
81.300000	0.001949	14.29	1472.640
81.400000	0.003460	13.33	1595.360
81.500000	0.003804	4.35	2822.560
81.600000	0.005119	9.09	1104.480
81.700000	0.004558	5.88	2086.240
81.800000	0.008576	0.00	736.320
81.900000	0.004278	0.00	2577.120
82.000000	0.004307	0.00	2945.280
82.100000	0.004951	0.00	2086.240
82.200000	0.004083	0.00	2822.560
82.300000	0.004769	0.00	2454.400
82.400000	0.009793	12.50	859.040
82.500000	0.003952	5.56	2208.960
82.600000	0.004919	0.00	2208.960
82.700000	0.003037	10.00	2331.680
82.800000	0.002733	0.00	2699.840
82.900000	0.003462	0.00	4172.480
83.000000	0.003374	10.00	1227.200
83.100000	0.002466	5.56	1963.520
83.200000	0.003218	0.00	3804.320
83.300000	0.003261	7.14	1595.360
83.400000	0.002254	3.33	3558.880
83.500000	0.002228	4.00	3068.000
83.600000	0.002281	0.00	4295.200
83.700000	0.006929	0.00	1595.360
83.800000	0.002142	0.00	5154.240
83.900000	0.001819	2.63	4540.640
84.000000	0.007327	0.00	1595.360
84.100000	0.003548	0.00	3190.720
84.200000	0.002772	0.00	4540.640
84.300000	0.001413	0.00	6504.160
84.400000	0.002390	3.45	3436.160
84.500000	0.002353	0.00	4295.200
84.600000	0.002025	3.70	3190.720
84.700000	0.002637	0.00	3804.320
84.800000	0.005503	0.00	2454.400
84.900000	0.002130	0.00	3927.040
85.000000	0.001787	0.00	5645.120
85.100000	0.002380	0.00	4786.080
85.200000	0.001535	0.00	6013.280
85.300000	0.002719	0.00	3681.600
85.400000	0.003392	0.00	3436.160
85.500000	0.002999	0.00	3558.880
85.600000	0.004535	0.00	2454.400
85.700000	0.004584	7.14	1595.360
85.800000	0.002094	0.00	5522.400
85.900000	0.001195	0.00	7240.480
86.000000	0.002087	0.00	5031.520
86.100000	0.001345	0.00	7240.480
86.200000	0.001803	3.85	3190.720
86.300000	0.001321	0.00	6258.720
86.400000	0.001786	0.00	6136.000
86.500000	0.001821	0.00	5645.120
86.600000	0.001661	0.00	5767.840
86.700000	0.001488	0.00	6504.160
86.800000	0.002621	0.00	3927.040
86.900000	0.001418	0.00	6504.160
87.000000	0.001513	0.00	4663.360
87.100000	0.000937	0.00	9081.280
87.200000	0.001024	0.00	8835.840
87.300000	0.001034	0.00	7976.800
87.400000	0.001345	0.00	6995.040
87.500000	0.001264	0.00	7240.480
87.600000	0.001700	0.00	5767.840
87.700000	0.001029	0.00	8467.680
87.800000	0.000934	0.00	9694.880
87.900000	0.001273	0.00	6872.320
88.000000	0.001289	0.00	6872.320
88.100000	0.001512	0.00	6013.280
88.200000	0.001994	0.00	5031.520
88.300000	0.001619	0.00	5522.400
88.400000	0.001511	0.00	6381.440
88.500000	0.002025	0.00	4663.360
88.600000	0.001540	0.00	6136.000
88.700000	0.000556	0.00	13867.360
88.800000	0.001092	0.00	8222.240
88.900000	0.000993	0.00	8467.680
89.000000	0.001396	0.00	6381.440
89.100000	0.001163	0.00	7854.080
89.200000	0.001202	0.00	7240.480
89.300000	0.001633	0.00	5522.400
89.400000	0.001140	0.00	8222.240
89.500000	0.000728	0.00	10431.200
89.600000	0.002406	0.00	4295.200
89.700000	0.000816	0.00	9694.880
89.800000	0.000969	0.00	7976.800
89.900000	0.000677	0.00	10676.640
90.000000	0.000979	0.00	8344.960
90.100000	0.000641	0.00	10922.080
90.200000	0.000784	0.00	9817.600
90.300000	0.000868	0.00	9081.280
90.400000	0.000813	0.00	9449.440
90.500000	0.000991	0.00	8467.680
90.600000	0.000865	0.00	9081.280
90.700000	0.001067	0.00	8467.680
90.800000	0.000747	0.00	8835.840
90.900000	0.000673	0.00	11167.520
91.000000	0.000926	0.00	8099.520
91.100000	0.000732	0.00	9572.160
91.200000	0.000717	0.00	9940.320
91.300000	0.001346	0.00	6749.600
91.400000	0.000693	0.00	10308.480
91.500000	0.001098	0.00	8590.400
91.600000	0.000618	0.00	9204.000
91.700000	0.000523	0.00	11903.840
91.800000	0.000605	0.00	10799.360
91.900000	0.000497	0.00	12026.560
92.000000	0.000605	0.00	11044.800
92.100000	0.000473	0.00	14112.800
92.200000	0.000487	0.00	11903.840
92.300000	0.000639	0.00	10308.480
92.400000	0.000416	0.00	12885.600
92.500000	0.000691	0.00	9817.600
92.600000	0.000671	0.00	10431.200
92.700000	0.000656	0.00	10553.920
92.800000	0.000582	0.00	10799.360
92.900000	0.000559	0.00	11658.400
93.000000	0.000529	0.00	12885.600
93.100000	0.000506	0.00	10922.080
93.200000	0.000454	0.00	13621.920
93.300000	0.000426	0.00	12762.880
93.400000	0.000611	0.00	11167.520
93.500000	0.000450	0.00	12517.440
93.600000	0.000453	0.00	12394.720
93.700000	0.000481	0.00	12762.880
93.800000	0.000461	0.00	12149.280
93.900000	0.000784	0.00	9449.440
94.000000	0.000519	0.00	11781.120
94.100000	0.000437	0.00	11658.400
94.200000	0.000434	0.00	12272.000
94.300000	0.000424	0.00	13499.200
94.400000	0.000488	0.00	12640.160
94.500000	0.000625	0.00	10799.360
94.600000	0.000491	0.00	12026.560
94.700000	0.000469	0.00	10922.080
94.800000	0.000437	0.00	12885.600
94.900000	0.000545	0.00	10553.920
95.000000	0.000678	0.00	10063.040
95.100000	0.000428	0.00	13621.920
95.200000	0.000501	0.00	11044.800
95.300000	0.000379	0.00	13744.640
95.400000	0.000486	0.00	11290.240
95.500000	0.000484	0.00	11781.120
95.600000	0.000316	0.00	14603.680
95.700000	0.000569	0.00	11167.520
95.800000	0.000392	0.00	12885.600
95.900000	0.000358	0.00	13621.920
96.000000	0.000457	0.00	12517.440
96.100000	0.000410	0.00	14235.520
96.200000	0.000374	0.00	13253.760
96.300000	0.000478	0.00	11412.960
96.400000	0.000387	0.00	13008.320
96.500000	0.000449	0.00	12885.600
96.600000	0.000401	0.00	11903.840
96.700000	0.000347	0.00	14358.240
96.800000	0.000477	0.00	12149.280
96.900000	0.000410	0.00	12394.720
97.000000	0.000422	0.00	12272.000
97.100000	0.000392	0.00	13253.760
97.200000	0.000557	0.00	11167.520
97.300000	0.000452	0.00	13376.480
97.400000	0.000445	0.00	12762.880
97.500000	0.000434	0.00	12762.880
97.600000	0.000344	0.00	13990.080
97.700000	0.000345	0.00	13867.360
97.800000	0.000368	0.00	14358.240
97.900000	0.000416	0.00	13131.040
98.000000	0.000417	0.00	13990.080
98.100000	0.000371	0.00	12885.600
98.200000	0.000448	0.00	12149.280
98.300000	0.000458	0.00	12885.600
98.400000	0.000456	0.00	13008.320
98.500000	0.000396	0.00	13376.480
98.600000	0.000341	0.00	13990.080
98.700000	0.000432	0.00	13131.040
98.800000	0.000368	0.00	13376.480
98.900000	0.000452	0.00	12272.000
99.000000	0.000361	0.00	13990.080
99.100000	0.000374	0.00	13867.360
99.200000	0.000385	0.00	13621.920
