start, delay, loss random, rate
0.000000	0.000263	0.00	24053.120
0.050000	0.000254	0.00	24544.000
0.100000	0.000254	0.00	24544.000
0.150000	0.000254	0.00	24789.440
0.200000	0.000254	0.00	24298.560
0.250000	0.000254	0.00	25034.880
0.300000	0.000254	0.00	24789.440
0.350000	0.000254	0.00	23562.240
0.400000	0.000254	0.00	24053.120
0.450000	0.000254	0.00	24053.120
0.500000	0.000254	0.00	24544.000
0.550000	0.000254	0.00	25280.320
0.600000	0.000254	0.00	24053.120
0.650000	0.000254	0.00	25280.320
0.700000	0.000261	0.00	24298.560
0.750000	0.000254	0.00	24544.000
0.800000	0.000264	0.00	23807.680
0.850000	0.000254	0.00	24544.000
0.900000	0.000254	0.00	25034.880
0.950000	0.000277	0.00	23316.800
1.000000	0.000254	0.00	24789.440
1.050000	0.000254	0.00	25280.320
1.100000	0.000254	0.00	23562.240
1.150000	0.000374	0.00	12272.000
1.200000	0.000487	0.00	11290.240
1.250000	0.000463	0.00	12272.000
1.300000	0.000394	0.00	13499.200
1.350000	0.000410	0.00	13008.320
1.400000	0.000516	0.00	11535.680
1.450000	0.000692	0.00	10553.920
1.500000	0.000476	0.00	12026.560
1.550000	0.000488	0.00	11535.680
1.600000	0.000425	0.00	13499.200
1.650000	0.000272	0.00	14235.520
1.700000	0.000467	0.00	12026.560
1.750000	0.000393	0.00	13990.080
1.800000	0.000494	0.00	12026.560
1.850000	0.000398	0.00	13008.320
1.900000	0.000354	0.00	14726.400
1.950000	0.000431	0.00	13499.200
2.000000	0.000590	0.00	10799.360
2.050000	0.000496	0.00	11290.240
2.100000	0.000645	0.00	10063.040
2.150000	0.000429	0.00	13990.080
2.200000	0.000611	0.00	10799.360
2.250000	0.000494	0.00	11535.680
2.300000	0.000464	0.00	11290.240
2.350000	0.000552	0.00	10799.360
2.400000	0.000525	0.00	12517.440
2.450000	0.000477	0.00	12762.880
2.500000	0.000393	0.00	13744.640
2.550000	0.000422	0.00	13499.200
2.600000	0.000528	0.00	10063.040
2.650000	0.000433	0.00	12762.880
2.700000	0.000796	0.00	9572.160
2.750000	0.000387	0.00	12762.880
2.800000	0.000525	0.00	10799.360
2.850000	0.000426	0.00	13008.320
2.900000	0.000395	0.00	14235.520
2.950000	0.000488	0.00	12517.440
3.000000	0.000694	0.00	10063.040
3.050000	0.000469	0.00	12762.880
3.100000	0.000418	0.00	13744.640
3.150000	0.000666	0.00	9817.600
3.200000	0.000419	0.00	12762.880
3.250000	0.000495	0.00	11781.120
3.300000	0.000397	0.00	11781.120
3.350000	0.000503	0.00	11044.800
3.400000	0.000368	0.00	13008.320
3.450000	0.000540	0.00	10799.360
3.500000	0.000407	0.00	12517.440
3.550000	0.000365	0.00	14235.520
3.600000	0.000368	0.00	12762.880
3.650000	0.000370	0.00	13499.200
3.700000	0.000448	0.00	13008.320
3.750000	0.000415	0.00	13744.640
3.800000	0.000561	0.00	11535.680
3.850000	0.000682	0.00	10553.920
3.900000	0.000533	0.00	11781.120
3.950000	0.000460	0.00	10799.360
4.000000	0.000950	0.00	9081.280
4.050000	0.000378	0.00	13499.200
4.100000	0.000846	0.00	9326.720
4.150000	0.000767	0.00	9572.160
4.200000	0.000477	0.00	12762.880
4.250000	0.000407	0.00	13253.760
4.300000	0.000536	0.00	11535.680
4.350000	0.000656	0.00	11290.240
4.400000	0.000422	0.00	13744.640
4.450000	0.000474	0.00	12026.560
4.500000	0.000595	0.00	11535.680
4.550000	0.000818	0.00	8344.960
4.600000	0.000869	0.00	8099.520
4.650000	0.000480	0.00	13008.320
4.700000	0.000523	0.00	11781.120
4.750000	0.000320	0.00	14726.400
4.800000	0.000589	0.00	11044.800
4.850000	0.000702	0.00	9817.600
4.900000	0.001015	0.00	7854.080
4.950000	0.000440	0.00	13253.760
5.000000	0.000639	0.00	9572.160
5.050000	0.000383	0.00	13008.320
5.100000	0.001047	0.00	7363.200
5.150000	0.000511	0.00	11290.240
5.200000	0.000621	0.00	11044.800
5.250000	0.000461	0.00	13008.320
5.300000	0.000400	0.00	12272.000
5.350000	0.000564	0.00	11290.240
5.400000	0.000406	0.00	12026.560
5.450000	0.000463	0.00	12517.440
5.500000	0.000427	0.00	12762.880
5.550000	0.000741	0.00	9817.600
5.600000	0.000558	0.00	13008.320
5.650000	0.000769	0.00	10063.040
5.700000	0.000700	0.00	9817.600
5.750000	0.000493	0.00	11781.120
5.800000	0.001935	0.00	4663.360
5.850000	0.000470	0.00	12762.880
5.900000	0.000451	0.00	12272.000
5.950000	0.000554	0.00	11044.800
6.000000	0.000695	0.00	10553.920
6.050000	0.000711	0.00	10553.920
6.100000	0.000893	0.00	8835.840
6.150000	0.000786	0.00	9081.280
6.200000	0.001057	0.00	7854.080
6.250000	0.000897	0.00	8344.960
6.300000	0.000745	0.00	9326.720
6.350000	0.000631	0.00	10799.360
6.400000	0.000692	0.00	10553.920
6.450000	0.000727	0.00	10063.040
6.500000	0.000469	0.00	12026.560
6.550000	0.001113	0.00	9572.160
6.600000	0.000527	0.00	10308.480
6.650000	0.000923	0.00	7854.080
6.700000	0.001022	0.00	8099.520
6.750000	0.000357	0.00	15217.280
6.800000	0.000772	0.00	10063.040
6.850000	0.000942	0.00	8099.520
6.900000	0.000889	0.00	14480.960
6.950000	0.000859	0.00	4908.800
7.000000	0.001159	0.00	7117.760
7.050000	0.000529	0.00	14480.960
7.100000	0.000728	0.00	9081.280
7.150000	0.000661	0.00	10063.040
7.200000	0.000672	0.00	10063.040
7.250000	0.000603	0.00	10799.360
7.300000	0.000584	0.00	11290.240
7.350000	0.000707	0.00	10308.480
7.400000	0.000888	0.00	8835.840
7.450000	0.000603	0.00	11781.120
7.500000	0.001043	0.00	7854.080
7.550000	0.000780	0.00	9817.600
7.600000	0.000848	0.00	8835.840
7.650000	0.001065	0.00	7854.080
7.700000	0.000938	0.00	7854.080
7.750000	0.000768	0.00	9817.600
7.800000	0.000863	0.00	9572.160
7.850000	0.000817	0.00	9572.160
7.900000	0.000992	3.12	7608.640
7.950000	0.000677	0.00	2454.400
8.000000	0.000580	0.00	12026.560
8.050000	0.001051	0.00	8835.840
8.100000	0.000850	0.00	9572.160
8.150000	0.001009	0.00	7854.080
8.200000	0.002528	0.00	3927.040
8.250000	0.000784	0.00	10308.480
8.300000	0.001297	0.00	6872.320
8.350000	0.000914	0.00	8099.520
8.400000	0.000794	0.00	9081.280
8.450000	0.000632	0.00	10799.360
8.500000	0.000976	0.00	8099.520
8.550000	0.000777	0.00	9081.280
8.600000	0.001118	0.00	8590.400
8.650000	0.001494	0.00	6381.440
8.700000	0.000890	0.00	9817.600
8.750000	0.000857	0.00	10553.920
8.800000	0.001659	0.00	7854.080
8.850000	0.000785	0.00	7117.760
8.900000	0.003585	0.00	3927.040
8.950000	0.001103	0.00	4908.800
9.000000	0.001199	0.00	8835.840
9.050000	0.002048	0.00	3436.160
9.100000	0.001187	0.00	7608.640
9.150000	0.001506	0.00	9326.720
9.200000	0.001045	0.00	4908.800
9.250000	0.001062	0.00	7608.640
9.300000	0.001008	0.00	8099.520
9.350000	0.000917	0.00	8835.840
9.400000	0.001979	0.00	5154.240
9.450000	0.001507	0.00	6381.440
9.500000	0.001689	0.00	5890.560
9.550000	0.002768	0.00	3681.600
9.600000	0.002043	0.00	6381.440
9.650000	0.001857	0.00	3436.160
9.700000	0.002538	0.00	5154.240
9.750000	0.001878	0.00	4172.480
9.800000	0.001996	0.00	5154.240
9.850000	0.001261	0.00	7854.080
9.900000	0.001664	0.00	5154.240
9.950000	0.003239	0.00	3436.160
10.000000	0.002089	12.50	1472.640
10.050000	0.001084	0.00	6872.320
10.100000	0.005695	0.00	2945.280
10.150000	0.000717	5.56	4417.920
10.200000	0.000000	0.00	0.000
10.250000	0.000000	0.00	0.000
10.300000	0.002554	0.00	4172.480
10.350000	0.001512	0.00	7117.760
10.400000	0.001680	0.00	5399.680
10.450000	0.002013	0.00	5154.240
10.500000	0.001096	0.00	8099.520
10.550000	0.002258	0.00	4908.800
10.600000	0.001262	0.00	8099.520
10.650000	0.001683	0.00	5645.120
10.700000	0.001971	0.00	5399.680
10.750000	0.000879	0.00	10063.040
10.800000	0.001250	0.00	7854.080
10.850000	0.001292	0.00	7608.640
10.900000	0.001051	0.00	10553.920
10.950000	0.001930	0.00	4663.360
11.000000	0.001844	0.00	5645.120
11.050000	0.001341	0.00	6381.440
11.100000	0.002471	0.00	4417.920
11.150000	0.001193	0.00	8344.960
11.200000	0.001968	0.00	5154.240
11.250000	0.001218	0.00	10063.040
11.300000	0.001037	0.00	6381.440
11.350000	0.001752	0.00	5399.680
11.400000	0.006212	0.00	1963.520
11.450000	0.001028	0.00	7854.080
11.500000	0.003594	0.00	3927.040
11.550000	0.000813	0.00	7363.200
11.600000	0.006459	0.00	2208.960
11.650000	0.001094	0.00	7117.760
11.700000	0.001582	0.00	5645.120
11.750000	0.001571	0.00	6872.320
11.800000	0.001300	0.00	7854.080
11.850000	0.001757	5.88	4172.480
11.900000	0.009570	0.00	0.000
11.950000	0.001471	0.00	5890.560
12.000000	0.002155	20.00	981.760
12.050000	0.000675	7.14	3436.160
12.100000	0.003441	0.00	3436.160
12.150000	0.000811	0.00	4663.360
12.200000	0.009853	0.00	1227.200
12.250000	0.002412	0.00	9572.160
12.300000	0.000000	0.00	0.000
12.350000	0.002852	0.00	5399.680
12.400000	0.004296	0.00	2454.400
12.450000	0.001126	0.00	3927.040
12.500000	0.001285	0.00	8099.520
12.550000	0.003277	0.00	3927.040
12.600000	0.000888	6.67	3681.600
12.650000	0.048079	0.00	0.000
12.700000	0.003920	0.00	2454.400
12.750000	0.000760	3.70	6626.880
12.800000	0.001538	33.33	490.880
12.850000	0.000000	0.00	0.000
12.900000	0.002279	0.00	4172.480
12.950000	0.001921	0.00	5890.560
13.000000	0.002853	0.00	4908.800
13.050000	0.003095	12.50	1963.520
13.100000	0.001776	0.00	2699.840
13.150000	0.001971	0.00	4663.360
13.200000	0.000813	6.25	3927.040
13.250000	0.001468	0.00	6136.000
13.300000	0.002627	0.00	4417.920
13.350000	0.002067	0.00	4417.920
13.400000	0.002762	0.00	3927.040
13.450000	0.031045	0.00	490.880
13.500000	0.002825	0.00	2945.280
13.550000	0.026201	0.00	490.880
13.600000	0.004579	0.00	2454.400
13.650000	0.003939	0.00	3681.600
13.700000	0.002247	6.67	3436.160
13.750000	0.001581	0.00	4417.920
13.800000	0.001473	0.00	7117.760
13.850000	0.001193	0.00	8099.520
13.900000	0.001220	0.00	7854.080
13.950000	0.005564	0.00	3927.040
14.000000	0.001363	0.00	981.760
14.050000	0.002003	6.67	3681.600
14.100000	0.007405	0.00	245.440
14.150000	0.007613	0.00	1963.520
14.200000	0.006302	0.00	1227.200
14.250000	0.004955	0.00	2454.400
14.300000	0.003147	0.00	3436.160
14.350000	0.024729	0.00	245.440
14.400000	0.010886	0.00	1227.200
14.450000	0.001463	0.00	6381.440
14.500000	0.003883	33.33	736.320
14.550000	0.005173	0.00	981.760
14.600000	0.001835	8.33	2945.280
14.650000	0.013267	0.00	736.320
14.700000	0.000899	50.00	490.880
14.750000	0.004637	0.00	1472.640
14.800000	0.001833	4.76	4908.800
14.850000	0.000254	33.33	490.880
14.900000	0.002495	16.67	981.760
14.950000	0.001883	0.00	5645.120
15.000000	0.002533	0.00	5154.240
15.050000	0.001751	0.00	4908.800
15.100000	0.002011	9.09	2699.840
15.150000	0.007423	0.00	2208.960
15.200000	0.003194	0.00	245.440
15.250000	0.007892	0.00	1472.640
15.300000	0.003165	0.00	3681.600
15.350000	0.007101	9.09	2454.400
15.400000	0.000000	0.00	0.000
15.450000	0.005693	0.00	1963.520
15.500000	0.008825	0.00	1718.080
15.550000	0.002170	0.00	3927.040
15.600000	0.005277	0.00	3190.720
15.650000	0.004876	0.00	1227.200
15.700000	0.001238	50.00	736.320
15.750000	0.003784	0.00	1227.200
15.800000	0.005063	0.00	1963.520
15.850000	0.002741	7.14	3436.160
15.900000	0.002790	0.00	2454.400
15.950000	0.006737	0.00	1963.520
16.000000	0.003095	0.00	3436.160
16.050000	0.003944	0.00	2945.280
16.100000	0.018827	33.33	736.320
16.150000	0.000000	100.00	0.000
16.200000	0.006535	33.33	490.880
16.250000	0.003170	0.00	2699.840
16.300000	0.001018	33.33	736.320
16.350000	0.017855	0.00	736.320
16.400000	0.000000	100.00	245.440
16.450000	0.010890	0.00	1718.080
16.500000	0.000000	0.00	0.000
16.550000	0.004128	14.29	1472.640
16.600000	0.003388	0.00	2699.840
16.650000	0.000500	20.00	1227.200
16.700000	0.022048	33.33	490.880
16.750000	0.002133	0.00	490.880
16.800000	0.003139	16.67	1227.200
16.850000	0.002621	16.67	1472.640
16.900000	0.003739	0.00	2454.400
16.950000	0.001963	25.00	981.760
17.000000	0.002520	25.00	736.320
17.050000	0.005745	25.00	736.320
17.100000	0.000604	16.67	1227.200
17.150000	0.003276	14.29	1472.640
17.200000	0.003562	0.00	1472.640
17.250000	0.001273	12.50	1472.640
17.300000	0.027694	50.00	245.440
17.350000	0.020273	50.00	245.440
17.400000	0.003619	50.00	490.880
17.450000	0.008098	33.33	490.880
17.500000	0.007925	33.33	490.880
17.550000	0.001999	11.11	1718.080
17.600000	0.012067	0.00	1227.200
17.650000	0.002775	0.00	2208.960
17.700000	0.008187	0.00	1718.080
17.750000	0.009437	33.33	736.320
17.800000	0.003293	16.67	1227.200
17.850000	0.006099	0.00	2454.400
17.900000	0.010331	0.00	490.880
17.950000	0.001759	33.33	1227.200
18.000000	0.003876	0.00	736.320
18.050000	0.006344	16.67	1472.640
18.100000	0.005406	0.00	490.880
18.150000	0.001239	7.69	2945.280
18.200000	0.004065	16.67	1227.200
18.250000	0.009816	20.00	981.760
18.300000	0.002463	50.00	490.880
18.350000	0.018970	50.00	245.440
18.400000	0.004757	0.00	1227.200
18.450000	0.002952	25.00	1472.640
18.500000	0.001952	8.33	2699.840
18.550000	0.004946	0.00	736.320
18.600000	0.002773	50.00	245.440
18.650000	0.004655	0.00	2454.400
18.700000	0.003449	11.11	2208.960
18.750000	0.012935	0.00	0.000
18.800000	0.004315	9.09	2699.840
18.850000	0.003187	0.00	1718.080
18.900000	0.006008	16.67	981.760
18.950000	0.000000	100.00	245.440
19.000000	0.004131	16.67	1227.200
19.050000	0.005587	50.00	0.000
19.100000	0.014610	33.33	736.320
19.150000	0.004921	33.33	490.880
19.200000	0.003072	25.00	736.320
19.250000	0.004337	33.33	490.880
19.300000	0.003765	14.29	1472.640
19.350000	0.000000	100.00	0.000
19.400000	0.000000	100.00	0.000
19.450000	0.024123	0.00	245.440
19.500000	0.003287	0.00	1718.080
19.550000	0.002901	20.00	981.760
19.600000	0.003535	25.00	981.760
19.650000	0.003918	0.00	2699.840
19.700000	0.003914	16.67	1472.640
19.750000	0.026644	0.00	245.440
19.800000	0.007029	33.33	736.320
19.850000	0.005948	25.00	490.880
19.900000	0.008599	0.00	1963.520
19.950000	0.003242	50.00	490.880
20.000000	0.002131	0.00	1227.200
20.050000	0.005150	50.00	245.440
20.100000	0.014505	25.00	736.320
20.150000	0.028316	0.00	0.000
20.200000	0.001388	0.00	736.320
20.250000	0.001888	20.00	981.760
20.300000	0.000254	50.00	245.440
20.350000	0.000000	100.00	0.000
20.400000	0.000000	100.00	0.000
20.450000	0.003715	0.00	245.440
20.500000	0.009120	50.00	490.880
20.550000	0.000000	100.00	0.000
20.600000	0.001962	0.00	245.440
20.650000	0.009012	25.00	490.880
20.700000	0.009462	25.00	981.760
20.750000	0.000254	66.67	245.440
20.800000	0.001616	25.00	736.320
20.850000	0.056708	0.00	0.000
20.900000	0.005211	33.33	736.320
20.950000	0.004394	16.67	1227.200
21.000000	0.002240	50.00	490.880
21.050000	0.000000	100.00	0.000
21.100000	0.000254	66.67	245.440
21.150000	0.004280	33.33	490.880
21.200000	0.001274	40.00	736.320
21.250000	0.002446	25.00	736.320
21.300000	0.003837	20.00	981.760
21.350000	0.003002	50.00	245.440
21.400000	0.000000	100.00	0.000
21.450000	0.008214	20.00	736.320
21.500000	0.000000	100.00	245.440
21.550000	0.006652	0.00	1472.640
21.600000	0.002650	33.33	1227.200
21.650000	0.000000	100.00	0.000
21.700000	0.000000	100.00	0.000
21.750000	0.024093	0.00	0.000
21.800000	0.007381	40.00	981.760
21.850000	0.002662	66.67	245.440
21.900000	0.000000	100.00	0.000
21.950000	0.009241	0.00	245.440
22.000000	0.020317	33.33	490.880
22.050000	0.006764	33.33	736.320
22.100000	0.006354	0.00	981.760
22.150000	0.002787	50.00	490.880
22.200000	0.000000	100.00	0.000
22.250000	0.033826	50.00	245.440
22.300000	0.000000	100.00	0.000
22.350000	0.005327	25.00	490.880
22.400000	0.001308	33.33	736.320
22.450000	0.004859	66.67	245.440
22.500000	0.010186	0.00	245.440
22.550000	0.000000	100.00	0.000
22.600000	0.009703	16.67	981.760
22.650000	0.000000	100.00	245.440
22.700000	0.001199	50.00	245.440
22.750000	0.010866	33.33	490.880
22.800000	0.000255	50.00	245.440
22.850000	0.005583	25.00	736.320
22.900000	0.003738	50.00	490.880
22.950000	0.011646	0.00	981.760
23.000000	0.007793	33.33	736.320
23.050000	0.004919	66.67	245.440
23.100000	0.025991	50.00	245.440
23.150000	0.002635	33.33	490.880
23.200000	0.006825	25.00	490.880
23.250000	0.005410	66.67	490.880
23.300000	0.000000	100.00	0.000
23.350000	0.000000	100.00	0.000
23.400000	0.000254	66.67	245.440
23.450000	0.003801	25.00	490.880
23.500000	0.000000	100.00	245.440
23.550000	0.009883	66.67	245.440
23.600000	0.000000	100.00	0.000
23.650000	0.008118	50.00	0.000
23.700000	0.007785	50.00	736.320
23.750000	0.003938	20.00	981.760
23.800000	0.000000	100.00	0.000
23.850000	0.022239	50.00	245.440
23.900000	0.000000	100.00	0.000
23.950000	0.000000	100.00	0.000
24.000000	0.000000	100.00	0.000
24.050000	0.000000	100.00	0.000
24.100000	0.000000	100.00	0.000
24.150000	0.002027	25.00	736.320
24.200000	0.003946	50.00	245.440
24.250000	0.000254	66.67	245.440
24.300000	0.002462	33.33	490.880
24.350000	0.000000	100.00	0.000
24.400000	0.000000	100.00	0.000
24.450000	0.000000	100.00	0.000
24.500000	0.003040	40.00	736.320
24.550000	0.000000	100.00	0.000
24.600000	0.008107	50.00	490.880
24.650000	0.000000	100.00	0.000
24.700000	0.000000	100.00	0.000
24.750000	0.000000	100.00	0.000
24.800000	0.001458	33.33	490.880
24.850000	0.004838	66.67	245.440
24.900000	0.001138	66.67	245.440
24.950000	0.000000	100.00	0.000
25.000000	0.000000	100.00	0.000
25.050000	0.000000	100.00	0.000
25.100000	0.017805	33.33	490.880
25.150000	0.000000	100.00	0.000
25.200000	0.000254	0.00	245.440
25.250000	0.001058	66.67	245.440
25.300000	0.000000	100.00	0.000
25.350000	0.000000	100.00	0.000
25.400000	0.000000	100.00	0.000
25.450000	0.000254	66.67	245.440
25.500000	0.000000	100.00	0.000
25.550000	0.000000	100.00	0.000
25.600000	0.003055	50.00	245.440
25.650000	0.004279	66.67	245.440
25.700000	0.044263	0.00	0.000
25.750000	0.000000	100.00	245.440
25.800000	0.000000	100.00	0.000
25.850000	0.000254	50.00	490.880
25.900000	0.000000	100.00	0.000
25.950000	0.000000	100.00	0.000
26.000000	0.002067	40.00	736.320
26.050000	0.039100	50.00	0.000
26.100000	0.002671	33.33	1227.200
26.150000	0.004327	50.00	0.000
26.200000	0.000000	100.00	245.440
26.250000	0.000000	100.00	0.000
26.300000	0.025235	0.00	245.440
26.350000	0.000000	100.00	245.440
26.400000	0.003543	33.33	490.880
26.450000	0.001886	33.33	490.880
26.500000	0.038285	50.00	245.440
26.550000	0.002327	33.33	490.880
26.600000	0.000000	100.00	0.000
26.650000	0.000000	100.00	0.000
26.700000	0.000000	100.00	0.000
26.750000	0.000000	100.00	0.000
26.800000	0.006205	50.00	0.000
26.850000	0.001118	50.00	736.320
26.900000	0.000000	100.00	0.000
26.950000	0.014434	33.33	245.440
27.000000	0.003677	40.00	981.760
27.050000	0.000000	100.00	0.000
27.100000	0.002453	25.00	736.320
27.150000	0.000000	100.00	0.000
27.200000	0.000000	100.00	0.000
27.250000	0.000000	100.00	0.000
27.300000	0.000254	50.00	245.440
27.350000	0.000000	100.00	0.000
27.400000	0.000000	100.00	0.000
27.450000	0.013339	50.00	245.440
27.500000	0.002422	50.00	245.440
27.550000	0.000000	100.00	0.000
27.600000	0.004928	50.00	245.440
27.650000	0.000000	100.00	0.000
27.700000	0.000000	100.00	0.000
27.750000	0.000000	100.00	0.000
27.800000	0.000000	100.00	0.000
27.850000	0.002383	66.67	245.440
27.900000	0.015003	0.00	490.880
27.950000	0.002442	50.00	245.440
28.000000	0.013867	50.00	245.440
28.050000	0.000000	100.00	0.000
28.100000	0.000254	0.00	245.440
28.150000	0.000000	100.00	0.000
28.200000	0.044572	0.00	245.440
28.250000	0.000000	100.00	0.000
28.300000	0.017945	0.00	245.440
28.350000	0.024951	50.00	490.880
28.400000	0.000000	100.00	0.000
28.450000	0.001278	33.33	245.440
28.500000	0.018535	50.00	245.440
28.550000	0.002357	33.33	736.320
28.600000	0.000000	100.00	0.000
28.650000	0.000000	100.00	0.000
28.700000	0.000254	66.67	245.440
28.750000	0.005311	50.00	245.440
28.800000	0.000000	100.00	0.000
28.850000	0.000979	0.00	245.440
28.900000	0.037715	50.00	245.440
28.950000	0.022280	0.00	245.440
29.000000	0.000000	100.00	0.000
29.050000	0.027163	50.00	245.440
29.100000	0.011617	33.33	490.880
29.150000	0.036012	0.00	0.000
29.200000	0.009182	25.00	981.760
29.250000	0.000000	100.00	0.000
29.300000	0.000000	100.00	0.000
29.350000	0.001882	66.67	245.440
29.400000	0.000000	100.00	0.000
29.450000	0.013238	0.00	490.880
29.500000	0.000000	100.00	245.440
29.550000	0.022511	50.00	0.000
29.600000	0.000000	100.00	245.440
29.650000	0.000000	100.00	0.000
29.700000	0.000647	33.33	490.880
29.750000	0.000000	100.00	0.000
29.800000	0.003846	50.00	245.440
29.850000	0.004488	25.00	736.320
29.900000	0.000000	100.00	0.000
29.950000	0.022643	0.00	245.440
30.000000	0.000000	100.00	0.000
30.050000	0.005339	0.00	245.440
30.100000	0.000000	100.00	0.000
30.150000	0.007487	0.00	245.440
30.200000	0.001518	66.67	245.440
30.250000	0.000000	100.00	0.000
30.300000	0.004392	66.67	245.440
30.350000	0.000000	100.00	0.000
30.400000	0.000000	100.00	0.000
30.450000	0.000000	100.00	0.000
30.500000	0.000000	100.00	0.000
30.550000	0.022199	33.33	245.440
30.600000	0.000000	100.00	245.440
30.650000	0.018012	50.00	0.000
30.700000	0.000000	100.00	245.440
30.750000	0.000000	100.00	0.000
30.800000	0.009743	50.00	0.000
30.850000	0.000000	100.00	245.440
30.900000	0.000000	100.00	0.000
30.950000	0.000000	100.00	0.000
31.000000	0.001398	66.67	245.440
31.050000	0.000000	100.00	0.000
31.100000	0.001668	60.00	490.880
31.150000	0.000000	100.00	0.000
31.200000	0.000000	100.00	0.000
31.250000	0.000000	100.00	0.000
31.300000	0.000000	100.00	0.000
31.350000	0.000000	100.00	0.000
31.400000	0.005066	75.00	245.440
31.450000	0.002293	33.33	490.880
31.500000	0.000978	50.00	245.440
31.550000	0.000000	100.00	0.000
31.600000	0.000000	100.00	0.000
31.650000	0.000254	66.67	245.440
31.700000	0.000000	100.00	0.000
31.750000	0.000000	100.00	0.000
31.800000	0.000000	100.00	0.000
31.850000	0.000000	100.00	0.000
31.900000	0.000000	100.00	0.000
31.950000	0.000254	50.00	245.440
32.000000	0.000000	100.00	0.000
32.050000	0.000000	100.00	0.000
32.100000	0.000000	100.00	0.000
32.150000	0.021435	50.00	245.440
32.200000	0.000000	100.00	0.000
32.250000	0.000000	100.00	0.000
32.300000	0.000000	100.00	0.000
32.350000	0.000000	100.00	0.000
32.400000	0.000000	100.00	0.000
32.450000	0.011987	33.33	490.880
32.500000	0.000000	100.00	0.000
32.550000	0.011263	50.00	245.440
32.600000	0.004306	50.00	245.440
32.650000	0.000000	100.00	0.000
32.700000	0.000000	100.00	0.000
32.750000	0.000000	100.00	0.000
32.800000	0.000000	100.00	0.000
32.850000	0.000000	100.00	0.000
32.900000	0.000000	100.00	0.000
32.950000	0.000000	100.00	0.000
33.000000	0.000000	100.00	0.000
33.050000	0.000000	100.00	0.000
33.100000	0.000000	100.00	0.000
33.150000	0.000000	100.00	0.000
33.200000	0.001883	50.00	245.440
33.250000	0.003786	50.00	245.440
33.300000	0.017398	50.00	245.440
33.350000	0.000000	100.00	0.000
33.400000	0.000000	100.00	0.000
33.450000	0.000000	100.00	0.000
33.500000	0.000978	66.67	245.440
33.550000	0.000000	100.00	0.000
33.600000	0.000000	100.00	0.000
33.650000	0.000000	100.00	0.000
33.700000	0.000000	100.00	0.000
33.750000	0.000000	100.00	0.000
33.800000	0.000000	100.00	0.000
33.850000	0.004729	50.00	245.440
33.900000	0.010231	0.00	245.440
33.950000	0.004827	66.67	490.880
34.000000	0.000000	100.00	0.000
34.050000	0.000000	100.00	0.000
34.100000	0.000000	100.00	0.000
34.150000	0.000000	100.00	0.000
34.200000	0.018081	0.00	245.440
34.250000	0.000000	100.00	0.000
34.300000	0.000000	100.00	0.000
34.350000	0.000000	100.00	0.000
34.400000	0.000255	50.00	245.440
34.450000	0.000000	100.00	0.000
34.500000	0.002383	50.00	0.000
34.550000	0.000000	100.00	245.440
34.600000	0.000000	100.00	0.000
34.650000	0.000000	100.00	0.000
34.700000	0.007225	50.00	245.440
34.750000	0.000000	100.00	0.000
34.800000	0.005406	66.67	245.440
34.850000	0.000000	100.00	0.000
34.900000	0.000000	100.00	0.000
34.950000	0.000000	100.00	0.000
35.000000	0.000254	0.00	245.440
35.050000	0.002063	50.00	245.440
35.100000	0.000000	100.00	0.000
35.150000	0.000000	100.00	0.000
35.200000	0.000000	100.00	0.000
35.250000	0.000000	100.00	0.000
35.300000	0.046117	0.00	0.000
35.350000	0.000000	100.00	245.440
35.400000	0.000000	100.00	0.000
35.450000	0.000000	100.00	0.000
35.500000	0.000000	100.00	0.000
35.550000	0.037684	50.00	0.000
35.600000	0.000000	100.00	245.440
35.650000	0.000000	100.00	0.000
35.700000	0.002402	66.67	245.440
35.750000	0.000254	66.67	245.440
35.800000	0.000000	100.00	0.000
35.850000	0.000000	100.00	0.000
35.900000	0.000000	100.00	0.000
35.950000	0.006003	50.00	245.440
36.000000	0.001821	33.33	490.880
36.050000	0.000000	100.00	0.000
36.100000	0.000000	100.00	0.000
36.150000	0.000000	100.00	0.000
36.200000	0.000000	100.00	0.000
36.250000	0.000000	100.00	0.000
36.300000	0.000000	100.00	0.000
36.350000	0.000000	100.00	0.000
36.400000	0.003279	50.00	245.440
36.450000	0.000000	100.00	0.000
36.500000	0.006963	50.00	245.440
36.550000	0.000000	100.00	0.000
36.600000	0.000000	100.00	0.000
36.650000	0.000000	100.00	0.000
36.700000	0.000000	100.00	0.000
36.750000	0.000000	100.00	0.000
36.800000	0.000000	100.00	0.000
36.850000	0.000000	100.00	0.000
36.900000	0.000000	100.00	0.000
36.950000	0.000000	100.00	0.000
37.000000	0.000254	50.00	245.440
37.050000	0.001298	50.00	245.440
37.100000	0.000000	100.00	0.000
37.150000	0.000000	100.00	0.000
37.200000	0.000000	100.00	0.000
37.250000	0.000000	100.00	0.000
37.300000	0.000000	100.00	0.000
37.350000	0.000000	100.00	0.000
37.400000	0.000000	100.00	0.000
37.450000	0.000000	100.00	0.000
37.500000	0.000000	100.00	0.000
37.550000	0.000000	100.00	0.000
37.600000	0.000000	100.00	0.000
37.650000	0.000000	100.00	0.000
37.700000	0.033364	0.00	0.000
37.750000	0.000000	100.00	245.440
37.800000	0.000000	100.00	0.000
37.850000	0.018416	50.00	0.000
37.900000	0.000000	100.00	245.440
37.950000	0.000000	100.00	0.000
38.000000	0.000000	100.00	0.000
38.050000	0.000000	100.00	0.000
38.100000	0.000000	100.00	0.000
38.150000	0.001499	66.67	245.440
38.200000	0.000000	100.00	0.000
38.250000	0.000000	100.00	0.000
38.300000	0.000000	100.00	0.000
38.350000	0.000000	100.00	0.000
38.400000	0.000000	100.00	0.000
38.450000	0.000000	100.00	0.000
38.500000	0.000000	100.00	0.000
38.550000	0.000000	100.00	0.000
38.600000	0.000000	100.00	0.000
38.650000	0.000000	100.00	0.000
38.700000	0.000000	100.00	0.000
38.750000	0.000000	100.00	0.000
38.800000	0.000000	100.00	0.000
38.850000	0.000000	100.00	0.000
38.900000	0.000000	100.00	0.000
38.950000	0.000000	100.00	0.000
39.000000	0.000000	100.00	0.000
39.050000	0.000000	100.00	0.000
39.100000	0.000000	100.00	0.000
39.150000	0.000000	100.00	0.000
39.200000	0.000000	100.00	0.000
39.250000	0.000000	100.00	0.000
39.300000	0.000000	100.00	0.000
39.350000	0.000000	100.00	0.000
39.400000	0.000000	100.00	0.000
39.450000	0.000000	100.00	0.000
39.500000	0.000000	100.00	0.000
39.550000	0.000000	100.00	0.000
39.600000	0.004545	66.67	245.440
39.650000	0.000000	100.00	0.000
39.700000	0.011836	66.67	245.440
39.750000	0.000000	100.00	0.000
39.800000	0.000000	100.00	0.000
39.850000	0.000255	50.00	490.880
39.900000	0.000000	100.00	0.000
39.950000	0.000000	100.00	0.000
40.000000	0.000000	100.00	0.000
40.050000	0.000000	100.00	0.000
40.100000	0.000000	100.00	0.000
40.150000	0.000000	100.00	0.000
40.200000	0.000000	100.00	0.000
40.250000	0.001079	50.00	245.440
40.300000	0.000000	100.00	0.000
40.350000	0.000000	100.00	0.000
40.400000	0.000000	100.00	0.000
40.450000	0.000000	100.00	0.000
40.500000	0.000000	100.00	0.000
40.550000	0.000000	100.00	0.000
40.600000	0.000000	100.00	0.000
40.650000	0.000000	100.00	0.000
40.700000	0.000000	100.00	0.000
40.750000	0.000000	100.00	0.000
40.800000	0.000000	100.00	0.000
40.850000	0.000000	100.00	0.000
40.900000	0.000000	100.00	0.000
40.950000	0.000000	100.00	0.000
41.000000	0.000000	100.00	0.000
41.050000	0.011103	0.00	245.440
41.100000	0.000000	100.00	0.000
41.150000	0.000000	100.00	0.000
41.200000	0.000000	100.00	0.000
41.250000	0.000000	100.00	0.000
41.300000	0.000000	100.00	0.000
41.350000	0.000000	100.00	0.000
41.400000	0.000000	100.00	0.000
41.450000	0.000000	100.00	0.000
41.500000	0.000000	100.00	0.000
41.550000	0.001159	66.67	245.440
41.600000	0.000000	100.00	0.000
41.650000	0.000000	100.00	0.000
41.700000	0.000000	100.00	0.000
41.750000	0.000000	100.00	0.000
41.800000	0.000000	100.00	0.000
41.850000	0.000000	100.00	0.000
41.900000	0.000000	100.00	0.000
41.950000	0.008631	0.00	245.440
42.000000	0.000000	100.00	0.000
42.050000	0.000000	100.00	0.000
42.100000	0.000000	100.00	0.000
42.150000	0.000000	100.00	0.000
42.200000	0.000000	100.00	0.000
42.250000	0.000000	100.00	0.000
42.300000	0.000000	100.00	0.000
42.350000	0.000000	100.00	0.000
42.400000	0.000000	100.00	0.000
42.450000	0.000000	100.00	0.000
42.500000	0.000000	100.00	0.000
42.550000	0.000000	100.00	0.000
42.600000	0.000000	100.00	0.000
42.650000	0.000000	100.00	0.000
42.700000	0.000000	100.00	0.000
42.750000	0.000000	100.00	0.000
42.800000	0.000000	100.00	0.000
42.850000	0.000000	100.00	0.000
42.900000	0.000000	100.00	0.000
42.950000	0.000000	100.00	0.000
43.000000	0.000000	100.00	0.000
43.050000	0.000000	100.00	0.000
43.100000	0.000000	100.00	0.000
43.150000	0.000000	100.00	0.000
43.200000	0.000000	100.00	0.000
43.250000	0.000000	100.00	0.000
43.300000	0.000000	100.00	0.000
43.350000	0.000000	100.00	0.000
43.400000	0.000000	100.00	0.000
43.450000	0.000000	100.00	0.000
43.500000	0.000000	100.00	0.000
43.550000	0.000000	100.00	0.000
43.600000	0.000000	100.00	0.000
43.650000	0.000000	100.00	0.000
43.700000	0.000000	100.00	0.000
43.750000	0.000000	100.00	0.000
43.800000	0.000000	100.00	0.000
43.850000	0.000000	100.00	0.000
43.900000	0.000000	100.00	0.000
43.950000	0.000000	100.00	0.000
44.000000	0.000000	100.00	0.000
44.050000	0.000000	100.00	0.000
44.100000	0.000000	100.00	0.000
44.150000	0.000000	100.00	0.000
44.200000	0.000000	100.00	0.000
44.250000	0.000000	100.00	0.000
44.300000	0.000000	100.00	0.000
44.350000	0.000000	100.00	0.000
44.400000	0.000000	100.00	0.000
44.450000	0.000000	100.00	0.000
44.500000	0.000000	100.00	0.000
44.550000	0.000000	100.00	0.000
44.600000	0.000000	100.00	0.000
44.650000	0.000000	100.00	0.000
44.700000	0.000000	100.00	0.000
44.750000	0.000000	100.00	0.000
44.800000	0.000000	100.00	0.000
44.850000	0.000000	100.00	0.000
44.900000	0.000000	100.00	0.000
44.950000	0.000000	100.00	0.000
45.000000	0.000000	100.00	0.000
45.050000	0.000000	100.00	0.000
45.100000	0.000000	100.00	0.000
45.150000	0.000000	100.00	0.000
45.200000	0.000000	100.00	0.000
45.250000	0.000000	100.00	0.000
45.300000	0.000000	100.00	0.000
45.350000	0.000000	100.00	0.000
45.400000	0.000000	100.00	0.000
45.450000	0.000000	100.00	0.000
45.500000	0.000000	100.00	0.000
45.550000	0.000000	100.00	0.000
45.600000	0.000000	100.00	0.000
45.650000	0.000000	100.00	0.000
45.700000	0.000000	100.00	0.000
45.750000	0.000000	100.00	0.000
45.800000	0.000000	100.00	0.000
45.850000	0.000000	100.00	0.000
45.900000	0.000000	100.00	0.000
45.950000	0.000000	100.00	0.000
46.000000	0.000000	100.00	0.000
46.050000	0.000000	100.00	0.000
46.100000	0.000000	100.00	0.000
46.150000	0.000000	100.00	0.000
46.200000	0.000000	100.00	0.000
46.250000	0.000000	100.00	0.000
46.300000	0.000000	100.00	0.000
46.350000	0.000000	100.00	0.000
46.400000	0.000000	100.00	0.000
46.450000	0.000000	100.00	0.000
46.500000	0.000000	100.00	0.000
46.550000	0.000000	100.00	0.000
46.600000	0.000000	100.00	0.000
46.650000	0.000000	100.00	0.000
46.700000	0.000000	100.00	0.000
46.750000	0.000000	100.00	0.000
46.800000	0.002702	50.00	245.440
46.850000	0.000254	50.00	245.440
46.900000	0.000000	100.00	0.000
46.950000	0.000000	100.00	0.000
47.000000	0.000000	100.00	0.000
47.050000	0.000000	100.00	0.000
47.100000	0.000000	100.00	0.000
47.150000	0.000000	100.00	0.000
47.200000	0.000000	100.00	0.000
47.250000	0.000000	100.00	0.000
47.300000	0.000000	100.00	0.000
47.350000	0.000000	100.00	0.000
47.400000	0.000000	100.00	0.000
47.450000	0.000000	100.00	0.000
47.500000	0.000000	100.00	0.000
47.550000	0.000000	100.00	0.000
47.600000	0.000000	100.00	0.000
47.650000	0.000000	100.00	0.000
47.700000	0.000000	100.00	0.000
47.750000	0.020728	66.67	245.440
47.800000	0.000000	100.00	0.000
47.850000	0.000000	100.00	0.000
47.900000	0.000000	100.00	0.000
47.950000	0.000000	100.00	0.000
48.000000	0.000000	100.00	0.000
48.050000	0.000000	100.00	0.000
48.100000	0.000000	100.00	0.000
48.150000	0.000000	100.00	0.000
48.200000	0.000000	100.00	0.000
48.250000	0.000000	100.00	0.000
48.300000	0.000000	100.00	0.000
48.350000	0.000000	100.00	0.000
48.400000	0.000000	100.00	0.000
48.450000	0.000000	100.00	0.000
48.500000	0.000000	100.00	0.000
48.550000	0.000000	100.00	0.000
48.600000	0.000000	100.00	0.000
48.650000	0.000000	100.00	0.000
48.700000	0.000000	100.00	0.000
48.750000	0.000000	100.00	0.000
48.800000	0.000000	100.00	0.000
48.850000	0.000000	100.00	0.000
48.900000	0.000000	100.00	0.000
48.950000	0.000000	100.00	0.000
49.000000	0.000000	100.00	0.000
49.050000	0.000000	100.00	0.000
49.100000	0.000000	100.00	0.000
49.150000	0.000000	100.00	0.000
49.200000	0.000000	100.00	0.000
49.250000	0.000000	100.00	0.000
49.300000	0.000000	100.00	0.000
49.350000	0.000000	100.00	0.000
49.400000	0.000000	100.00	0.000
49.450000	0.000000	100.00	0.000
49.500000	0.000000	100.00	0.000
49.550000	0.000000	100.00	0.000
49.600000	0.000000	100.00	0.000
49.650000	0.000000	100.00	0.000
49.700000	0.000000	100.00	0.000
49.750000	0.000999	66.67	245.440
49.800000	0.000000	100.00	0.000
49.850000	0.000000	100.00	0.000
49.900000	0.000000	100.00	0.000
49.950000	0.000000	100.00	0.000
50.000000	0.000000	100.00	0.000
50.050000	0.000000	100.00	0.000
50.100000	0.000000	100.00	0.000
50.150000	0.000000	100.00	0.000
50.200000	0.000000	100.00	0.000
50.250000	0.000000	100.00	0.000
50.300000	0.000000	100.00	0.000
50.350000	0.000000	100.00	0.000
50.400000	0.000000	100.00	0.000
50.450000	0.000000	100.00	0.000
50.500000	0.000000	100.00	0.000
50.550000	0.000000	100.00	0.000
50.600000	0.000000	100.00	0.000
50.650000	0.000000	100.00	0.000
50.700000	0.000000	100.00	0.000
50.750000	0.000000	100.00	0.000
50.800000	0.000000	100.00	0.000
50.850000	0.000000	100.00	0.000
50.900000	0.000000	100.00	0.000
50.950000	0.000000	100.00	0.000
51.000000	0.000000	100.00	0.000
51.050000	0.000000	100.00	0.000
51.100000	0.000000	100.00	0.000
51.150000	0.000000	100.00	0.000
51.200000	0.000000	100.00	0.000
51.250000	0.000000	100.00	0.000
51.300000	0.000000	100.00	0.000
51.350000	0.000000	100.00	0.000
51.400000	0.000000	100.00	0.000
51.450000	0.000000	100.00	0.000
51.500000	0.000000	100.00	0.000
51.550000	0.000000	100.00	0.000
51.600000	0.000000	100.00	0.000
51.650000	0.000000	100.00	0.000
51.700000	0.000000	100.00	0.000
51.750000	0.000000	100.00	0.000
51.800000	0.000000	100.00	0.000
51.850000	0.000000	100.00	0.000
51.900000	0.000000	100.00	0.000
51.950000	0.000000	100.00	0.000
52.000000	0.000000	100.00	0.000
52.050000	0.000000	100.00	0.000
52.100000	0.000000	100.00	0.000
52.150000	0.000000	100.00	0.000
52.200000	0.000000	100.00	0.000
52.250000	0.000000	100.00	0.000
52.300000	0.000000	100.00	0.000
52.350000	0.000000	100.00	0.000
52.400000	0.000000	100.00	0.000
52.450000	0.000000	100.00	0.000
52.500000	0.000254	50.00	245.440
52.550000	0.000000	100.00	0.000
52.600000	0.000000	100.00	0.000
52.650000	0.000000	100.00	0.000
52.700000	0.000000	100.00	0.000
52.750000	0.000000	100.00	0.000
52.800000	0.000000	100.00	0.000
52.850000	0.000000	100.00	0.000
52.900000	0.000000	100.00	0.000
52.950000	0.000000	100.00	0.000
53.000000	0.000000	100.00	0.000
53.050000	0.000000	100.00	0.000
53.100000	0.000000	100.00	0.000
53.150000	0.000000	100.00	0.000
53.200000	0.000000	100.00	0.000
53.250000	0.000000	100.00	0.000
53.300000	0.000000	100.00	0.000
53.350000	0.000000	100.00	0.000
53.400000	0.000000	100.00	0.000
53.450000	0.000000	100.00	0.000
53.500000	0.000000	100.00	0.000
53.550000	0.000000	100.00	0.000
53.600000	0.000000	100.00	0.000
53.650000	0.000255	50.00	245.440
53.700000	0.000000	100.00	0.000
53.750000	0.000000	100.00	0.000
53.800000	0.000000	100.00	0.000
53.850000	0.000000	100.00	0.000
53.900000	0.000000	100.00	0.000
53.950000	0.000000	100.00	0.000
54.000000	0.000000	100.00	0.000
54.050000	0.000000	100.00	0.000
54.100000	0.000000	100.00	0.000
54.150000	0.000000	100.00	0.000
54.200000	0.000000	100.00	0.000
54.250000	0.000000	100.00	0.000
54.300000	0.000000	100.00	0.000
54.350000	0.000000	100.00	0.000
54.400000	0.000000	100.00	0.000
54.450000	0.000000	100.00	0.000
54.500000	0.000000	100.00	0.000
54.550000	0.000000	100.00	0.000
54.600000	0.000000	100.00	0.000
54.650000	0.000000	100.00	0.000
54.700000	0.000000	100.00	0.000
54.750000	0.000000	100.00	0.000
54.800000	0.000000	100.00	0.000
54.850000	0.006234	75.00	245.440
54.900000	0.000000	100.00	0.000
54.950000	0.000000	100.00	0.000
55.000000	0.000000	100.00	0.000
55.050000	0.000000	100.00	0.000
55.100000	0.000000	100.00	0.000
55.150000	0.000000	100.00	0.000
55.200000	0.000000	100.00	0.000
55.250000	0.000000	100.00	0.000
55.300000	0.000000	100.00	0.000
55.350000	0.000000	100.00	0.000
55.400000	0.000000	100.00	0.000
55.450000	0.000000	100.00	0.000
55.500000	0.000000	100.00	0.000
55.550000	0.000000	100.00	0.000
55.600000	0.000000	100.00	0.000
55.650000	0.000000	100.00	0.000
55.700000	0.000000	100.00	0.000
55.750000	0.000000	100.00	0.000
55.800000	0.000000	100.00	0.000
55.850000	0.000000	100.00	0.000
55.900000	0.000000	100.00	0.000
55.950000	0.032889	50.00	245.440
56.000000	0.000000	100.00	0.000
56.050000	0.000000	100.00	0.000
56.100000	0.000000	100.00	0.000
56.150000	0.000000	100.00	0.000
56.200000	0.007230	50.00	245.440
56.250000	0.000000	100.00	0.000
56.300000	0.000000	100.00	0.000
56.350000	0.000000	100.00	0.000
56.400000	0.000000	100.00	0.000
56.450000	0.000000	100.00	0.000
56.500000	0.000000	100.00	0.000
56.550000	0.000000	100.00	0.000
56.600000	0.000000	100.00	0.000
56.650000	0.000000	100.00	0.000
56.700000	0.000000	100.00	0.000
56.750000	0.000000	100.00	0.000
56.800000	0.000000	100.00	0.000
56.850000	0.000000	100.00	0.000
56.900000	0.000000	100.00	0.000
56.950000	0.000000	100.00	0.000
57.000000	0.000000	100.00	0.000
57.050000	0.000000	100.00	0.000
57.100000	0.000000	100.00	0.000
57.150000	0.011072	50.00	245.440
57.200000	0.000000	100.00	0.000
57.250000	0.000000	100.00	0.000
57.300000	0.000000	100.00	0.000
57.350000	0.000000	100.00	0.000
57.400000	0.000000	100.00	0.000
57.450000	0.023240	50.00	245.440
57.500000	0.000000	100.00	0.000
57.550000	0.000000	100.00	0.000
57.600000	0.000000	100.00	0.000
57.650000	0.000000	100.00	0.000
57.700000	0.000000	100.00	0.000
57.750000	0.000000	100.00	0.000
57.800000	0.000000	100.00	0.000
57.850000	0.001099	66.67	245.440
57.900000	0.000000	100.00	0.000
57.950000	0.000000	100.00	0.000
58.000000	0.000000	100.00	0.000
58.050000	0.000000	100.00	0.000
58.100000	0.000000	100.00	0.000
58.150000	0.000000	100.00	0.000
58.200000	0.000000	100.00	0.000
58.250000	0.000000	100.00	0.000
58.300000	0.044239	50.00	245.440
58.350000	0.000000	100.00	0.000
58.400000	0.000000	100.00	0.000
58.450000	0.000000	100.00	0.000
58.500000	0.000000	100.00	0.000
58.550000	0.000000	100.00	0.000
58.600000	0.000000	100.00	0.000
58.650000	0.000000	100.00	0.000
58.700000	0.000254	50.00	245.440
58.750000	0.000000	100.00	0.000
58.800000	0.000000	100.00	0.000
58.850000	0.000000	100.00	0.000
58.900000	0.000000	100.00	0.000
58.950000	0.000000	100.00	0.000
59.000000	0.000000	100.00	0.000
59.050000	0.000000	100.00	0.000
59.100000	0.000000	100.00	0.000
59.150000	0.000000	100.00	0.000
59.200000	0.000000	100.00	0.000
59.250000	0.000000	100.00	0.000
59.300000	0.000000	100.00	0.000
59.350000	0.000000	100.00	0.000
59.400000	0.000000	100.00	0.000
59.450000	0.000000	100.00	0.000
59.500000	0.000000	100.00	0.000
59.550000	0.000000	100.00	0.000
59.600000	0.000000	100.00	0.000
59.650000	0.000000	100.00	0.000
59.700000	0.000255	50.00	245.440
59.750000	0.004830	50.00	245.440
59.800000	0.000000	100.00	0.000
59.850000	0.000000	100.00	0.000
59.900000	0.000000	100.00	0.000
59.950000	0.000000	100.00	0.000
60.000000	0.000000	100.00	0.000
60.050000	0.000000	100.00	0.000
60.100000	0.005060	50.00	245.440
60.150000	0.021769	50.00	0.000
60.200000	0.000000	100.00	245.440
60.250000	0.000000	100.00	0.000
60.300000	0.000000	100.00	0.000
60.350000	0.000000	100.00	0.000
60.400000	0.000000	100.00	0.000
60.450000	0.000000	100.00	0.000
60.500000	0.000000	100.00	0.000
60.550000	0.000000	100.00	0.000
60.600000	0.000000	100.00	0.000
60.650000	0.000000	100.00	0.000
60.700000	0.000000	100.00	0.000
60.750000	0.002615	66.67	245.440
60.800000	0.000000	100.00	0.000
60.850000	0.000000	100.00	0.000
60.900000	0.000000	100.00	0.000
60.950000	0.000000	100.00	0.000
61.000000	0.001418	66.67	245.440
61.050000	0.000000	100.00	0.000
61.100000	0.000000	100.00	0.000
61.150000	0.000000	100.00	0.000
61.200000	0.000000	100.00	0.000
61.250000	0.000000	100.00	0.000
61.300000	0.000000	100.00	0.000
61.350000	0.000000	100.00	0.000
61.400000	0.000000	100.00	0.000
61.450000	0.033336	50.00	245.440
61.500000	0.012207	0.00	0.000
61.550000	0.000000	100.00	245.440
61.600000	0.000000	100.00	0.000
61.650000	0.000255	66.67	245.440
61.700000	0.000000	100.00	0.000
61.750000	0.000000	100.00	0.000
61.800000	0.000000	100.00	0.000
61.850000	0.009807	50.00	245.440
61.900000	0.000000	100.00	0.000
61.950000	0.000000	100.00	0.000
62.000000	0.000000	100.00	0.000
62.050000	0.030240	50.00	245.440
62.100000	0.000000	100.00	0.000
62.150000	0.033624	50.00	0.000
62.200000	0.000000	100.00	245.440
62.250000	0.000000	100.00	0.000
62.300000	0.000000	100.00	0.000
62.350000	0.000000	100.00	0.000
62.400000	0.002022	0.00	245.440
62.450000	0.000000	100.00	0.000
62.500000	0.000000	100.00	0.000
62.550000	0.000000	100.00	0.000
62.600000	0.000000	100.00	0.000
62.650000	0.013835	50.00	245.440
62.700000	0.000000	100.00	0.000
62.750000	0.000000	100.00	0.000
62.800000	0.000000	100.00	0.000
62.850000	0.000998	50.00	245.440
62.900000	0.000000	100.00	0.000
62.950000	0.001478	0.00	245.440
63.000000	0.000000	100.00	0.000
63.050000	0.000000	100.00	0.000
63.100000	0.002495	50.00	245.440
63.150000	0.008796	50.00	245.440
63.200000	0.000000	100.00	0.000
63.250000	0.000000	100.00	0.000
63.300000	0.000000	100.00	0.000
63.350000	0.000000	100.00	0.000
63.400000	0.000000	100.00	0.000
63.450000	0.000000	100.00	0.000
63.500000	0.000000	100.00	0.000
63.550000	0.011952	33.33	490.880
63.600000	0.000000	100.00	0.000
63.650000	0.000000	100.00	0.000
63.700000	0.000000	100.00	0.000
63.750000	0.028009	50.00	245.440
63.800000	0.000000	100.00	0.000
63.850000	0.003866	0.00	245.440
63.900000	0.000000	100.00	0.000
63.950000	0.000000	100.00	0.000
64.000000	0.000000	100.00	0.000
64.050000	0.000000	100.00	0.000
64.100000	0.000000	100.00	0.000
64.150000	0.021402	50.00	0.000
64.200000	0.000000	100.00	245.440
64.250000	0.000000	100.00	0.000
64.300000	0.000255	66.67	245.440
64.350000	0.000000	100.00	0.000
64.400000	0.008510	50.00	245.440
64.450000	0.000000	100.00	0.000
64.500000	0.000000	100.00	0.000
64.550000	0.000000	100.00	0.000
64.600000	0.012308	50.00	0.000
64.650000	0.000000	100.00	245.440
64.700000	0.000000	100.00	0.000
64.750000	0.000254	66.67	245.440
64.800000	0.000000	100.00	0.000
64.850000	0.011003	50.00	490.880
64.900000	0.000000	100.00	0.000
64.950000	0.000000	100.00	0.000
65.000000	0.000000	100.00	0.000
65.050000	0.000000	100.00	0.000
65.100000	0.000000	100.00	0.000
65.150000	0.000000	100.00	0.000
65.200000	0.000000	100.00	0.000
65.250000	0.000000	100.00	0.000
65.300000	0.000000	100.00	0.000
65.350000	0.000000	100.00	0.000
65.400000	0.004779	50.00	245.440
65.450000	0.000000	100.00	0.000
65.500000	0.006470	66.67	0.000
65.550000	0.000000	100.00	245.440
65.600000	0.007955	50.00	245.440
65.650000	0.000000	100.00	0.000
65.700000	0.000000	100.00	0.000
65.750000	0.000000	100.00	0.000
65.800000	0.000000	100.00	0.000
65.850000	0.000000	100.00	0.000
65.900000	0.043415	0.00	0.000
65.950000	0.004546	66.67	490.880
66.000000	0.000000	100.00	0.000
66.050000	0.001468	50.00	490.880
66.100000	0.007728	50.00	0.000
66.150000	0.000000	100.00	245.440
66.200000	0.001458	50.00	245.440
66.250000	0.000000	100.00	0.000
66.300000	0.000000	100.00	0.000
66.350000	0.006891	66.67	245.440
66.400000	0.000000	100.00	0.000
66.450000	0.000000	100.00	0.000
66.500000	0.004126	50.00	245.440
66.550000	0.000000	100.00	0.000
66.600000	0.000000	100.00	0.000
66.650000	0.022334	50.00	245.440
66.700000	0.010687	50.00	245.440
66.750000	0.000000	100.00	0.000
66.800000	0.001499	0.00	245.440
66.850000	0.000000	100.00	0.000
66.900000	0.000000	100.00	0.000
66.950000	0.000000	100.00	0.000
67.000000	0.022211	50.00	245.440
67.050000	0.015887	0.00	245.440
67.100000	0.002663	50.00	490.880
67.150000	0.000000	100.00	0.000
67.200000	0.000000	100.00	0.000
67.250000	0.000000	100.00	0.000
67.300000	0.011151	66.67	245.440
67.350000	0.000000	100.00	0.000
67.400000	0.000000	100.00	0.000
67.450000	0.008883	50.00	245.440
67.500000	0.000254	50.00	245.440
67.550000	0.000000	100.00	0.000
67.600000	0.032471	50.00	0.000
67.650000	0.000000	100.00	245.440
67.700000	0.023564	0.00	245.440
67.750000	0.000000	100.00	0.000
67.800000	0.001219	66.67	245.440
67.850000	0.000000	100.00	0.000
67.900000	0.017615	0.00	490.880
67.950000	0.011635	66.67	0.000
68.000000	0.000000	100.00	245.440
68.050000	0.000000	100.00	0.000
68.100000	0.004513	33.33	490.880
68.150000	0.004986	33.33	490.880
68.200000	0.009541	66.67	245.440
68.250000	0.000000	100.00	0.000
68.300000	0.000000	100.00	0.000
68.350000	0.004771	50.00	245.440
68.400000	0.000000	100.00	0.000
68.450000	0.000000	100.00	0.000
68.500000	0.000000	100.00	0.000
68.550000	0.011320	25.00	736.320
68.600000	0.006353	33.33	245.440
68.650000	0.000000	100.00	245.440
68.700000	0.000254	0.00	245.440
68.750000	0.005009	25.00	736.320
68.800000	0.000000	100.00	0.000
68.850000	0.000000	100.00	0.000
68.900000	0.003075	25.00	490.880
68.950000	0.005589	66.67	490.880
69.000000	0.000000	100.00	0.000
69.050000	0.006457	25.00	490.880
69.100000	0.000000	100.00	245.440
69.150000	0.016631	33.33	245.440
69.200000	0.000000	100.00	245.440
69.250000	0.000938	50.00	245.440
69.300000	0.000000	100.00	0.000
69.350000	0.012978	50.00	245.440
69.400000	0.000000	100.00	0.000
69.450000	0.000000	100.00	0.000
69.500000	0.014502	33.33	490.880
69.550000	0.000000	100.00	0.000
69.600000	0.000000	100.00	0.000
69.650000	0.000000	100.00	0.000
69.700000	0.002457	33.33	490.880
69.750000	0.006411	25.00	736.320
69.800000	0.005888	0.00	490.880
69.850000	0.015814	66.67	490.880
69.900000	0.000000	100.00	0.000
69.950000	0.002582	66.67	245.440
70.000000	0.001519	66.67	245.440
70.050000	0.031125	0.00	0.000
70.100000	0.000000	100.00	245.440
70.150000	0.000000	100.00	0.000
70.200000	0.000000	100.00	0.000
70.250000	0.023814	66.67	245.440
70.300000	0.000000	100.00	0.000
70.350000	0.005603	50.00	245.440
70.400000	0.010151	50.00	245.440
70.450000	0.000254	66.67	245.440
70.500000	0.000000	100.00	0.000
70.550000	0.002792	33.33	490.880
70.600000	0.030909	50.00	245.440
70.650000	0.000000	100.00	0.000
70.700000	0.002102	66.67	245.440
70.750000	0.000000	100.00	0.000
70.800000	0.015727	50.00	245.440
70.850000	0.000000	100.00	0.000
70.900000	0.000255	50.00	245.440
70.950000	0.007449	33.33	490.880
71.000000	0.000000	100.00	0.000
71.050000	0.000254	66.67	245.440
71.100000	0.000000	100.00	0.000
71.150000	0.004967	50.00	245.440
71.200000	0.000000	100.00	0.000
71.250000	0.010443	66.67	245.440
71.300000	0.000000	100.00	0.000
71.350000	0.007971	50.00	245.440
71.400000	0.001758	50.00	490.880
71.450000	0.012480	66.67	245.440
71.500000	0.000000	100.00	0.000
71.550000	0.004911	40.00	736.320
71.600000	0.000000	100.00	0.000
71.650000	0.003101	66.67	245.440
71.700000	0.002801	33.33	490.880
71.750000	0.000000	100.00	0.000
71.800000	0.000000	100.00	0.000
71.850000	0.000000	100.00	0.000
71.900000	0.015657	50.00	245.440
71.950000	0.001653	0.00	736.320
72.000000	0.006737	33.33	490.880
72.050000	0.001418	50.00	245.440
72.100000	0.010049	0.00	736.320
72.150000	0.000000	100.00	245.440
72.200000	0.006978	33.33	490.880
72.250000	0.002774	33.33	490.880
72.300000	0.000000	100.00	0.000
72.350000	0.000254	50.00	245.440
72.400000	0.001319	66.67	245.440
72.450000	0.034840	50.00	0.000
72.500000	0.011881	25.00	981.760
72.550000	0.002071	50.00	245.440
72.600000	0.013229	33.33	490.880
72.650000	0.004287	33.33	490.880
72.700000	0.003004	50.00	490.880
72.750000	0.002100	50.00	490.880
72.800000	0.004429	50.00	245.440
72.850000	0.003999	50.00	0.000
72.900000	0.001198	66.67	490.880
72.950000	0.004768	25.00	736.320
73.000000	0.001138	66.67	245.440
73.050000	0.003319	50.00	245.440
73.100000	0.000254	50.00	245.440
73.150000	0.012787	50.00	0.000
73.200000	0.000000	100.00	245.440
73.250000	0.002083	66.67	245.440
73.300000	0.002101	0.00	736.320
73.350000	0.000254	66.67	245.440
73.400000	0.010493	33.33	490.880
73.450000	0.000000	100.00	0.000
73.500000	0.017207	50.00	245.440
73.550000	0.011456	50.00	245.440
73.600000	0.018975	0.00	245.440
73.650000	0.001218	50.00	490.880
73.700000	0.001078	50.00	245.440
73.750000	0.011363	66.67	245.440
73.800000	0.000979	66.67	245.440
73.850000	0.000000	100.00	0.000
73.900000	0.000000	100.00	0.000
73.950000	0.000000	100.00	0.000
74.000000	0.000000	100.00	0.000
74.050000	0.007008	25.00	490.880
74.100000	0.000000	100.00	245.440
74.150000	0.000254	66.67	245.440
74.200000	0.033549	50.00	0.000
74.250000	0.002151	50.00	490.880
74.300000	0.000000	100.00	0.000
74.350000	0.000000	100.00	0.000
74.400000	0.000000	100.00	0.000
74.450000	0.021011	0.00	490.880
74.500000	0.000000	100.00	245.440
74.550000	0.015866	0.00	490.880
74.600000	0.005478	20.00	1227.200
74.650000	0.041963	50.00	245.440
74.700000	0.005239	50.00	245.440
74.750000	0.007158	0.00	981.760
74.800000	0.005610	66.67	490.880
74.850000	0.002430	20.00	736.320
74.900000	0.004967	50.00	245.440
74.950000	0.000000	100.00	245.440
75.000000	0.003406	50.00	245.440
75.050000	0.000255	0.00	490.880
75.100000	0.000000	100.00	0.000
75.150000	0.000000	100.00	0.000
75.200000	0.011457	33.33	245.440
75.250000	0.000000	100.00	245.440
75.300000	0.000000	100.00	0.000
75.350000	0.000000	100.00	0.000
75.400000	0.011808	50.00	245.440
75.450000	0.007451	16.67	1227.200
75.500000	0.005903	0.00	1472.640
75.550000	0.000000	100.00	245.440
75.600000	0.002674	0.00	736.320
75.650000	0.009855	0.00	736.320
75.700000	0.001299	28.57	1472.640
75.750000	0.014074	0.00	245.440
75.800000	0.001713	20.00	981.760
75.850000	0.002342	66.67	490.880
75.900000	0.001258	20.00	981.760
75.950000	0.027012	0.00	0.000
76.000000	0.001940	25.00	981.760
76.050000	0.007703	25.00	490.880
76.100000	0.018282	33.33	490.880
76.150000	0.003364	50.00	736.320
76.200000	0.003430	20.00	981.760
76.250000	0.028323	0.00	0.000
76.300000	0.004294	33.33	490.880
76.350000	0.012174	33.33	490.880
76.400000	0.013385	25.00	736.320
76.450000	0.000000	100.00	245.440
76.500000	0.005686	20.00	981.760
76.550000	0.000904	14.29	1472.640
76.600000	0.008296	0.00	490.880
76.650000	0.000254	66.67	490.880
76.700000	0.009241	0.00	490.880
76.750000	0.017414	33.33	736.320
76.800000	0.004016	0.00	981.760
76.850000	0.002471	14.29	1472.640
76.900000	0.000756	50.00	490.880
76.950000	0.000000	100.00	0.000
77.000000	0.000000	100.00	0.000
77.050000	0.003553	25.00	736.320
77.100000	0.013106	0.00	736.320
77.150000	0.000254	50.00	245.440
77.200000	0.004250	50.00	245.440
77.250000	0.014784	0.00	490.880
77.300000	0.007551	50.00	490.880
77.350000	0.000000	100.00	0.000
77.400000	0.004464	14.29	1227.200
77.450000	0.005979	14.29	1472.640
77.500000	0.003938	20.00	981.760
77.550000	0.000254	50.00	490.880
77.600000	0.016081	0.00	736.320
77.650000	0.003086	20.00	1227.200
77.700000	0.000000	100.00	0.000
77.750000	0.009987	50.00	490.880
77.800000	0.001398	0.00	490.880
77.850000	0.001292	25.00	490.880
77.900000	0.001747	40.00	981.760
77.950000	0.000776	50.00	490.880
78.000000	0.001458	50.00	245.440
78.050000	0.000000	100.00	0.000
78.100000	0.000254	33.33	490.880
78.150000	0.003219	0.00	981.760
78.200000	0.009485	0.00	1227.200
78.250000	0.017140	0.00	736.320
78.300000	0.001726	25.00	981.760
78.350000	0.004657	0.00	1718.080
78.400000	0.007766	16.67	1472.640
78.450000	0.005543	50.00	245.440
78.500000	0.008557	0.00	736.320
78.550000	0.012852	33.33	245.440
78.600000	0.034434	0.00	245.440
78.650000	0.002207	40.00	736.320
78.700000	0.010837	25.00	736.320
78.750000	0.000766	20.00	1227.200
78.800000	0.005715	50.00	245.440
78.850000	0.037637	0.00	0.000
78.900000	0.000000	100.00	245.440
78.950000	0.017725	33.33	245.440
79.000000	0.000254	50.00	490.880
79.050000	0.002191	33.33	490.880
79.100000	0.008628	20.00	981.760
79.150000	0.000000	100.00	0.000
79.200000	0.000254	66.67	245.440
79.250000	0.000000	100.00	0.000
79.300000	0.000254	50.00	490.880
79.350000	0.003700	25.00	736.320
79.400000	0.011175	50.00	245.440
79.450000	0.000000	100.00	0.000
79.500000	0.001297	28.57	1227.200
79.550000	0.014349	50.00	245.440
79.600000	0.004524	0.00	1227.200
79.650000	0.033178	50.00	245.440
79.700000	0.003222	0.00	2945.280
79.750000	0.003234	8.33	2945.280
79.800000	0.001823	16.67	1227.200
79.850000	0.004710	0.00	981.760
79.900000	0.021213	33.33	245.440
79.950000	0.002124	22.22	1963.520
80.000000	0.003248	0.00	736.320
80.050000	0.003004	10.00	2208.960
80.100000	0.000378	14.29	1472.640
80.150000	0.008435	0.00	981.760
80.200000	0.000499	28.57	1472.640
80.250000	0.004495	33.33	490.880
80.300000	0.002297	25.00	736.320
80.350000	0.005110	28.57	1227.200
80.400000	0.000000	100.00	0.000
80.450000	0.005389	25.00	736.320
80.500000	0.013826	0.00	490.880
80.550000	0.004088	0.00	3681.600
80.600000	0.002393	0.00	3190.720
80.650000	0.004764	0.00	3436.160
80.700000	0.003305	20.00	1227.200
80.750000	0.008077	0.00	736.320
80.800000	0.004687	11.11	1963.520
80.850000	0.001951	11.11	2208.960
80.900000	0.002720	0.00	981.760
80.950000	0.004358	0.00	2699.840
81.000000	0.002643	12.50	1963.520
81.050000	0.012762	0.00	0.000
81.100000	0.001757	10.00	2208.960
81.150000	0.004854	0.00	2454.400
81.200000	0.008665	0.00	1718.080
81.250000	0.001974	16.67	1472.640
81.300000	0.000806	12.50	1472.640
81.350000	0.002687	8.33	2699.840
81.400000	0.010552	0.00	1472.640
81.450000	0.009287	0.00	1227.200
81.500000	0.003161	0.00	2945.280
81.550000	0.000836	22.22	1963.520
81.600000	0.002099	0.00	3190.720
81.650000	0.001477	10.00	2454.400
81.700000	0.001714	20.00	981.760
81.750000	0.003415	8.33	2699.840
81.800000	0.000000	100.00	0.000
81.850000	0.003482	0.00	2454.400
81.900000	0.006486	0.00	1963.520
81.950000	0.004233	0.00	2699.840
82.000000	0.033825	50.00	490.880
82.050000	0.002112	0.00	1963.520
82.100000	0.002116	0.00	5645.120
82.150000	0.011083	0.00	981.760
82.200000	0.003186	0.00	3436.160
82.250000	0.013930	0.00	736.320
82.300000	0.014781	0.00	736.320
82.350000	0.003001	7.14	3436.160
82.400000	0.005654	0.00	736.320
82.450000	0.002181	0.00	4663.360
82.500000	0.004117	0.00	2945.280
82.550000	0.000683	25.00	490.880
82.600000	0.003522	0.00	3681.600
82.650000	0.002173	0.00	4417.920
82.700000	0.008676	0.00	1718.080
82.750000	0.009708	0.00	981.760
82.800000	0.001387	10.00	2454.400
82.850000	0.008331	0.00	1472.640
82.900000	0.039866	0.00	245.440
82.950000	0.002065	0.00	3927.040
83.000000	0.003069	0.00	3927.040
83.050000	0.002113	0.00	4417.920
83.100000	0.000837	20.00	1227.200
83.150000	0.003230	0.00	5399.680
83.200000	0.008124	0.00	490.880
83.250000	0.002675	0.00	4417.920
83.300000	0.002180	0.00	4908.800
83.350000	0.002183	0.00	4908.800
83.400000	0.005145	0.00	3436.160
83.450000	0.004541	0.00	1472.640
83.500000	0.001495	8.33	2699.840
83.550000	0.003986	9.09	2699.840
83.600000	0.006572	0.00	1227.200
83.650000	0.003098	0.00	2208.960
83.700000	0.003059	0.00	3681.600
83.750000	0.000611	3.45	7117.760
83.800000	0.001073	0.00	2699.840
83.850000	0.002527	0.00	4172.480
83.900000	0.001678	20.00	1227.200
83.950000	0.012928	0.00	981.760
84.000000	0.004674	0.00	1472.640
84.050000	0.001088	0.00	9817.600
84.100000	0.002003	0.00	5645.120
84.150000	0.001716	0.00	4908.800
84.200000	0.001218	50.00	490.880
84.250000	0.001559	0.00	3681.600
84.300000	0.001333	0.00	1472.640
84.350000	0.004676	0.00	1472.640
84.400000	0.003019	0.00	3681.600
84.450000	0.003380	0.00	3436.160
84.500000	0.008009	0.00	2208.960
84.550000	0.026278	0.00	490.880
84.600000	0.001196	0.00	2208.960
84.650000	0.000939	7.69	3190.720
84.700000	0.001637	0.00	5645.120
84.750000	0.001879	0.00	4908.800
84.800000	0.001544	0.00	6136.000
84.850000	0.003111	0.00	3436.160
84.900000	0.001738	7.69	3190.720
84.950000	0.001181	0.00	4417.920
85.000000	0.004259	0.00	3190.720
85.050000	0.010324	0.00	981.760
85.100000	0.001005	9.09	2699.840
85.150000	0.001782	0.00	4908.800
85.200000	0.002814	0.00	4172.480
85.250000	0.003273	0.00	3436.160
85.300000	0.001333	0.00	6872.320
85.350000	0.001776	0.00	5890.560
85.400000	0.001618	0.00	6381.440
85.450000	0.001312	0.00	7117.760
85.500000	0.002011	0.00	5645.120
85.550000	0.001404	9.09	2699.840
85.600000	0.001116	0.00	4663.360
85.650000	0.002298	0.00	4908.800
85.700000	0.002100	0.00	4908.800
85.750000	0.001012	2.86	8590.400
85.800000	0.006410	0.00	245.440
85.850000	0.002133	0.00	4417.920
85.900000	0.002244	0.00	4417.920
85.950000	0.007525	0.00	2208.960
86.000000	0.000835	0.00	5399.680
86.050000	0.003032	10.00	2454.400
86.100000	0.003102	0.00	4663.360
86.150000	0.001555	0.00	3436.160
86.200000	0.002358	0.00	4908.800
86.250000	0.001098	4.17	5890.560
86.300000	0.004019	0.00	2454.400
86.350000	0.038720	0.00	245.440
86.400000	0.002739	0.00	3436.160
86.450000	0.001658	0.00	5890.560
86.500000	0.002041	0.00	5154.240
86.550000	0.003802	0.00	3190.720
86.600000	0.001621	0.00	5645.120
86.650000	0.001054	0.00	8344.960
86.700000	0.001728	0.00	5645.120
86.750000	0.001213	0.00	7363.200
86.800000	0.001079	0.00	8344.960
86.850000	0.001096	0.00	7854.080
86.900000	0.001014	0.00	8835.840
86.950000	0.001128	0.00	6626.880
87.000000	0.001777	0.00	6381.440
87.050000	0.003394	0.00	4417.920
87.100000	0.001610	0.00	3436.160
87.150000	0.001435	0.00	6381.440
87.200000	0.001510	0.00	6136.000
87.250000	0.003788	0.00	2945.280
87.300000	0.000725	0.00	9326.720
87.350000	0.002384	0.00	5154.240
87.400000	0.000987	0.00	6626.880
87.450000	0.001475	0.00	6136.000
87.500000	0.001232	0.00	7363.200
87.550000	0.001518	0.00	6381.440
87.600000	0.001386	0.00	6626.880
87.650000	0.001029	0.00	8099.520
87.700000	0.001511	0.00	5645.120
87.750000	0.002049	0.00	5154.240
87.800000	0.001138	8.33	2945.280
87.850000	0.000785	0.00	5645.120
87.900000	0.001138	0.00	7854.080
87.950000	0.000840	0.00	9817.600
88.000000	0.001044	0.00	8099.520
88.050000	0.001401	0.00	6872.320
88.100000	0.000849	0.00	8835.840
88.150000	0.000934	0.00	8835.840
88.200000	0.001016	0.00	8590.400
88.250000	0.001100	0.00	8344.960
88.300000	0.000907	0.00	9081.280
88.350000	0.002675	0.00	3927.040
88.400000	0.001141	0.00	8344.960
88.450000	0.000859	0.00	9572.160
88.500000	0.001031	0.00	8344.960
88.550000	0.000512	0.00	13499.200
88.600000	0.000894	0.00	10063.040
88.650000	0.004704	0.00	4663.360
88.700000	0.000000	0.00	0.000
88.750000	0.001281	0.00	6872.320
88.800000	0.001237	0.00	7363.200
88.850000	0.001495	0.00	6136.000
88.900000	0.001127	0.00	8835.840
88.950000	0.000580	0.00	10308.480
89.000000	0.000859	0.00	9326.720
89.050000	0.001214	0.00	7608.640
89.100000	0.001280	0.00	6872.320
89.150000	0.001023	0.00	8344.960
89.200000	0.001323	0.00	6872.320
89.250000	0.000635	0.00	11290.240
89.300000	0.000779	0.00	9326.720
89.350000	0.000609	0.00	12272.000
89.400000	0.001286	0.00	7117.760
89.450000	0.001197	0.00	7854.080
89.500000	0.001382	0.00	6381.440
89.550000	0.001230	0.00	7608.640
89.600000	0.000893	0.00	9081.280
89.650000	0.000857	0.00	11290.240
89.700000	0.001440	0.00	7854.080
89.750000	0.001115	0.00	6136.000
89.800000	0.001116	0.00	7363.200
89.850000	0.000607	0.00	12026.560
89.900000	0.000976	0.00	8099.520
89.950000	0.001226	0.00	7608.640
90.000000	0.000729	0.00	10063.040
90.050000	0.000723	0.00	10063.040
90.100000	0.000878	0.00	8835.840
90.150000	0.000787	0.00	9081.280
90.200000	0.000964	0.00	8835.840
90.250000	0.000872	0.00	7363.200
90.300000	0.000985	0.00	9081.280
90.350000	0.000682	0.00	9081.280
90.400000	0.000466	0.00	13744.640
90.450000	0.001369	0.00	6626.880
90.500000	0.000705	0.00	11290.240
90.550000	0.000727	0.00	11044.800
90.600000	0.000862	0.00	7608.640
90.650000	0.000681	0.00	10553.920
90.700000	0.000711	0.00	12026.560
90.750000	0.000583	0.00	10063.040
90.800000	0.000538	0.00	13008.320
90.850000	0.000624	0.00	9817.600
90.900000	0.001046	0.00	8344.960
90.950000	0.000661	0.00	9572.160
91.000000	0.000440	0.00	13499.200
91.050000	0.000713	0.00	10063.040
91.100000	0.000658	0.00	10308.480
91.150000	0.000501	0.00	12026.560
91.200000	0.000543	0.00	11781.120
91.250000	0.000821	0.00	10308.480
91.300000	0.000632	0.00	11290.240
91.350000	0.000572	0.00	11781.120
91.400000	0.000803	0.00	9572.160
91.450000	0.000592	0.00	10799.360
91.500000	0.000563	0.00	11535.680
91.550000	0.000370	0.00	16444.480
91.600000	0.000564	0.00	12517.440
91.650000	0.000456	0.00	11781.120
91.700000	0.000637	0.00	9572.160
91.750000	0.000585	0.00	11044.800
91.800000	0.000453	0.00	12517.440
91.850000	0.000466	0.00	12026.560
91.900000	0.000433	0.00	12272.000
91.950000	0.000621	0.00	9572.160
92.000000	0.000668	0.00	9817.600
92.050000	0.000644	0.00	10553.920
92.100000	0.001387	0.00	11044.800
92.150000	0.000451	0.00	3681.600
92.200000	0.000499	0.00	12026.560
92.250000	0.000532	0.00	11044.800
92.300000	0.000641	0.00	10799.360
92.350000	0.000530	0.00	11781.120
92.400000	0.000591	0.00	10308.480
92.450000	0.000439	0.00	12026.560
92.500000	0.000606	0.00	11781.120
92.550000	0.000369	0.00	13253.760
92.600000	0.000546	0.00	10553.920
92.650000	0.000580	0.00	11290.240
92.700000	0.000550	0.00	11781.120
92.750000	0.000503	0.00	11781.120
92.800000	0.000411	0.00	13499.200
92.850000	0.000457	0.00	12517.440
92.900000	0.000798	0.00	8344.960
92.950000	0.000467	0.00	11781.120
93.000000	0.000526	0.00	11535.680
93.050000	0.000946	0.00	7608.640
93.100000	0.000532	0.00	11781.120
93.150000	0.000452	0.00	12517.440
93.200000	0.001283	0.00	7117.760
93.250000	0.000515	0.00	11044.800
93.300000	0.000483	0.00	11781.120
93.350000	0.000436	0.00	13499.200
93.400000	0.000739	0.00	11290.240
93.450000	0.001015	0.00	7854.080
93.500000	0.000643	0.00	11781.120
93.550000	0.000420	0.00	11290.240
93.600000	0.000561	0.00	10553.920
93.650000	0.000393	0.00	13253.760
93.700000	0.000540	0.00	11044.800
93.750000	0.000572	0.00	11044.800
93.800000	0.000459	0.00	11781.120
93.850000	0.000478	0.00	12517.440
93.900000	0.000415	0.00	13990.080
93.950000	0.000396	0.00	14480.960
94.000000	0.000691	0.00	9817.600
94.050000	0.000395	0.00	12762.880
94.100000	0.000378	0.00	14480.960
94.150000	0.000576	0.00	11044.800
94.200000	0.000356	0.00	13990.080
94.250000	0.000561	0.00	11535.680
94.300000	0.000612	0.00	9081.280
94.350000	0.000479	0.00	12517.440
94.400000	0.000760	0.00	9817.600
94.450000	0.000419	0.00	13253.760
94.500000	0.000523	0.00	11781.120
94.550000	0.000519	0.00	12026.560
94.600000	0.000526	0.00	12272.000
94.650000	0.000585	0.00	10799.360
94.700000	0.000354	0.00	14480.960
94.750000	0.000345	0.00	14480.960
94.800000	0.000468	0.00	12517.440
94.850000	0.000551	0.00	10553.920
94.900000	0.000450	0.00	12517.440
94.950000	0.000414	0.00	14235.520
95.000000	0.000666	0.00	9817.600
95.050000	0.000415	0.00	14726.400
95.100000	0.000794	0.00	8590.400
95.150000	0.000521	0.00	11290.240
95.200000	0.000417	0.00	12762.880
95.250000	0.000407	0.00	13499.200
95.300000	0.000510	0.00	11044.800
95.350000	0.000374	0.00	12517.440
95.400000	0.000450	0.00	12517.440
95.450000	0.000332	0.00	15217.280
95.500000	0.000508	0.00	11290.240
95.550000	0.000313	0.00	14971.840
95.600000	0.000380	0.00	11290.240
95.650000	0.000389	0.00	12517.440
95.700000	0.000394	0.00	14235.520
95.750000	0.000454	0.00	12517.440
95.800000	0.000446	0.00	12762.880
95.850000	0.000335	0.00	14235.520
95.900000	0.000454	0.00	12272.000
95.950000	0.000319	0.00	13744.640
96.000000	0.000399	0.00	13744.640
96.050000	0.000579	0.00	11290.240
96.100000	0.000413	0.00	12026.560
96.150000	0.000753	0.00	9081.280
96.200000	0.000398	0.00	12762.880
96.250000	0.000412	0.00	12762.880
96.300000	0.000527	0.00	11781.120
96.350000	0.000336	0.00	14726.400
96.400000	0.000384	0.00	12762.880
96.450000	0.000351	0.00	13499.200
96.500000	0.000514	0.00	12762.880
96.550000	0.000526	0.00	11290.240
96.600000	0.000461	0.00	12272.000
96.650000	0.000385	0.00	14480.960
96.700000	0.000437	0.00	12762.880
96.750000	0.000478	0.00	11044.800
96.800000	0.000387	0.00	13499.200
96.850000	0.000446	0.00	12272.000
96.900000	0.000434	0.00	11781.120
96.950000	0.000324	0.00	14480.960
97.000000	0.000373	0.00	14235.520
97.050000	0.000377	0.00	12762.880
97.100000	0.000664	0.00	9572.160
97.150000	0.000355	0.00	14235.520
97.200000	0.000505	0.00	12762.880
97.250000	0.000517	0.00	11781.120
97.300000	0.000479	0.00	10553.920
97.350000	0.000536	0.00	12026.560
97.400000	0.000438	0.00	11535.680
97.450000	0.000349	0.00	14235.520
97.500000	0.000398	0.00	13253.760
97.550000	0.000594	0.00	10553.920
97.600000	0.000395	0.00	12272.000
97.650000	0.000337	0.00	12762.880
97.700000	0.000343	0.00	13499.200
97.750000	0.000487	0.00	11290.240
97.800000	0.000424	0.00	12762.880
97.850000	0.000689	0.00	9081.280
97.900000	0.000319	0.00	14480.960
97.950000	0.000455	0.00	11290.240
98.000000	0.000844	0.00	8590.400
98.050000	0.000662	0.00	10799.360
98.100000	0.000350	0.00	13744.640
98.150000	0.000434	0.00	12026.560
98.200000	0.000478	0.00	12026.560
98.250000	0.000411	0.00	14235.520
98.300000	0.000451	0.00	12026.560
98.350000	0.000514	0.00	11290.240
98.400000	0.000457	0.00	11781.120
98.450000	0.000540	0.00	10799.360
98.500000	0.000533	0.00	11290.240
98.550000	0.000438	0.00	12026.560
98.600000	0.000486	0.00	12026.560
98.650000	0.000329	0.00	13253.760
98.700000	0.000449	0.00	11535.680
98.750000	0.000462	0.00	12026.560
98.800000	0.000400	0.00	13990.080
98.850000	0.000609	0.00	10308.480
98.900000	0.000340	0.00	14726.400
98.950000	0.000564	0.00	11044.800
99.000000	0.000357	0.00	13008.320
99.050000	0.000438	0.00	11535.680
99.100000	0.000442	0.00	11535.680
99.150000	0.000564	0.00	10553.920
99.200000	0.000354	0.00	13990.080
99.250000	0.000581	0.00	10553.920
99.300000	0.000519	0.00	11781.120
