start, delay, loss random, rate
0.000000	0.000258	0.00	24298.560
0.100000	0.000254	0.00	24666.720
0.200000	0.000254	0.00	24666.720
0.300000	0.000254	0.00	24175.840
0.400000	0.000254	0.00	24053.120
0.500000	0.000254	0.00	24912.160
0.600000	0.000254	0.00	24666.720
0.700000	0.000257	0.00	24421.280
0.800000	0.000259	0.00	24175.840
0.900000	0.000265	0.00	24175.840
1.000000	0.000254	0.00	25034.880
1.100000	0.000296	0.00	17917.120
1.200000	0.000475	0.00	11781.120
1.300000	0.000402	0.00	13253.760
1.400000	0.000599	0.00	11044.800
1.500000	0.000482	0.00	11781.120
1.600000	0.000346	0.00	13867.360
1.700000	0.000427	0.00	13008.320
1.800000	0.000445	0.00	12517.440
1.900000	0.000391	0.00	14112.800
2.000000	0.000543	0.00	11044.800
2.100000	0.000521	0.00	12026.560
2.200000	0.000549	0.00	11167.520
2.300000	0.000508	0.00	11044.800
2.400000	0.000501	0.00	12640.160
2.500000	0.000407	0.00	13621.920
2.600000	0.000476	0.00	11412.960
2.700000	0.000564	0.00	11167.520
2.800000	0.000472	0.00	11903.840
2.900000	0.000439	0.00	13376.480
3.000000	0.000567	0.00	11412.960
3.100000	0.000520	0.00	11781.120
3.200000	0.000456	0.00	12272.000
3.300000	0.000447	0.00	11412.960
3.400000	0.000444	0.00	11903.840
3.500000	0.000385	0.00	13376.480
3.600000	0.000369	0.00	13131.040
3.700000	0.000431	0.00	13376.480
3.800000	0.000620	0.00	11044.800
3.900000	0.000498	0.00	11290.240
4.000000	0.000612	0.00	11290.240
4.100000	0.000807	0.00	9449.440
4.200000	0.000442	0.00	13008.320
4.300000	0.000595	0.00	11412.960
4.400000	0.000446	0.00	12885.600
4.500000	0.000688	0.00	9940.320
4.600000	0.000626	0.00	10553.920
4.700000	0.000411	0.00	13253.760
4.800000	0.000642	0.00	10431.200
4.900000	0.000657	0.00	10553.920
5.000000	0.000492	0.00	11290.240
5.100000	0.000730	0.00	9326.720
5.200000	0.000534	0.00	12026.560
5.300000	0.000480	0.00	11781.120
5.400000	0.000435	0.00	12272.000
5.500000	0.000561	0.00	11290.240
5.600000	0.000651	0.00	11535.680
5.700000	0.000586	0.00	10799.360
5.800000	0.000883	0.00	8713.120
5.900000	0.000501	0.00	11658.400
6.000000	0.000703	0.00	10553.920
6.100000	0.000837	0.00	8958.560
6.200000	0.000972	0.00	8099.520
6.300000	0.000683	0.00	10063.040
6.400000	0.000709	0.00	10308.480
6.500000	0.000754	0.00	10799.360
6.600000	0.000704	0.00	9081.280
6.700000	0.000590	0.00	11658.400
6.800000	0.000847	0.00	9081.280
6.900000	0.000881	0.00	9694.880
7.000000	0.000742	0.00	10799.360
7.100000	0.000692	0.00	9572.160
7.200000	0.000637	0.00	10431.200
7.300000	0.000641	0.00	10799.360
7.400000	0.000727	0.00	10308.480
7.500000	0.000898	0.00	8835.840
7.600000	0.000952	0.00	8344.960
7.700000	0.000845	0.00	8835.840
7.800000	0.000840	0.00	9572.160
7.900000	0.000909	2.33	5031.520
8.000000	0.000785	0.00	10431.200
8.100000	0.000920	0.00	8713.120
8.200000	0.001286	0.00	7117.760
8.300000	0.001093	0.00	7485.920
8.400000	0.000705	0.00	9940.320
8.500000	0.000872	0.00	8590.400
8.600000	0.001276	0.00	7485.920
8.700000	0.000873	0.00	10185.760
8.800000	0.001244	0.00	7485.920
8.900000	0.002206	0.00	4417.920
9.000000	0.001437	0.00	6136.000
9.100000	0.001363	0.00	8467.680
9.200000	0.001055	0.00	6258.720
9.300000	0.000959	0.00	8467.680
9.400000	0.001708	0.00	5767.840
9.500000	0.002086	0.00	4786.080
9.600000	0.001980	0.00	4908.800
9.700000	0.002253	0.00	4663.360
9.800000	0.001560	0.00	6504.160
9.900000	0.002266	0.00	4295.200
10.000000	0.001285	2.78	4172.480
10.100000	0.002777	3.33	3681.600
10.200000	0.000000	0.00	0.000
10.300000	0.001889	0.00	5645.120
10.400000	0.001843	0.00	5276.960
10.500000	0.001535	0.00	6504.160
10.600000	0.001435	0.00	6872.320
10.700000	0.001243	0.00	7731.360
10.800000	0.001271	0.00	7731.360
10.900000	0.001316	0.00	7608.640
11.000000	0.001577	0.00	6013.280
11.100000	0.001644	0.00	6381.440
11.200000	0.001468	0.00	7608.640
11.300000	0.001365	0.00	5890.560
11.400000	0.002092	0.00	4908.800
11.500000	0.001819	0.00	5645.120
11.600000	0.002365	0.00	4663.360
11.700000	0.001576	0.00	6258.720
11.800000	0.001449	2.00	6013.280
11.900000	0.001795	0.00	2945.280
12.000000	0.001023	10.53	2208.960
12.100000	0.001971	0.00	4049.760
12.200000	0.003257	0.00	5399.680
12.300000	0.002852	0.00	2699.840
12.400000	0.002345	0.00	3190.720
12.500000	0.001935	0.00	6013.280
12.600000	0.004034	6.25	1840.800
12.700000	0.001638	2.70	4540.640
12.800000	0.001538	33.33	245.440
12.900000	0.002066	0.00	5031.520
13.000000	0.002916	3.57	3436.160
13.100000	0.001895	0.00	3681.600
13.200000	0.001229	2.38	5031.520
13.300000	0.002347	0.00	4417.920
13.400000	0.005904	0.00	2208.960
13.500000	0.006164	0.00	1718.080
13.600000	0.004195	0.00	3068.000
13.700000	0.001872	3.03	3927.040
13.800000	0.001326	0.00	7608.640
13.900000	0.002639	0.00	5890.560
14.000000	0.001861	5.26	2331.680
14.100000	0.007572	0.00	1104.480
14.200000	0.005436	0.00	1840.800
14.300000	0.005845	0.00	1840.800
14.400000	0.002983	0.00	3804.320
14.500000	0.004804	12.50	859.040
14.600000	0.004884	6.25	1840.800
14.700000	0.004103	12.50	981.760
14.800000	0.001689	8.33	2699.840
14.900000	0.001992	3.45	3313.440
15.000000	0.002152	0.00	5031.520
15.100000	0.004717	4.76	2454.400
15.200000	0.007221	0.00	859.040
15.300000	0.004739	3.85	3068.000
15.400000	0.005693	0.00	981.760
15.500000	0.004287	0.00	2822.560
15.600000	0.005172	0.00	2208.960
15.700000	0.003148	20.00	981.760
15.800000	0.003625	4.55	2699.840
15.900000	0.004452	0.00	2208.960
16.000000	0.003487	0.00	3190.720
16.100000	0.018827	50.00	368.160
16.200000	0.003650	6.67	1595.360
16.300000	0.012243	14.29	736.320
16.400000	0.010890	11.11	981.760
16.500000	0.004128	14.29	736.320
16.600000	0.002618	6.25	1963.520
16.700000	0.010099	16.67	490.880
16.800000	0.002880	16.67	1349.920
16.900000	0.003358	6.67	1718.080
17.000000	0.004132	25.00	736.320
17.100000	0.002061	15.38	1349.920
17.200000	0.002329	7.14	1472.640
17.300000	0.023984	50.00	245.440
17.400000	0.006605	40.00	490.880
17.500000	0.003184	16.67	1104.480
17.600000	0.006094	0.00	1718.080
17.700000	0.008464	10.00	1227.200
17.800000	0.005222	5.88	1840.800
17.900000	0.004616	25.00	859.040
18.000000	0.005247	10.00	1104.480
18.100000	0.002073	6.25	1718.080
18.200000	0.006621	18.18	1104.480
18.300000	0.010717	50.00	368.160
18.400000	0.003773	15.38	1349.920
18.500000	0.002751	6.25	1718.080
18.600000	0.004484	8.33	1349.920
18.700000	0.004503	10.00	1104.480
18.800000	0.003851	5.56	2208.960
18.900000	0.006008	28.57	613.600
19.000000	0.004373	25.00	613.600
19.100000	0.009765	33.33	613.600
19.200000	0.003578	28.57	613.600
19.300000	0.003765	25.00	736.320
19.400000	0.024123	33.33	122.720
19.500000	0.003147	8.33	1349.920
19.600000	0.003842	6.25	1840.800
19.700000	0.010408	12.50	859.040
19.800000	0.006380	28.57	613.600
19.900000	0.008004	10.00	1227.200
20.000000	0.002634	14.29	736.320
20.100000	0.017958	20.00	368.160
20.200000	0.001721	14.29	859.040
20.300000	0.000254	75.00	122.720
20.400000	0.003715	50.00	122.720
20.500000	0.009120	66.67	245.440
20.600000	0.007249	20.00	368.160
20.700000	0.007160	42.86	613.600
20.800000	0.015389	20.00	368.160
20.900000	0.004627	22.22	981.760
21.000000	0.002240	60.00	245.440
21.100000	0.002938	50.00	368.160
21.200000	0.001860	33.33	736.320
21.300000	0.003670	28.57	613.600
21.400000	0.008214	33.33	368.160
21.500000	0.006652	12.50	859.040
21.600000	0.002650	50.00	613.600
21.700000	0.024093	50.00	0.000
21.800000	0.006201	50.00	613.600
21.900000	0.009241	33.33	122.720
22.000000	0.013540	33.33	613.600
22.100000	0.005760	14.29	736.320
22.200000	0.033826	75.00	122.720
22.300000	0.005327	40.00	245.440
22.400000	0.002492	50.00	490.880
22.500000	0.010186	66.67	122.720
22.600000	0.009703	37.50	613.600
22.700000	0.007644	40.00	368.160
22.800000	0.004251	33.33	490.880
22.900000	0.009386	22.22	736.320
23.000000	0.006835	50.00	490.880
23.100000	0.010420	40.00	368.160
23.200000	0.006471	42.86	490.880
23.300000	0.000000	100.00	0.000
23.400000	0.002914	42.86	368.160
23.500000	0.009883	80.00	245.440
23.600000	0.008118	66.67	0.000
23.700000	0.005220	33.33	859.040
23.800000	0.022239	66.67	122.720
23.900000	0.000000	100.00	0.000
24.000000	0.000000	100.00	0.000
24.100000	0.002027	40.00	368.160
24.200000	0.002100	60.00	245.440
24.300000	0.002462	60.00	245.440
24.400000	0.000000	100.00	0.000
24.500000	0.003040	50.00	368.160
24.600000	0.008107	60.00	245.440
24.700000	0.000000	100.00	0.000
24.800000	0.002585	50.00	368.160
24.900000	0.001138	75.00	122.720
25.000000	0.000000	100.00	0.000
25.100000	0.017805	50.00	245.440
25.200000	0.000656	50.00	245.440
25.300000	0.000000	100.00	0.000
25.400000	0.000254	75.00	122.720
25.500000	0.000000	100.00	0.000
25.600000	0.003667	60.00	245.440
25.700000	0.044263	66.67	122.720
25.800000	0.000254	66.67	245.440
25.900000	0.000000	100.00	0.000
26.000000	0.011325	42.86	368.160
26.100000	0.003002	37.50	613.600
26.200000	0.000000	100.00	122.720
26.300000	0.025235	50.00	245.440
26.400000	0.002714	33.33	490.880
26.500000	0.014313	40.00	368.160
26.600000	0.000000	100.00	0.000
26.700000	0.000000	100.00	0.000
26.800000	0.002814	50.00	368.160
26.900000	0.014434	50.00	122.720
27.000000	0.003677	57.14	490.880
27.100000	0.002453	40.00	368.160
27.200000	0.000000	100.00	0.000
27.300000	0.000254	75.00	122.720
27.400000	0.013339	75.00	122.720
27.500000	0.002422	66.67	122.720
27.600000	0.004928	75.00	122.720
27.700000	0.000000	100.00	0.000
27.800000	0.002383	75.00	122.720
27.900000	0.010816	25.00	368.160
28.000000	0.013867	75.00	122.720
28.100000	0.000254	50.00	122.720
28.200000	0.044572	66.67	122.720
28.300000	0.020280	25.00	368.160
28.400000	0.001278	60.00	122.720
28.500000	0.007750	40.00	490.880
28.600000	0.000000	100.00	0.000
28.700000	0.002782	60.00	245.440
28.800000	0.000979	66.67	122.720
28.900000	0.029997	33.33	245.440
29.000000	0.027163	66.67	122.720
29.100000	0.019748	25.00	245.440
29.200000	0.009182	50.00	490.880
29.300000	0.001882	80.00	122.720
29.400000	0.013238	25.00	245.440
29.500000	0.022511	75.00	122.720
29.600000	0.000000	100.00	122.720
29.700000	0.000647	50.00	245.440
29.800000	0.004328	33.33	490.880
29.900000	0.022643	50.00	122.720
30.000000	0.005339	66.67	122.720
30.100000	0.007487	50.00	122.720
30.200000	0.001518	75.00	122.720
30.300000	0.004392	75.00	122.720
30.400000	0.000000	100.00	0.000
30.500000	0.022199	50.00	122.720
30.600000	0.018012	66.67	122.720
30.700000	0.000000	100.00	122.720
30.800000	0.009743	75.00	122.720
30.900000	0.000000	100.00	0.000
31.000000	0.001398	75.00	122.720
31.100000	0.001668	66.67	245.440
31.200000	0.000000	100.00	0.000
31.300000	0.000000	100.00	0.000
31.400000	0.003217	57.14	368.160
31.500000	0.000978	75.00	122.720
31.600000	0.000254	80.00	122.720
31.700000	0.000000	100.00	0.000
31.800000	0.000000	100.00	0.000
31.900000	0.000254	66.67	122.720
32.000000	0.000000	100.00	0.000
32.100000	0.021435	66.67	122.720
32.200000	0.000000	100.00	0.000
32.300000	0.000000	100.00	0.000
32.400000	0.011987	50.00	245.440
32.500000	0.011263	66.67	122.720
32.600000	0.004306	75.00	122.720
32.700000	0.000000	100.00	0.000
32.800000	0.000000	100.00	0.000
32.900000	0.000000	100.00	0.000
33.000000	0.000000	100.00	0.000
33.100000	0.000000	100.00	0.000
33.200000	0.002835	50.00	245.440
33.300000	0.017398	75.00	122.720
33.400000	0.000000	100.00	0.000
33.500000	0.000978	75.00	122.720
33.600000	0.000000	100.00	0.000
33.700000	0.000000	100.00	0.000
33.800000	0.004729	75.00	122.720
33.900000	0.008430	40.00	368.160
34.000000	0.000000	100.00	0.000
34.100000	0.000000	100.00	0.000
34.200000	0.018081	66.67	122.720
34.300000	0.000000	100.00	0.000
34.400000	0.000255	66.67	122.720
34.500000	0.002383	75.00	122.720
34.600000	0.000000	100.00	0.000
34.700000	0.007225	66.67	122.720
34.800000	0.005406	75.00	122.720
34.900000	0.000000	100.00	0.000
35.000000	0.001159	33.33	245.440
35.100000	0.000000	100.00	0.000
35.200000	0.000000	100.00	0.000
35.300000	0.046117	50.00	122.720
35.400000	0.000000	100.00	0.000
35.500000	0.037684	66.67	0.000
35.600000	0.000000	100.00	122.720
35.700000	0.001328	66.67	245.440
35.800000	0.000000	100.00	0.000
35.900000	0.006003	75.00	122.720
36.000000	0.001821	50.00	245.440
36.100000	0.000000	100.00	0.000
36.200000	0.000000	100.00	0.000
36.300000	0.000000	100.00	0.000
36.400000	0.003279	66.67	122.720
36.500000	0.006963	66.67	122.720
36.600000	0.000000	100.00	0.000
36.700000	0.000000	100.00	0.000
36.800000	0.000000	100.00	0.000
36.900000	0.000000	100.00	0.000
37.000000	0.000776	50.00	245.440
37.100000	0.000000	100.00	0.000
37.200000	0.000000	100.00	0.000
37.300000	0.000000	100.00	0.000
37.400000	0.000000	100.00	0.000
37.500000	0.000000	100.00	0.000
37.600000	0.000000	100.00	0.000
37.700000	0.033364	66.67	122.720
37.800000	0.018416	66.67	0.000
37.900000	0.000000	100.00	122.720
38.000000	0.000000	100.00	0.000
38.100000	0.001499	80.00	122.720
38.200000	0.000000	100.00	0.000
38.300000	0.000000	100.00	0.000
38.400000	0.000000	100.00	0.000
38.500000	0.000000	100.00	0.000
38.600000	0.000000	100.00	0.000
38.700000	0.000000	100.00	0.000
38.800000	0.000000	100.00	0.000
38.900000	0.000000	100.00	0.000
39.000000	0.000000	100.00	0.000
39.100000	0.000000	100.00	0.000
39.200000	0.000000	100.00	0.000
39.300000	0.000000	100.00	0.000
39.400000	0.000000	100.00	0.000
39.500000	0.000000	100.00	0.000
39.600000	0.004545	75.00	122.720
39.700000	0.011836	80.00	122.720
39.800000	0.000255	60.00	245.440
39.900000	0.000000	100.00	0.000
40.000000	0.000000	100.00	0.000
40.100000	0.000000	100.00	0.000
40.200000	0.001079	75.00	122.720
40.300000	0.000000	100.00	0.000
40.400000	0.000000	100.00	0.000
40.500000	0.000000	100.00	0.000
40.600000	0.000000	100.00	0.000
40.700000	0.000000	100.00	0.000
40.800000	0.000000	100.00	0.000
40.900000	0.000000	100.00	0.000
41.000000	0.011103	66.67	122.720
41.100000	0.000000	100.00	0.000
41.200000	0.000000	100.00	0.000
41.300000	0.000000	100.00	0.000
41.400000	0.000000	100.00	0.000
41.500000	0.001159	80.00	122.720
41.600000	0.000000	100.00	0.000
41.700000	0.000000	100.00	0.000
41.800000	0.000000	100.00	0.000
41.900000	0.008631	66.67	122.720
42.000000	0.000000	100.00	0.000
42.100000	0.000000	100.00	0.000
42.200000	0.000000	100.00	0.000
42.300000	0.000000	100.00	0.000
42.400000	0.000000	100.00	0.000
42.500000	0.000000	100.00	0.000
42.600000	0.000000	100.00	0.000
42.700000	0.000000	100.00	0.000
42.800000	0.000000	100.00	0.000
42.900000	0.000000	100.00	0.000
43.000000	0.000000	100.00	0.000
43.100000	0.000000	100.00	0.000
43.200000	0.000000	100.00	0.000
43.300000	0.000000	100.00	0.000
43.400000	0.000000	100.00	0.000
43.500000	0.000000	100.00	0.000
43.600000	0.000000	100.00	0.000
43.700000	0.000000	100.00	0.000
43.800000	0.000000	100.00	0.000
43.900000	0.000000	100.00	0.000
44.000000	0.000000	100.00	0.000
44.100000	0.000000	100.00	0.000
44.200000	0.000000	100.00	0.000
44.300000	0.000000	100.00	0.000
44.400000	0.000000	100.00	0.000
44.500000	0.000000	100.00	0.000
44.600000	0.000000	100.00	0.000
44.700000	0.000000	100.00	0.000
44.800000	0.000000	100.00	0.000
44.900000	0.000000	100.00	0.000
45.000000	0.000000	100.00	0.000
45.100000	0.000000	100.00	0.000
45.200000	0.000000	100.00	0.000
45.300000	0.000000	100.00	0.000
45.400000	0.000000	100.00	0.000
45.500000	0.000000	100.00	0.000
45.600000	0.000000	100.00	0.000
45.700000	0.000000	100.00	0.000
45.800000	0.000000	100.00	0.000
45.900000	0.000000	100.00	0.000
46.000000	0.000000	100.00	0.000
46.100000	0.000000	100.00	0.000
46.200000	0.000000	100.00	0.000
46.300000	0.000000	100.00	0.000
46.400000	0.000000	100.00	0.000
46.500000	0.000000	100.00	0.000
46.600000	0.000000	100.00	0.000
46.700000	0.000000	100.00	0.000
46.800000	0.001478	50.00	245.440
46.900000	0.000000	100.00	0.000
47.000000	0.000000	100.00	0.000
47.100000	0.000000	100.00	0.000
47.200000	0.000000	100.00	0.000
47.300000	0.000000	100.00	0.000
47.400000	0.000000	100.00	0.000
47.500000	0.000000	100.00	0.000
47.600000	0.000000	100.00	0.000
47.700000	0.020728	75.00	122.720
47.800000	0.000000	100.00	0.000
47.900000	0.000000	100.00	0.000
48.000000	0.000000	100.00	0.000
48.100000	0.000000	100.00	0.000
48.200000	0.000000	100.00	0.000
48.300000	0.000000	100.00	0.000
48.400000	0.000000	100.00	0.000
48.500000	0.000000	100.00	0.000
48.600000	0.000000	100.00	0.000
48.700000	0.000000	100.00	0.000
48.800000	0.000000	100.00	0.000
48.900000	0.000000	100.00	0.000
49.000000	0.000000	100.00	0.000
49.100000	0.000000	100.00	0.000
49.200000	0.000000	100.00	0.000
49.300000	0.000000	100.00	0.000
49.400000	0.000000	100.00	0.000
49.500000	0.000000	100.00	0.000
49.600000	0.000000	100.00	0.000
49.700000	0.000999	75.00	122.720
49.800000	0.000000	100.00	0.000
49.900000	0.000000	100.00	0.000
50.000000	0.000000	100.00	0.000
50.100000	0.000000	100.00	0.000
50.200000	0.000000	100.00	0.000
50.300000	0.000000	100.00	0.000
50.400000	0.000000	100.00	0.000
50.500000	0.000000	100.00	0.000
50.600000	0.000000	100.00	0.000
50.700000	0.000000	100.00	0.000
50.800000	0.000000	100.00	0.000
50.900000	0.000000	100.00	0.000
51.000000	0.000000	100.00	0.000
51.100000	0.000000	100.00	0.000
51.200000	0.000000	100.00	0.000
51.300000	0.000000	100.00	0.000
51.400000	0.000000	100.00	0.000
51.500000	0.000000	100.00	0.000
51.600000	0.000000	100.00	0.000
51.700000	0.000000	100.00	0.000
51.800000	0.000000	100.00	0.000
51.900000	0.000000	100.00	0.000
52.000000	0.000000	100.00	0.000
52.100000	0.000000	100.00	0.000
52.200000	0.000000	100.00	0.000
52.300000	0.000000	100.00	0.000
52.400000	0.000000	100.00	0.000
52.500000	0.000254	66.67	122.720
52.600000	0.000000	100.00	0.000
52.700000	0.000000	100.00	0.000
52.800000	0.000000	100.00	0.000
52.900000	0.000000	100.00	0.000
53.000000	0.000000	100.00	0.000
53.100000	0.000000	100.00	0.000
53.200000	0.000000	100.00	0.000
53.300000	0.000000	100.00	0.000
53.400000	0.000000	100.00	0.000
53.500000	0.000000	100.00	0.000
53.600000	0.000255	75.00	122.720
53.700000	0.000000	100.00	0.000
53.800000	0.000000	100.00	0.000
53.900000	0.000000	100.00	0.000
54.000000	0.000000	100.00	0.000
54.100000	0.000000	100.00	0.000
54.200000	0.000000	100.00	0.000
54.300000	0.000000	100.00	0.000
54.400000	0.000000	100.00	0.000
54.500000	0.000000	100.00	0.000
54.600000	0.000000	100.00	0.000
54.700000	0.000000	100.00	0.000
54.800000	0.006234	80.00	122.720
54.900000	0.000000	100.00	0.000
55.000000	0.000000	100.00	0.000
55.100000	0.000000	100.00	0.000
55.200000	0.000000	100.00	0.000
55.300000	0.000000	100.00	0.000
55.400000	0.000000	100.00	0.000
55.500000	0.000000	100.00	0.000
55.600000	0.000000	100.00	0.000
55.700000	0.000000	100.00	0.000
55.800000	0.000000	100.00	0.000
55.900000	0.032889	66.67	122.720
56.000000	0.000000	100.00	0.000
56.100000	0.000000	100.00	0.000
56.200000	0.007230	75.00	122.720
56.300000	0.000000	100.00	0.000
56.400000	0.000000	100.00	0.000
56.500000	0.000000	100.00	0.000
56.600000	0.000000	100.00	0.000
56.700000	0.000000	100.00	0.000
56.800000	0.000000	100.00	0.000
56.900000	0.000000	100.00	0.000
57.000000	0.000000	100.00	0.000
57.100000	0.011072	66.67	122.720
57.200000	0.000000	100.00	0.000
57.300000	0.000000	100.00	0.000
57.400000	0.023240	66.67	122.720
57.500000	0.000000	100.00	0.000
57.600000	0.000000	100.00	0.000
57.700000	0.000000	100.00	0.000
57.800000	0.001099	80.00	122.720
57.900000	0.000000	100.00	0.000
58.000000	0.000000	100.00	0.000
58.100000	0.000000	100.00	0.000
58.200000	0.000000	100.00	0.000
58.300000	0.044239	80.00	122.720
58.400000	0.000000	100.00	0.000
58.500000	0.000000	100.00	0.000
58.600000	0.000000	100.00	0.000
58.700000	0.000254	75.00	122.720
58.800000	0.000000	100.00	0.000
58.900000	0.000000	100.00	0.000
59.000000	0.000000	100.00	0.000
59.100000	0.000000	100.00	0.000
59.200000	0.000000	100.00	0.000
59.300000	0.000000	100.00	0.000
59.400000	0.000000	100.00	0.000
59.500000	0.000000	100.00	0.000
59.600000	0.000000	100.00	0.000
59.700000	0.002543	50.00	245.440
59.800000	0.000000	100.00	0.000
59.900000	0.000000	100.00	0.000
60.000000	0.000000	100.00	0.000
60.100000	0.013414	50.00	122.720
60.200000	0.000000	100.00	122.720
60.300000	0.000000	100.00	0.000
60.400000	0.000000	100.00	0.000
60.500000	0.000000	100.00	0.000
60.600000	0.000000	100.00	0.000
60.700000	0.002615	75.00	122.720
60.800000	0.000000	100.00	0.000
60.900000	0.000000	100.00	0.000
61.000000	0.001418	75.00	122.720
61.100000	0.000000	100.00	0.000
61.200000	0.000000	100.00	0.000
61.300000	0.000000	100.00	0.000
61.400000	0.033336	75.00	122.720
61.500000	0.012207	66.67	122.720
61.600000	0.000255	75.00	122.720
61.700000	0.000000	100.00	0.000
61.800000	0.009807	75.00	122.720
61.900000	0.000000	100.00	0.000
62.000000	0.030240	75.00	122.720
62.100000	0.033624	75.00	0.000
62.200000	0.000000	100.00	122.720
62.300000	0.000000	100.00	0.000
62.400000	0.002022	66.67	122.720
62.500000	0.000000	100.00	0.000
62.600000	0.013835	66.67	122.720
62.700000	0.000000	100.00	0.000
62.800000	0.000998	66.67	122.720
62.900000	0.001478	66.67	122.720
63.000000	0.000000	100.00	0.000
63.100000	0.005646	50.00	245.440
63.200000	0.000000	100.00	0.000
63.300000	0.000000	100.00	0.000
63.400000	0.000000	100.00	0.000
63.500000	0.011952	60.00	245.440
63.600000	0.000000	100.00	0.000
63.700000	0.028009	66.67	122.720
63.800000	0.003866	66.67	122.720
63.900000	0.000000	100.00	0.000
64.000000	0.000000	100.00	0.000
64.100000	0.021402	75.00	0.000
64.200000	0.000000	100.00	122.720
64.300000	0.000255	75.00	122.720
64.400000	0.008510	75.00	122.720
64.500000	0.000000	100.00	0.000
64.600000	0.012308	66.67	122.720
64.700000	0.000254	80.00	122.720
64.800000	0.011003	60.00	245.440
64.900000	0.000000	100.00	0.000
65.000000	0.000000	100.00	0.000
65.100000	0.000000	100.00	0.000
65.200000	0.000000	100.00	0.000
65.300000	0.000000	100.00	0.000
65.400000	0.004779	66.67	122.720
65.500000	0.006470	80.00	122.720
65.600000	0.007955	66.67	122.720
65.700000	0.000000	100.00	0.000
65.800000	0.000000	100.00	0.000
65.900000	0.023980	50.00	245.440
66.000000	0.001468	60.00	245.440
66.100000	0.007728	66.67	122.720
66.200000	0.001458	75.00	122.720
66.300000	0.006891	75.00	122.720
66.400000	0.000000	100.00	0.000
66.500000	0.004126	75.00	122.720
66.600000	0.022334	66.67	122.720
66.700000	0.010687	75.00	122.720
66.800000	0.001499	66.67	122.720
66.900000	0.000000	100.00	0.000
67.000000	0.017995	25.00	245.440
67.100000	0.002663	66.67	245.440
67.200000	0.000000	100.00	0.000
67.300000	0.011151	75.00	122.720
67.400000	0.008883	75.00	122.720
67.500000	0.000254	66.67	122.720
67.600000	0.032471	66.67	122.720
67.700000	0.023564	66.67	122.720
67.800000	0.001219	80.00	122.720
67.900000	0.015621	40.00	245.440
68.000000	0.000000	100.00	122.720
68.100000	0.004750	33.33	490.880
68.200000	0.009541	75.00	122.720
68.300000	0.004771	75.00	122.720
68.400000	0.000000	100.00	0.000
68.500000	0.011320	40.00	368.160
68.600000	0.006353	60.00	245.440
68.700000	0.003820	20.00	490.880
68.800000	0.000000	100.00	0.000
68.900000	0.003703	42.86	490.880
69.000000	0.006457	40.00	245.440
69.100000	0.016631	60.00	245.440
69.200000	0.000938	75.00	245.440
69.300000	0.012978	66.67	122.720
69.400000	0.000000	100.00	0.000
69.500000	0.014502	60.00	245.440
69.600000	0.000000	100.00	0.000
69.700000	0.004830	28.57	613.600
69.800000	0.008370	33.33	490.880
69.900000	0.002582	75.00	122.720
70.000000	0.016322	50.00	122.720
70.100000	0.000000	100.00	122.720
70.200000	0.023814	75.00	122.720
70.300000	0.005603	66.67	122.720
70.400000	0.005202	60.00	245.440
70.500000	0.002792	50.00	245.440
70.600000	0.030909	66.67	122.720
70.700000	0.002102	80.00	122.720
70.800000	0.015727	75.00	122.720
70.900000	0.005051	40.00	368.160
71.000000	0.000254	80.00	122.720
71.100000	0.004967	66.67	122.720
71.200000	0.010443	75.00	122.720
71.300000	0.007971	66.67	122.720
71.400000	0.005332	57.14	368.160
71.500000	0.004911	50.00	368.160
71.600000	0.003101	75.00	122.720
71.700000	0.002801	50.00	245.440
71.800000	0.000000	100.00	0.000
71.900000	0.005154	20.00	490.880
72.000000	0.004964	40.00	368.160
72.100000	0.010049	33.33	490.880
72.200000	0.004876	33.33	490.880
72.300000	0.000254	75.00	122.720
72.400000	0.018079	60.00	122.720
72.500000	0.009428	33.33	613.600
72.600000	0.008758	33.33	490.880
72.700000	0.002552	50.00	490.880
72.800000	0.004214	50.00	122.720
72.900000	0.003876	42.86	613.600
73.000000	0.002229	60.00	245.440
73.100000	0.006521	50.00	122.720
73.200000	0.002083	80.00	245.440
73.300000	0.001639	33.33	490.880
73.400000	0.010493	60.00	245.440
73.500000	0.014332	50.00	245.440
73.600000	0.013056	25.00	368.160
73.700000	0.006221	60.00	245.440
73.800000	0.000979	80.00	122.720
73.900000	0.000000	100.00	0.000
74.000000	0.007008	50.00	245.440
74.100000	0.000254	75.00	245.440
74.200000	0.017850	50.00	245.440
74.300000	0.000000	100.00	0.000
74.400000	0.021011	25.00	245.440
74.500000	0.015866	25.00	368.160
74.600000	0.012775	28.57	736.320
74.700000	0.006838	14.29	613.600
74.800000	0.003066	37.50	613.600
74.900000	0.004967	75.00	245.440
75.000000	0.001305	25.00	368.160
75.100000	0.000000	100.00	0.000
75.200000	0.011457	50.00	245.440
75.300000	0.000000	100.00	0.000
75.400000	0.008177	25.00	736.320
75.500000	0.005903	12.50	859.040
75.600000	0.006777	0.00	736.320
75.700000	0.004949	22.22	859.040
75.800000	0.001839	37.50	736.320
75.900000	0.006409	16.67	490.880
76.000000	0.004821	25.00	736.320
76.100000	0.010823	42.86	613.600
76.200000	0.008409	16.67	490.880
76.300000	0.008234	33.33	490.880
76.400000	0.013385	40.00	490.880
76.500000	0.002817	16.67	1227.200
76.600000	0.006286	33.33	490.880
76.700000	0.012510	16.67	613.600
76.800000	0.003089	9.09	1227.200
76.900000	0.000756	60.00	245.440
77.000000	0.003553	50.00	368.160
77.100000	0.009893	20.00	490.880
77.200000	0.012150	20.00	368.160
77.300000	0.007551	66.67	245.440
77.400000	0.005221	14.29	1349.920
77.500000	0.003201	28.57	736.320
77.600000	0.009583	11.11	981.760
77.700000	0.009987	60.00	245.440
77.800000	0.001334	16.67	490.880
77.900000	0.001359	44.44	736.320
78.000000	0.001458	66.67	122.720
78.100000	0.002231	14.29	736.320
78.200000	0.012037	0.00	981.760
78.300000	0.003857	8.33	1349.920
78.400000	0.007396	25.00	859.040
78.500000	0.010275	16.67	490.880
78.600000	0.010264	33.33	490.880
78.700000	0.005082	22.22	981.760
78.800000	0.021676	33.33	122.720
78.900000	0.017725	60.00	245.440
79.000000	0.001545	40.00	490.880
79.100000	0.008628	42.86	490.880
79.200000	0.000254	75.00	122.720
79.300000	0.002321	37.50	613.600
79.400000	0.011175	75.00	122.720
79.500000	0.003473	33.33	736.320
79.600000	0.008617	12.50	736.320
79.700000	0.003228	4.17	2945.280
79.800000	0.003106	10.00	1104.480
79.900000	0.006366	25.00	1104.480
80.000000	0.003065	7.69	1472.640
80.100000	0.004041	8.33	1227.200
80.200000	0.001640	30.00	981.760
80.300000	0.004055	27.27	981.760
80.400000	0.005389	40.00	368.160
80.500000	0.005711	0.00	2086.240
80.600000	0.003622	0.00	3313.440
80.700000	0.005691	11.11	981.760
80.800000	0.003319	11.11	2086.240
80.900000	0.003846	0.00	1840.800
81.000000	0.003908	11.11	981.760
81.100000	0.003387	5.00	2331.680
81.200000	0.005877	7.69	1595.360
81.300000	0.001956	10.00	2086.240
81.400000	0.009977	0.00	1349.920
81.500000	0.002304	9.52	2454.400
81.600000	0.001856	4.17	2822.560
81.700000	0.002961	11.76	1840.800
81.800000	0.003482	8.33	1227.200
81.900000	0.005063	0.00	2331.680
82.000000	0.005283	9.09	1227.200
82.100000	0.003444	0.00	3313.440
82.200000	0.005714	0.00	2086.240
82.300000	0.005210	5.88	2086.240
82.400000	0.002785	0.00	2699.840
82.500000	0.003381	6.67	1718.080
82.600000	0.002786	0.00	4049.760
82.700000	0.009051	0.00	1349.920
82.800000	0.004425	5.88	1963.520
82.900000	0.004288	0.00	2086.240
83.000000	0.002563	0.00	4172.480
83.100000	0.002875	3.57	3313.440
83.200000	0.003219	0.00	2454.400
83.300000	0.002182	0.00	4908.800
83.400000	0.004964	0.00	2454.400
83.500000	0.002681	8.70	2699.840
83.600000	0.004488	0.00	1718.080
83.700000	0.001465	2.27	5399.680
83.800000	0.001925	0.00	3436.160
83.900000	0.007928	10.00	1104.480
84.000000	0.001556	0.00	5645.120
84.100000	0.001870	0.00	5276.960
84.200000	0.001538	5.88	2086.240
84.300000	0.003133	0.00	1472.640
84.400000	0.003186	0.00	3558.880
84.500000	0.011054	0.00	1349.920
84.600000	0.001049	4.55	2699.840
84.700000	0.001747	0.00	5276.960
84.800000	0.002107	0.00	4786.080
84.900000	0.001396	3.12	3804.320
85.000000	0.005686	0.00	2086.240
85.100000	0.001531	3.12	3804.320
85.200000	0.003013	0.00	3804.320
85.300000	0.001534	0.00	6381.440
85.400000	0.001457	0.00	6749.600
85.500000	0.001827	2.94	4172.480
85.600000	0.001707	0.00	4786.080
85.700000	0.001415	1.82	6749.600
85.800000	0.002561	0.00	2331.680
85.900000	0.004004	0.00	3313.440
86.000000	0.001473	3.12	3927.040
86.100000	0.002493	0.00	4049.760
86.200000	0.001700	2.22	5399.680
86.300000	0.006910	0.00	1349.920
86.400000	0.002056	0.00	4663.360
86.500000	0.002714	0.00	4172.480
86.600000	0.001283	0.00	6995.040
86.700000	0.001431	0.00	6504.160
86.800000	0.001087	0.00	8099.520
86.900000	0.001063	0.00	7731.360
87.000000	0.002438	0.00	5399.680
87.100000	0.001496	0.00	4908.800
87.200000	0.002249	0.00	4540.640
87.300000	0.001316	0.00	7240.480
87.400000	0.001231	0.00	6381.440
87.500000	0.001370	0.00	6872.320
87.600000	0.001190	0.00	7363.200
87.700000	0.001768	0.00	5399.680
87.800000	0.000896	2.78	4295.200
87.900000	0.000975	0.00	8835.840
88.000000	0.001206	0.00	7485.920
88.100000	0.000892	0.00	8835.840
88.200000	0.001058	0.00	8467.680
88.300000	0.001431	0.00	6504.160
88.400000	0.000986	0.00	8958.560
88.500000	0.000713	0.00	10922.080
88.600000	0.002081	0.00	7363.200
88.700000	0.001281	0.00	3436.160
88.800000	0.001351	0.00	6749.600
88.900000	0.000836	0.00	9572.160
89.000000	0.001018	0.00	8467.680
89.100000	0.001135	0.00	7608.640
89.200000	0.000896	0.00	9081.280
89.300000	0.000683	0.00	10799.360
89.400000	0.001239	0.00	7485.920
89.500000	0.001296	0.00	6995.040
89.600000	0.000873	0.00	10185.760
89.700000	0.001301	0.00	6995.040
89.800000	0.000805	0.00	9694.880
89.900000	0.001097	0.00	7854.080
90.000000	0.000726	0.00	10063.040
90.100000	0.000832	0.00	8958.560
90.200000	0.000923	0.00	8099.520
90.300000	0.000836	0.00	9081.280
90.400000	0.000752	0.00	10185.760
90.500000	0.000716	0.00	11167.520
90.600000	0.000755	0.00	9081.280
90.700000	0.000653	0.00	11044.800
90.800000	0.000574	0.00	11412.960
90.900000	0.000846	0.00	8958.560
91.000000	0.000558	0.00	11781.120
91.100000	0.000574	0.00	11167.520
91.200000	0.000676	0.00	11044.800
91.300000	0.000601	0.00	11535.680
91.400000	0.000688	0.00	10185.760
91.500000	0.000451	0.00	13990.080
91.600000	0.000513	0.00	12149.280
91.700000	0.000610	0.00	10308.480
91.800000	0.000459	0.00	12272.000
91.900000	0.000516	0.00	10922.080
92.000000	0.000656	0.00	10185.760
92.100000	0.001157	0.00	7363.200
92.200000	0.000515	0.00	11535.680
92.300000	0.000584	0.00	11290.240
92.400000	0.000510	0.00	11167.520
92.500000	0.000479	0.00	12517.440
92.600000	0.000564	0.00	10922.080
92.700000	0.000526	0.00	11781.120
92.800000	0.000433	0.00	13008.320
92.900000	0.000606	0.00	10063.040
93.000000	0.000696	0.00	9572.160
93.100000	0.000490	0.00	12149.280
93.200000	0.000816	0.00	9081.280
93.300000	0.000458	0.00	12640.160
93.400000	0.000851	0.00	9572.160
93.500000	0.000535	0.00	11535.680
93.600000	0.000469	0.00	11903.840
93.700000	0.000556	0.00	11044.800
93.800000	0.000469	0.00	12149.280
93.900000	0.000405	0.00	14235.520
94.000000	0.000525	0.00	11290.240
94.100000	0.000464	0.00	12762.880
94.200000	0.000446	0.00	12762.880
94.300000	0.000535	0.00	10799.360
94.400000	0.000566	0.00	11535.680
94.500000	0.000521	0.00	11903.840
94.600000	0.000553	0.00	11535.680
94.700000	0.000350	0.00	14480.960
94.800000	0.000506	0.00	11535.680
94.900000	0.000431	0.00	13376.480
95.000000	0.000515	0.00	12272.000
95.100000	0.000639	0.00	9940.320
95.200000	0.000412	0.00	13131.040
95.300000	0.000438	0.00	11781.120
95.400000	0.000385	0.00	13867.360
95.500000	0.000396	0.00	13131.040
95.600000	0.000384	0.00	11903.840
95.700000	0.000422	0.00	13376.480
95.800000	0.000388	0.00	13499.200
95.900000	0.000383	0.00	13008.320
96.000000	0.000480	0.00	12517.440
96.100000	0.000561	0.00	10553.920
96.200000	0.000405	0.00	12762.880
96.300000	0.000420	0.00	13253.760
96.400000	0.000367	0.00	13131.040
96.500000	0.000520	0.00	12026.560
96.600000	0.000420	0.00	13376.480
96.700000	0.000456	0.00	11903.840
96.800000	0.000415	0.00	12885.600
96.900000	0.000372	0.00	13131.040
97.000000	0.000375	0.00	13499.200
97.100000	0.000476	0.00	11903.840
97.200000	0.000511	0.00	12272.000
97.300000	0.000510	0.00	11290.240
97.400000	0.000388	0.00	12885.600
97.500000	0.000487	0.00	11903.840
97.600000	0.000365	0.00	12517.440
97.700000	0.000408	0.00	12394.720
97.800000	0.000533	0.00	10922.080
97.900000	0.000378	0.00	12885.600
98.000000	0.000744	0.00	9694.880
98.100000	0.000389	0.00	12885.600
98.200000	0.000442	0.00	13131.040
98.300000	0.000481	0.00	11658.400
98.400000	0.000496	0.00	11290.240
98.500000	0.000485	0.00	11658.400
98.600000	0.000403	0.00	12640.160
98.700000	0.000456	0.00	11781.120
98.800000	0.000489	0.00	12149.280
98.900000	0.000437	0.00	12885.600
99.000000	0.000395	0.00	12272.000
99.100000	0.000499	0.00	11044.800
99.200000	0.000451	0.00	12272.000
