start, delay, loss random, rate
0.000000	0.000412	0.00	14358.240
1.000000	0.000390	0.00	15008.656
2.000000	0.000419	0.00	14566.864
3.000000	0.000403	0.00	14836.848
4.000000	0.000419	0.00	14456.416
5.000000	0.000435	0.00	14345.968
6.000000	0.000484	0.00	13769.184
7.000000	0.000472	0.00	13818.272
8.000000	0.000549	0.00	12713.792
9.000000	0.000545	0.00	13008.320
10.000000	0.000532	0.00	12811.968
11.000000	0.000459	0.00	13756.912
12.000000	0.000453	0.00	14039.168
13.000000	0.000460	0.00	13781.456
14.000000	0.000427	0.00	14345.968
15.000000	0.000425	0.00	14382.784
16.000000	0.000422	0.00	14370.512
17.000000	0.000407	0.00	14812.304
18.000000	0.000409	0.00	14615.952
19.000000	0.000432	0.00	14247.792
20.000000	0.000432	0.00	14345.968
21.000000	0.000420	0.00	14468.688
22.000000	0.000418	0.00	14247.792
23.000000	0.000459	0.00	13977.808
24.000000	0.000452	0.00	14321.424
25.000000	0.000446	0.00	14812.304
26.000000	0.000537	0.00	13106.496
27.000000	0.000563	0.00	12971.504
28.000000	0.000601	0.00	12014.288
29.000000	0.000659	0.00	12014.288
30.000000	0.000599	0.00	12063.376
31.000000	0.000852	0.00	9829.872
32.000000	0.000763	0.00	10823.904
33.000000	0.000725	0.00	11425.232
34.000000	0.000924	0.00	9547.616
35.000000	0.000979	0.00	9682.608
36.000000	0.000941	0.00	9351.264
37.000000	0.001259	0.16	7485.920
38.000000	0.001094	0.00	8860.384
39.000000	0.001266	0.16	7485.920
40.000000	0.001432	0.00	6847.776
41.000000	0.001080	0.00	8504.496
42.000000	0.001075	0.00	8884.928
43.000000	0.001031	0.00	9326.720
44.000000	0.001272	0.00	7547.280
45.000000	0.001068	0.00	9044.464
46.000000	0.000944	0.00	9780.784
47.000000	0.000902	0.00	9952.592
48.000000	0.000820	0.00	10872.992
49.000000	0.000846	0.00	10283.936
50.000000	0.000931	0.00	9547.616
51.000000	0.000848	0.00	10050.768
52.000000	0.000670	0.00	11707.488
53.000000	0.000642	0.00	11854.752
54.000000	0.000625	0.00	12137.008
55.000000	0.000548	0.00	12910.144
56.000000	0.000515	0.00	13253.760
57.000000	0.000500	0.00	13646.464
58.000000	0.000552	0.00	12161.552
59.000000	0.000465	0.00	13842.816
60.000000	0.000457	0.00	14039.168
61.000000	0.000483	0.00	13327.392
62.000000	0.000489	0.10	12873.328
63.000000	0.000524	0.00	13229.216
64.000000	0.000603	0.00	12186.096
65.000000	0.000617	0.00	12051.104
66.000000	0.000683	0.00	11412.960
67.000000	0.000700	0.00	11339.328
68.000000	0.000760	0.12	10517.104
69.000000	0.000747	0.00	11265.696
70.000000	0.000790	0.00	10566.192
71.000000	0.000744	0.00	10946.624
72.000000	0.000681	0.00	11560.224
73.000000	0.000688	0.00	11376.144
74.000000	0.000713	0.00	11462.048
75.000000	0.000581	0.00	13118.768
76.000000	0.000690	0.00	11523.408
77.000000	0.000619	0.00	12382.448
78.000000	0.000621	0.00	12149.280
79.000000	0.000662	0.00	11756.576
80.000000	0.000723	0.00	11081.616
81.000000	0.000786	0.00	10480.288
82.000000	0.000738	0.00	11069.344
83.000000	0.000810	0.00	10934.352
84.000000	0.000957	0.00	8639.488
85.000000	0.000887	0.00	10112.128
86.000000	0.001011	0.00	9007.648
87.000000	0.001091	0.00	8651.760
88.000000	0.001094	0.00	8676.304
89.000000	0.001191	0.00	8197.696
90.000000	0.001282	0.17	7289.568
91.000000	0.000987	0.00	9253.088
92.000000	0.000899	0.00	9658.064
93.000000	0.000826	0.00	10345.296
94.000000	0.000800	0.00	10529.376
95.000000	0.000760	0.00	11007.984
96.000000	0.000727	0.00	11106.160
97.000000	0.000678	0.11	11167.520
98.000000	0.000627	0.00	11940.656
99.000000	0.000588	0.00	12431.536
100.000000	0.000552	0.00	13143.312
101.000000	0.000530	0.00	13302.848
102.000000	0.000504	0.00	13499.200
103.000000	0.000490	0.00	13351.936
104.000000	0.000493	0.00	13229.216
105.000000	0.000444	0.00	14358.240
106.000000	0.000439	0.00	14370.512
107.000000	0.000463	0.00	13806.000
108.000000	0.000439	0.00	14284.608
109.000000	0.000464	0.00	13916.448
110.000000	0.000453	0.00	14284.608
111.000000	0.000543	0.00	12799.696
112.000000	0.000531	0.00	13155.584
113.000000	0.000625	0.00	11781.120
114.000000	0.000628	0.11	11155.248
115.000000	0.000646	0.00	11695.216
116.000000	0.000779	0.00	10701.184
117.000000	0.000851	0.00	10173.488
118.000000	0.000722	0.00	11817.936
119.000000	0.001037	0.15	8087.248
120.000000	0.001156	0.00	8173.152
121.000000	0.001059	0.00	8811.296
122.000000	0.001330	0.00	7559.552
123.000000	0.001131	0.33	7375.472
124.000000	0.001528	0.38	6393.712
125.000000	0.001930	0.46	5326.048
126.000000	0.002196	0.25	4847.440
127.000000	0.001916	1.56	4651.088
128.000000	0.002174	1.79	4025.216
129.000000	0.001961	1.86	4528.368
130.000000	0.002500	2.69	3558.880
131.000000	0.001906	0.99	4921.072
132.000000	0.002213	0.86	4246.112
133.000000	0.001644	0.60	6050.096
134.000000	0.001551	0.62	5927.376
135.000000	0.001746	0.42	5866.016
136.000000	0.001869	0.69	5264.688
137.000000	0.001659	0.21	5829.200
138.000000	0.001702	0.42	5816.928
139.000000	0.001886	0.23	5313.776
140.000000	0.002341	1.25	3877.952
141.000000	0.001905	0.98	4945.616
142.000000	0.002742	2.11	3423.888
143.000000	0.002609	2.56	3264.352
144.000000	0.003207	2.54	2822.560
145.000000	0.002848	4.28	3031.184
146.000000	0.003031	2.40	2994.368
147.000000	0.002545	3.44	3436.160
148.000000	0.002150	1.70	4258.384
149.000000	0.002111	0.54	4528.368
150.000000	0.002205	1.74	4147.936
151.000000	0.002539	1.25	3865.680
152.000000	0.001865	0.21	5743.296
153.000000	0.001473	0.38	6381.440
154.000000	0.001536	0.20	6185.088
155.000000	0.001815	0.00	5780.112
156.000000	0.001223	0.00	8124.064
157.000000	0.001197	0.16	7829.536
158.000000	0.001318	0.00	7657.728
159.000000	0.001252	0.00	7817.264
160.000000	0.001276	0.00	7927.712
161.000000	0.001607	0.20	6136.000
162.000000	0.001653	0.19	6356.896
163.000000	0.001573	0.86	5645.120
164.000000	0.002013	1.04	4651.088
165.000000	0.002023	1.02	4773.808
166.000000	0.002202	1.79	4062.032
167.000000	0.001974	2.24	4270.656
168.000000	0.002271	2.97	3607.968
169.000000	0.002639	2.05	3509.792
170.000000	0.002615	5.04	3006.640
171.000000	0.003084	2.80	2982.096
172.000000	0.002984	4.98	2577.120
173.000000	0.002657	6.50	2822.560
174.000000	0.002644	5.12	2957.552
175.000000	0.003142	6.70	2405.312
176.000000	0.002921	5.88	2552.576
177.000000	0.003104	3.15	3018.912
178.000000	0.003156	3.78	2798.016
179.000000	0.003031	6.10	2454.400
180.000000	0.002975	4.15	2834.832
181.000000	0.002526	3.53	3350.256
182.000000	0.002797	3.86	3055.728
183.000000	0.003412	1.58	3055.728
184.000000	0.002775	3.40	3153.904
185.000000	0.002881	6.19	2601.664
186.000000	0.002967	4.18	2798.016
187.000000	0.003324	3.48	2724.384
188.000000	0.003106	5.36	2601.664
189.000000	0.004218	4.50	2343.952
190.000000	0.002997	5.24	2675.296
191.000000	0.003195	5.45	2552.576
192.000000	0.002990	4.35	2687.568
193.000000	0.002910	2.72	3068.000
194.000000	0.002369	3.08	3485.248
195.000000	0.003136	2.36	3031.184
196.000000	0.002659	1.99	3644.784
197.000000	0.003067	2.30	3117.088
198.000000	0.002694	2.13	3387.072
199.000000	0.003023	2.41	2982.096
200.000000	0.003363	3.43	2761.200
201.000000	0.002474	2.54	3779.776
202.000000	0.003008	2.77	3006.640
203.000000	0.003011	3.89	3043.456
204.000000	0.003194	4.44	2626.208
205.000000	0.003238	4.37	2687.568
206.000000	0.003198	5.22	2675.296
207.000000	0.002654	3.36	3178.448
208.000000	0.002286	2.64	3620.240
209.000000	0.002816	3.36	3190.720
210.000000	0.002914	2.62	3178.448
211.000000	0.002146	2.17	3877.952
212.000000	0.002275	0.54	4528.368
213.000000	0.001915	0.74	4933.344
214.000000	0.001838	0.67	5436.496
215.000000	0.002079	1.02	4773.808
216.000000	0.001689	0.20	6209.632
217.000000	0.001654	0.20	6111.456
218.000000	0.001761	0.44	5497.856
219.000000	0.001767	0.96	5080.608
220.000000	0.002037	0.50	4884.256
221.000000	0.001975	0.48	5154.240
222.000000	0.002294	1.87	3853.408
223.000000	0.002135	1.05	4614.272
224.000000	0.002567	1.56	3865.680
225.000000	0.003118	2.85	2933.008
226.000000	0.002732	4.86	2883.920
227.000000	0.002924	5.19	2699.840
228.000000	0.003003	5.56	2699.840
229.000000	0.003060	10.24	2270.320
230.000000	0.003446	9.41	1877.616
231.000000	0.003526	15.49	1484.912
232.000000	0.004565	8.59	1816.256
233.000000	0.004156	12.00	1619.904
234.000000	0.004240	14.29	1632.176
235.000000	0.003943	8.33	1877.616
236.000000	0.003247	12.50	1816.256
237.000000	0.003944	7.10	2086.240
238.000000	0.003044	7.77	2319.408
239.000000	0.002679	4.04	3202.992
240.000000	0.002913	5.08	2761.200
241.000000	0.003064	5.69	2442.128
242.000000	0.003202	6.28	2184.416
243.000000	0.002501	6.79	2528.032
244.000000	0.002543	7.59	2552.576
245.000000	0.003004	4.18	2810.288
246.000000	0.003384	7.18	2061.696
247.000000	0.002985	6.76	2356.224
248.000000	0.002583	5.38	3018.912
249.000000	0.002880	7.08	2577.120
250.000000	0.003295	7.25	2208.960
251.000000	0.003263	4.65	2503.488
252.000000	0.002991	7.83	2466.672
253.000000	0.002909	7.31	2491.216
254.000000	0.002665	7.48	2429.856
255.000000	0.004340	10.91	1803.984
256.000000	0.003461	10.40	1902.160
257.000000	0.003074	8.04	2233.504
258.000000	0.003320	12.20	1767.168
259.000000	0.003368	11.23	2049.424
260.000000	0.004850	15.57	1251.744
261.000000	0.004160	16.79	1411.280
262.000000	0.003909	21.97	1251.744
263.000000	0.003943	29.57	1006.304
264.000000	0.004852	25.44	1043.120
265.000000	0.004110	25.89	1018.576
266.000000	0.004018	28.07	994.032
267.000000	0.005161	36.90	662.688
268.000000	0.005749	37.23	724.048
269.000000	0.004013	44.33	662.688
270.000000	0.004177	40.66	662.688
271.000000	0.004897	43.33	625.872
272.000000	0.003607	45.68	527.696
273.000000	0.004659	42.22	650.416
274.000000	0.004874	40.62	699.504
275.000000	0.003741	33.33	883.584
276.000000	0.004973	26.47	908.128
277.000000	0.004567	23.73	1116.752
278.000000	0.003942	20.30	1300.832
279.000000	0.003350	18.57	1386.736
280.000000	0.003891	16.67	1546.272
281.000000	0.004525	13.99	1497.184
282.000000	0.003257	17.42	1570.816
283.000000	0.004211	20.80	1227.200
284.000000	0.004131	23.89	1055.392
285.000000	0.005877	21.15	1006.304
286.000000	0.003196	10.40	1889.888
287.000000	0.003557	12.05	1791.712
288.000000	0.003850	9.41	1902.160
289.000000	0.003512	10.43	1791.712
290.000000	0.003985	6.95	2135.328
291.000000	0.002975	13.95	1816.256
292.000000	0.003950	14.57	1583.088
293.000000	0.003733	10.53	1865.344
294.000000	0.003696	6.49	2135.328
295.000000	0.003862	9.36	1902.160
296.000000	0.003109	5.33	2601.664
297.000000	0.002548	7.37	2466.672
298.000000	0.002551	2.30	3657.056
299.000000	0.002211	2.37	4037.488
300.000000	0.002380	2.89	3301.168
301.000000	0.002339	4.71	3227.536
302.000000	0.002871	2.42	3472.976
303.000000	0.002899	4.28	3018.912
304.000000	0.003086	11.48	1988.064
305.000000	0.003090	6.12	2245.776
306.000000	0.003381	8.14	1951.248
307.000000	0.003255	8.63	2208.960
308.000000	0.003681	10.73	1926.704
309.000000	0.003523	12.10	1693.536
310.000000	0.003709	5.64	2258.048
311.000000	0.002474	7.69	2650.752
312.000000	0.002543	3.60	3301.168
313.000000	0.002609	3.72	3166.176
314.000000	0.002817	3.64	2920.736
315.000000	0.002109	1.32	4614.272
316.000000	0.001928	0.97	4994.704
317.000000	0.001982	0.23	5362.864
318.000000	0.001782	0.64	5669.664
319.000000	0.001825	0.22	5497.856
320.000000	0.002141	0.00	4933.344
321.000000	0.002165	1.50	4037.488
322.000000	0.002349	2.55	3755.232
323.000000	0.002109	0.24	5006.976
324.000000	0.002502	3.69	3215.264
325.000000	0.002620	3.70	3178.448
326.000000	0.002989	6.10	2466.672
327.000000	0.004223	5.41	2135.328
328.000000	0.003617	7.47	1975.792
329.000000	0.003553	10.06	1865.344
330.000000	0.002928	18.35	1595.360
331.000000	0.004250	13.99	1497.184
332.000000	0.004005	12.66	1705.808
333.000000	0.003657	16.77	1583.088
334.000000	0.004153	11.80	1742.624
335.000000	0.003084	7.54	2245.776
336.000000	0.003744	10.34	1914.432
337.000000	0.003826	7.07	2098.512
338.000000	0.004132	15.60	1472.640
339.000000	0.003492	12.90	1656.720
340.000000	0.003403	12.05	1791.712
341.000000	0.003869	13.21	1693.536
342.000000	0.003395	14.19	1632.176
343.000000	0.004969	21.77	1178.112
344.000000	0.004168	24.39	1153.568
345.000000	0.005145	36.17	736.320
346.000000	0.004753	36.36	674.960
347.000000	0.005720	51.32	466.336
348.000000	0.004669	47.67	552.240
349.000000	0.005025	39.77	638.144
350.000000	0.004866	48.28	564.512
351.000000	0.005111	40.22	662.688
352.000000	0.004519	30.39	883.584
353.000000	0.005213	27.27	981.760
354.000000	0.003912	27.43	1006.304
355.000000	0.005212	16.79	1325.376
356.000000	0.004863	26.27	1079.936
357.000000	0.004290	18.46	1300.832
358.000000	0.004679	16.42	1374.464
359.000000	0.004041	10.53	1668.992
360.000000	0.003742	15.48	1607.632
361.000000	0.003900	11.88	1718.080
362.000000	0.004112	12.24	1595.360
363.000000	0.003789	10.71	1840.800
364.000000	0.003733	4.76	2454.400
365.000000	0.003116	5.29	2626.208
366.000000	0.003293	3.65	2589.392
367.000000	0.003049	5.31	2638.480
368.000000	0.002634	4.98	3031.184
369.000000	0.002964	7.91	2442.128
370.000000	0.003336	4.76	2442.128
371.000000	0.003018	4.61	2540.304
372.000000	0.002865	7.84	2319.408
373.000000	0.003209	9.19	2061.696
374.000000	0.003508	8.89	2000.336
375.000000	0.003867	7.14	2073.968
376.000000	0.003236	10.78	1840.800
377.000000	0.003574	9.52	2098.512
378.000000	0.003220	10.86	1902.160
379.000000	0.003884	9.14	1963.520
380.000000	0.003708	14.94	1595.360
381.000000	0.003988	7.65	1926.704
382.000000	0.004913	15.91	1362.192
383.000000	0.005270	10.87	1509.456
384.000000	0.003319	6.67	2405.312
385.000000	0.003214	6.48	2478.944
386.000000	0.002806	3.70	2871.648
387.000000	0.002788	5.24	2663.024
388.000000	0.002502	3.62	3264.352
389.000000	0.002468	2.70	3534.336
390.000000	0.002766	5.96	2528.032
391.000000	0.003296	3.42	2761.200
392.000000	0.003127	5.85	2368.496
393.000000	0.003293	6.13	2454.400
394.000000	0.004379	9.93	1668.992
395.000000	0.003623	8.72	1926.704
396.000000	0.003178	11.36	1914.432
397.000000	0.004295	12.77	1509.456
398.000000	0.004075	18.94	1300.832
399.000000	0.004801	18.55	1239.472
400.000000	0.003754	16.67	1472.640
401.000000	0.003232	13.53	1803.984
402.000000	0.003562	8.88	1889.888
403.000000	0.003482	6.64	2417.584
404.000000	0.003170	4.98	2577.120
405.000000	0.003235	6.31	2368.496
406.000000	0.002546	3.69	2883.920
407.000000	0.002855	1.03	3534.336
408.000000	0.002334	2.45	3914.768
409.000000	0.002369	1.17	4160.208
410.000000	0.002333	1.21	4012.944
411.000000	0.001916	0.45	5411.952
412.000000	0.001838	0.22	5546.944
413.000000	0.002090	0.24	5092.880
414.000000	0.001889	0.72	5068.336
415.000000	0.001602	0.00	6491.888
416.000000	0.001694	0.20	6013.280
417.000000	0.001473	0.18	6847.776
418.000000	0.001360	0.00	7019.584
419.000000	0.001531	0.00	6675.968
420.000000	0.001660	0.22	5632.848
421.000000	0.001661	0.19	6270.992
422.000000	0.001881	1.58	4577.456
423.000000	0.001902	0.99	4908.800
424.000000	0.002093	0.87	4197.024
425.000000	0.002003	2.61	4135.664
426.000000	0.002654	2.84	3350.256
427.000000	0.002617	4.08	2883.920
428.000000	0.003471	4.25	2491.216
429.000000	0.002948	3.86	3055.728
430.000000	0.003528	3.64	2601.664
431.000000	0.003510	2.28	2626.208
432.000000	0.002769	3.77	3129.360
433.000000	0.002399	2.58	3718.416
434.000000	0.002325	3.16	3742.960
435.000000	0.002620	0.63	3902.496
436.000000	0.002429	1.71	3509.792
437.000000	0.001808	0.00	5767.840
438.000000	0.001982	0.23	5326.048
439.000000	0.001967	1.01	4798.352
440.000000	0.002013	1.69	4270.656
441.000000	0.001861	1.78	4749.264
442.000000	0.002183	2.10	4012.944
443.000000	0.003175	1.95	3092.544
444.000000	0.002388	2.83	3792.048
445.000000	0.003421	3.11	2675.296
446.000000	0.003033	9.77	1926.704
447.000000	0.002938	6.94	2466.672
448.000000	0.003427	7.18	2221.232
449.000000	0.003475	8.15	2086.240
450.000000	0.003219	10.33	2012.608
451.000000	0.003247	8.04	2245.776
452.000000	0.003431	8.82	1902.160
453.000000	0.003122	7.48	2442.128
454.000000	0.003081	4.78	2687.568
455.000000	0.002618	5.67	2847.104
456.000000	0.002650	7.66	2528.032
457.000000	0.003168	3.93	2687.568
458.000000	0.002537	3.56	3325.712
459.000000	0.003259	4.11	2577.120
460.000000	0.002660	3.93	3301.168
461.000000	0.002868	3.04	3129.360
462.000000	0.003230	3.32	2859.376
463.000000	0.003354	4.37	2699.840
464.000000	0.002481	2.70	3534.336
465.000000	0.002256	2.01	4184.752
466.000000	0.002266	1.70	4258.384
467.000000	0.002050	1.07	4528.368
468.000000	0.002615	2.09	3460.704
469.000000	0.002223	1.41	4270.656
470.000000	0.002702	3.72	2859.376
471.000000	0.002607	5.30	3080.272
472.000000	0.002970	7.76	2466.672
473.000000	0.002443	3.62	3276.624
474.000000	0.002994	5.41	2577.120
475.000000	0.002144	3.14	3767.504
476.000000	0.002499	2.67	3583.424
477.000000	0.002079	1.37	4417.920
478.000000	0.001827	0.43	5632.848
479.000000	0.001561	0.19	6332.352
480.000000	0.001664	0.41	5890.560
481.000000	0.001621	0.00	6344.624
482.000000	0.001109	0.14	8455.408
483.000000	0.001097	0.15	8357.232
484.000000	0.000995	0.00	9486.256
485.000000	0.001022	0.00	8418.592
486.000000	0.000874	0.00	9964.864
487.000000	0.000820	0.00	10296.208
488.000000	0.000762	0.12	10112.128
489.000000	0.000803	0.00	10676.640
490.000000	0.000864	0.00	10112.128
491.000000	0.001046	0.00	8946.288
492.000000	0.001090	0.00	8676.304
493.000000	0.001189	0.00	7976.800
494.000000	0.001282	0.34	7093.216
495.000000	0.001575	0.63	5804.656
496.000000	0.001712	0.63	5767.840
497.000000	0.001865	1.03	4724.720
498.000000	0.001863	0.98	4945.616
499.000000	0.002182	2.19	3841.136
500.000000	0.001654	1.42	5129.696
501.000000	0.001966	0.22	5461.040
502.000000	0.001664	0.41	6001.008
503.000000	0.001856	0.00	5731.024
504.000000	0.001764	0.21	5890.560
505.000000	0.001531	0.19	6565.520
506.000000	0.001616	0.20	5976.464
507.000000	0.001458	0.60	6062.368
508.000000	0.001266	0.00	7878.624
509.000000	0.001470	0.00	6896.864
510.000000	0.001360	0.00	7326.384
511.000000	0.001442	0.18	6675.968
512.000000	0.001437	0.38	6504.160
513.000000	0.001492	0.77	6320.080
514.000000	0.001656	0.43	5706.480
515.000000	0.001334	0.16	7547.280
516.000000	0.001464	0.56	6540.976
517.000000	0.001650	0.81	6025.552
518.000000	0.001837	0.00	5669.664
519.000000	0.002153	0.25	4982.432
520.000000	0.001926	0.45	5375.136
521.000000	0.002216	0.87	4197.024
522.000000	0.002163	1.75	4123.392
523.000000	0.003033	1.47	3288.896
524.000000	0.002738	2.47	3387.072
525.000000	0.002555	4.83	3141.632
526.000000	0.003041	7.84	2307.136
527.000000	0.003136	5.36	2601.664
528.000000	0.003552	8.25	2196.688
529.000000	0.003405	6.50	2282.592
530.000000	0.004049	6.59	2086.240
531.000000	0.002588	4.35	2969.824
532.000000	0.003526	5.29	2208.960
533.000000	0.003079	2.73	2613.936
534.000000	0.002445	1.69	3558.880
535.000000	0.002614	1.97	3657.056
536.000000	0.002819	1.69	3583.424
537.000000	0.002455	0.62	3939.312
538.000000	0.001902	0.70	5203.328
539.000000	0.001340	0.52	7019.584
540.000000	0.001793	0.22	5657.392
541.000000	0.001362	0.00	7559.552
542.000000	0.001514	0.19	6479.616
543.000000	0.001243	0.16	7620.912
544.000000	0.001187	0.00	8259.056
545.000000	0.001031	0.00	8860.384
546.000000	0.000921	0.00	9388.080
547.000000	0.000885	0.00	9707.152
548.000000	0.000680	0.00	11621.584
549.000000	0.000699	0.00	11584.768
550.000000	0.000694	0.00	11277.968
551.000000	0.000661	0.00	11793.392
552.000000	0.000688	0.00	11474.320
553.000000	0.000698	0.00	11388.416
554.000000	0.000709	0.00	11547.952
555.000000	0.000766	0.00	10652.096
556.000000	0.000748	0.00	10701.184
557.000000	0.000704	0.00	11719.760
558.000000	0.000923	0.00	9535.344
559.000000	0.000828	0.00	10762.544
560.000000	0.000750	0.00	10774.816
561.000000	0.000771	0.00	10443.472
562.000000	0.000688	0.00	11511.136
563.000000	0.000715	0.00	10983.440
564.000000	0.000641	0.00	12112.464
565.000000	0.000748	0.00	10725.728
566.000000	0.000554	0.00	12861.056
567.000000	0.000647	0.00	11707.488
568.000000	0.000577	0.00	12738.336
569.000000	0.000622	0.00	12149.280
570.000000	0.000613	0.00	12124.736
571.000000	0.000698	0.00	11179.792
572.000000	0.000740	0.00	10872.992
573.000000	0.000768	0.00	10971.168
574.000000	0.000923	0.00	9572.160
575.000000	0.000870	0.00	10001.680
576.000000	0.001059	0.00	8590.400
577.000000	0.000989	0.00	9240.816
578.000000	0.001047	0.00	8995.376
579.000000	0.001151	0.00	8344.960
580.000000	0.001154	0.00	8332.688
581.000000	0.001030	0.00	9302.176
582.000000	0.001035	0.00	8872.656
583.000000	0.000941	0.00	9596.704
584.000000	0.000941	0.00	9756.240
585.000000	0.000849	0.12	9952.592
586.000000	0.001099	0.00	8504.496
587.000000	0.000936	0.00	9449.440
588.000000	0.000815	0.00	10369.840
589.000000	0.000918	0.00	9510.800
590.000000	0.000925	0.00	9388.080
591.000000	0.000709	0.00	11327.056
592.000000	0.000713	0.00	11228.880
593.000000	0.000715	0.00	11007.984
594.000000	0.000629	0.00	12210.640
595.000000	0.000599	0.00	12431.536
596.000000	0.000559	0.00	12406.992
597.000000	0.000487	0.00	13683.280
598.000000	0.000507	0.00	13486.928
599.000000	0.000484	0.00	13695.552
600.000000	0.000494	0.00	13671.008
601.000000	0.000473	0.00	13806.000
602.000000	0.000476	0.00	13351.936
603.000000	0.000443	0.00	14088.256
604.000000	0.000449	0.00	14235.520
605.000000	0.000451	0.00	14075.984
606.000000	0.000447	0.00	14137.344
607.000000	0.000443	0.00	13965.536
608.000000	0.000462	0.00	14247.792
609.000000	0.000481	0.00	13732.368
610.000000	0.000460	0.00	14210.976
611.000000	0.000523	0.00	13462.384
612.000000	0.000592	0.00	12026.560
613.000000	0.000597	0.00	12517.440
614.000000	0.000648	0.00	11535.680
615.000000	0.000636	0.00	12198.368
616.000000	0.000671	0.00	11744.304
617.000000	0.000857	0.00	10050.768
618.000000	0.000985	0.00	9142.640
619.000000	0.000850	0.00	10320.752
620.000000	0.001036	0.00	8786.752
621.000000	0.001134	0.00	8295.872
622.000000	0.001026	0.00	9044.464
623.000000	0.000950	0.00	9498.528
624.000000	0.000857	0.00	10418.928
625.000000	0.001012	0.14	9069.008
626.000000	0.001105	0.32	7731.360
627.000000	0.001399	0.18	6872.320
628.000000	0.001405	0.00	7068.672
629.000000	0.001371	0.00	7080.944
630.000000	0.001122	0.00	8688.576
631.000000	0.001522	0.00	6614.608
632.000000	0.001179	0.00	8332.688
633.000000	0.001200	0.16	7780.448
634.000000	0.001306	0.16	7498.192
635.000000	0.001155	0.00	8492.224
636.000000	0.001227	0.00	7989.072
637.000000	0.001423	0.18	6700.512
638.000000	0.001416	0.18	6958.224
639.000000	0.001492	0.00	6970.496
640.000000	0.001536	0.19	6491.888
641.000000	0.001626	0.82	5951.920
642.000000	0.001893	0.23	5338.320
643.000000	0.002281	1.17	4160.208
644.000000	0.001923	1.76	4798.352
645.000000	0.002767	2.14	3374.800
646.000000	0.002900	2.82	3387.072
647.000000	0.002725	3.83	3080.272
648.000000	0.003090	4.58	2822.560
649.000000	0.002564	5.04	2994.368
650.000000	0.003731	6.95	2135.328
651.000000	0.003275	3.46	2736.656
652.000000	0.003235	4.00	2650.752
653.000000	0.003370	5.02	2552.576
654.000000	0.002261	5.73	3031.184
655.000000	0.002714	6.09	2650.752
656.000000	0.002911	2.40	2994.368
657.000000	0.002665	4.90	2871.648
658.000000	0.002878	4.47	2883.920
659.000000	0.002578	4.58	3055.728
660.000000	0.003619	8.42	2135.328
661.000000	0.003188	8.87	2270.320
662.000000	0.003197	12.79	1853.072
663.000000	0.003157	10.00	2196.688
664.000000	0.003789	6.49	2123.056
665.000000	0.003091	5.06	2761.200
666.000000	0.002803	3.67	2896.192
667.000000	0.002749	2.57	3252.080
668.000000	0.002783	4.31	2736.656
669.000000	0.002731	0.32	3828.864
670.000000	0.002178	1.16	4209.296
671.000000	0.001839	0.21	5878.288
672.000000	0.001789	0.47	5191.056
673.000000	0.001759	0.43	5681.936
674.000000	0.001332	0.00	7535.008
675.000000	0.001449	0.19	6590.064
676.000000	0.001268	0.00	7424.560
677.000000	0.001094	0.00	8762.208
678.000000	0.001194	0.00	7964.528
679.000000	0.001089	0.00	8369.504
680.000000	0.000856	0.12	10234.848
681.000000	0.000980	0.00	8860.384
682.000000	0.000712	0.00	11204.336
683.000000	0.000658	0.00	12026.560
684.000000	0.000666	0.00	11560.224
685.000000	0.000678	0.00	11560.224
686.000000	0.000565	0.00	12799.696
687.000000	0.000540	0.00	13253.760
688.000000	0.000505	0.00	13131.040
689.000000	0.000479	0.00	13830.544
690.000000	0.000442	0.00	14419.600
691.000000	0.000476	0.00	13486.928
692.000000	0.000485	0.00	13818.272
693.000000	0.000517	0.00	13155.584
694.000000	0.000523	0.00	13253.760
695.000000	0.000513	0.00	13388.752
696.000000	0.000659	0.00	11597.040
697.000000	0.000598	0.00	12075.648
698.000000	0.000612	0.00	12247.456
699.000000	0.000684	0.00	11363.872
700.000000	0.000704	0.00	11560.224
701.000000	0.000772	0.00	10664.368
702.000000	0.000791	0.00	10627.552
703.000000	0.000843	0.00	10234.848
704.000000	0.000923	0.00	9645.792
705.000000	0.001057	0.00	8835.840
706.000000	0.001215	0.00	8074.976
707.000000	0.001092	0.30	8222.240
708.000000	0.001819	0.22	5632.848
709.000000	0.001859	0.44	5534.672
710.000000	0.001724	0.00	6234.176
711.000000	0.001687	0.66	5596.032
712.000000	0.001897	0.72	5031.520
713.000000	0.001818	0.95	5105.152
714.000000	0.002336	1.45	4184.752
715.000000	0.002359	1.76	4086.576
716.000000	0.002674	3.37	3178.448
717.000000	0.002860	3.35	3190.720
718.000000	0.003296	3.42	2773.472
719.000000	0.002937	5.00	2798.016
720.000000	0.002646	4.72	2957.552
721.000000	0.002629	4.84	2896.192
722.000000	0.002380	6.15	2810.288
723.000000	0.002813	6.99	2626.208
724.000000	0.002686	3.52	3018.912
725.000000	0.002447	2.72	3509.792
726.000000	0.002866	4.05	2920.736
727.000000	0.004032	4.37	2135.328
728.000000	0.003237	4.65	2528.032
729.000000	0.003443	2.73	2613.936
730.000000	0.002635	5.62	2883.920
731.000000	0.002671	3.16	3399.344
732.000000	0.002529	4.10	2859.376
733.000000	0.003025	4.44	2908.464
734.000000	0.003537	5.10	2282.592
735.000000	0.003039	4.66	2773.472
736.000000	0.003359	6.67	2233.504
737.000000	0.002840	6.88	2478.944
738.000000	0.002492	5.31	2859.376
739.000000	0.002976	4.65	2503.488
740.000000	0.003193	5.86	2577.120
741.000000	0.003699	11.69	1668.992
742.000000	0.003941	15.44	1534.000
743.000000	0.003943	14.58	1521.728
744.000000	0.003628	27.27	1079.936
745.000000	0.003990	24.19	1141.296
746.000000	0.004766	39.08	662.688
747.000000	0.005281	35.11	748.592
748.000000	0.004819	40.00	650.416
749.000000	0.005104	44.32	613.600
750.000000	0.004293	34.95	822.224
751.000000	0.005346	26.00	895.856
752.000000	0.004519	26.79	1018.576
753.000000	0.005167	34.09	711.776
754.000000	0.005091	25.00	994.032
755.000000	0.004133	28.57	920.400
756.000000	0.004230	18.25	1264.016
757.000000	0.004449	17.29	1349.920
758.000000	0.003206	18.59	1558.544
759.000000	0.003548	19.57	1362.192
760.000000	0.003743	28.95	981.760
761.000000	0.002895	17.09	1619.904
762.000000	0.003289	16.90	1435.824
763.000000	0.003547	9.63	2086.240
764.000000	0.003529	13.92	1656.720
765.000000	0.003816	8.11	2086.240
766.000000	0.003193	6.57	2282.592
767.000000	0.003143	6.88	2478.944
768.000000	0.003013	6.40	2331.680
769.000000	0.002623	5.20	2908.464
770.000000	0.003463	5.88	2368.496
771.000000	0.003766	8.20	2061.696
772.000000	0.003604	9.39	2012.608
773.000000	0.003348	16.22	1509.456
774.000000	0.003929	16.33	1521.728
775.000000	0.003572	13.61	1558.544
776.000000	0.004223	17.39	1386.736
777.000000	0.005379	30.00	871.312
778.000000	0.004035	21.09	1239.472
779.000000	0.003617	24.39	1129.024
780.000000	0.003918	22.05	1214.928
781.000000	0.003956	13.82	1607.632
782.000000	0.003830	10.78	1828.528
783.000000	0.004106	14.86	1558.544
784.000000	0.003515	5.50	2319.408
785.000000	0.003454	7.77	2172.144
786.000000	0.003280	8.02	2110.784
787.000000	0.003158	5.38	2601.664
788.000000	0.002992	4.51	2847.104
789.000000	0.002851	5.58	2491.216
790.000000	0.003809	5.88	2356.224
791.000000	0.004043	12.18	1681.264
792.000000	0.003442	12.07	1877.616
793.000000	0.004054	13.33	1595.360
794.000000	0.003689	25.38	1190.384
795.000000	0.004209	26.05	1092.208
796.000000	0.006483	28.89	773.136
797.000000	0.003786	30.83	1030.848
798.000000	0.004916	32.61	748.592
799.000000	0.003520	30.77	1006.304
800.000000	0.004996	27.27	871.312
801.000000	0.004942	25.42	1092.208
802.000000	0.004329	21.78	957.216
803.000000	0.003562	25.00	1214.928
804.000000	0.005042	20.87	1116.752
805.000000	0.003753	16.06	1411.280
806.000000	0.004171	24.14	1079.936
807.000000	0.004157	19.08	1300.832
808.000000	0.005328	20.18	1129.024
809.000000	0.004792	11.43	1509.456
810.000000	0.003572	12.58	1705.808
811.000000	0.003331	15.34	1693.536
812.000000	0.003496	8.95	2123.056
813.000000	0.003504	9.66	1963.520
814.000000	0.002871	3.45	3080.272
815.000000	0.003185	4.89	2638.480
816.000000	0.002754	4.30	2994.368
817.000000	0.002957	2.71	3080.272
818.000000	0.002504	1.56	3865.680
819.000000	0.002537	2.42	3472.976
820.000000	0.002779	2.67	3117.088
821.000000	0.002884	2.34	3068.000
822.000000	0.002428	2.36	4062.032
823.000000	0.002618	2.50	3350.256
824.000000	0.003086	3.70	2871.648
825.000000	0.003412	4.44	2638.480
826.000000	0.002850	4.25	3043.456
827.000000	0.002922	5.49	2761.200
828.000000	0.003668	8.09	1951.248
829.000000	0.003504	5.66	2442.128
830.000000	0.003862	11.45	1816.256
831.000000	0.003898	15.07	1509.456
832.000000	0.003608	8.79	2037.152
833.000000	0.003185	8.96	2258.048
834.000000	0.003656	7.34	2012.608
835.000000	0.003283	4.29	2466.672
836.000000	0.003220	5.41	2564.848
837.000000	0.002884	3.31	2883.920
838.000000	0.003101	7.96	2270.320
839.000000	0.003882	3.37	2454.400
840.000000	0.002769	5.88	2761.200
841.000000	0.003148	5.14	2478.944
842.000000	0.003676	8.98	1877.616
843.000000	0.003179	9.14	2073.968
844.000000	0.003294	15.24	1705.808
845.000000	0.004325	11.19	1558.544
846.000000	0.002829	24.44	1251.744
847.000000	0.003995	10.91	1803.984
848.000000	0.003713	10.53	1865.344
849.000000	0.003386	11.24	1951.248
850.000000	0.003369	7.61	2233.504
851.000000	0.003734	5.15	2245.776
852.000000	0.003144	6.25	2393.040
853.000000	0.002874	5.46	2773.472
854.000000	0.003138	4.63	2515.760
855.000000	0.002393	2.34	3583.424
856.000000	0.002290	5.51	3153.904
857.000000	0.002416	2.22	3792.048
858.000000	0.002740	2.94	3239.808
859.000000	0.002027	2.62	4111.120
860.000000	0.002819	2.15	3350.256
861.000000	0.003049	2.17	3325.712
862.000000	0.002962	3.81	2798.016
863.000000	0.003482	7.98	2123.056
864.000000	0.003827	3.24	2552.576
865.000000	0.003738	13.51	1583.088
866.000000	0.004213	9.38	1767.168
867.000000	0.003613	12.88	1754.896
868.000000	0.004005	10.56	1754.896
869.000000	0.004746	13.10	1558.544
870.000000	0.004613	13.38	1497.184
871.000000	0.002820	13.87	1840.800
872.000000	0.004550	15.79	1362.192
873.000000	0.003494	11.70	1853.072
874.000000	0.004460	10.46	1693.536
875.000000	0.003472	14.00	1583.088
876.000000	0.003536	10.06	1865.344
877.000000	0.003388	9.41	2245.776
878.000000	0.003479	11.54	1963.520
879.000000	0.003953	7.18	2061.696
880.000000	0.003835	12.03	1705.808
881.000000	0.003580	12.03	1718.080
882.000000	0.004994	20.00	1227.200
883.000000	0.003797	20.16	1264.016
884.000000	0.004085	21.09	1227.200
885.000000	0.003203	33.04	957.216
886.000000	0.005305	42.53	613.600
887.000000	0.004723	27.78	957.216
888.000000	0.003591	32.00	834.496
889.000000	0.004517	20.83	1165.840
890.000000	0.005343	29.17	822.224
891.000000	0.004536	18.03	1227.200
892.000000	0.004393	15.38	1484.912
893.000000	0.003320	20.00	1325.376
894.000000	0.003754	10.37	1816.256
895.000000	0.003612	6.95	2123.056
896.000000	0.003451	7.58	2245.776
897.000000	0.002920	3.63	2945.280
898.000000	0.002274	2.88	3718.416
899.000000	0.002259	3.02	3558.880
900.000000	0.002697	1.30	3706.144
901.000000	0.002511	3.52	3374.800
902.000000	0.002259	1.87	3853.408
903.000000	0.002549	1.00	3644.784
904.000000	0.001755	1.92	5031.520
905.000000	0.002288	1.14	4233.840
906.000000	0.002778	2.11	3423.888
907.000000	0.002212	1.08	4503.824
908.000000	0.002514	2.08	3472.976
909.000000	0.003311	1.12	3227.536
910.000000	0.001795	1.78	4736.992
911.000000	0.002558	1.99	3620.240
912.000000	0.002512	2.04	3534.336
913.000000	0.002718	2.08	3460.704
914.000000	0.002788	3.24	2933.008
915.000000	0.002884	6.31	2552.576
916.000000	0.003267	6.80	2356.224
917.000000	0.002859	7.41	2454.400
918.000000	0.003356	2.06	2920.736
919.000000	0.002821	4.56	3092.544
920.000000	0.002513	1.90	3804.320
921.000000	0.002156	0.54	4528.368
922.000000	0.002162	0.52	4663.360
923.000000	0.001817	0.91	5362.864
924.000000	0.002353	0.56	4381.104
925.000000	0.001607	0.19	6307.808
926.000000	0.001569	0.19	6393.712
927.000000	0.001264	0.16	7522.736
928.000000	0.001231	0.53	6921.408
929.000000	0.001226	0.00	7755.904
930.000000	0.001028	0.00	9216.272
931.000000	0.001469	0.00	6945.952
932.000000	0.001488	0.00	6921.408
933.000000	0.001500	0.00	7007.312
934.000000	0.001757	0.00	5878.288
935.000000	0.001406	0.36	6835.504
936.000000	0.002510	0.65	3718.416
937.000000	0.001829	0.00	5841.472
938.000000	0.002550	1.55	3902.496
939.000000	0.002083	0.51	4810.624
940.000000	0.001869	0.70	5252.416
941.000000	0.002103	0.54	4540.640
942.000000	0.002063	0.51	4798.352
943.000000	0.001521	0.58	6283.264
944.000000	0.001729	0.43	5731.024
945.000000	0.001743	0.43	5645.120
946.000000	0.001790	0.22	5681.936
947.000000	0.001537	0.19	6577.792
948.000000	0.001244	0.16	7547.280
949.000000	0.001550	0.00	6626.880
950.000000	0.001773	0.21	5731.024
951.000000	0.001708	0.70	5203.328
952.000000	0.002090	0.50	4933.344
953.000000	0.002089	0.79	4638.816
954.000000	0.002129	0.25	4896.528
955.000000	0.002141	1.43	4221.568
956.000000	0.002696	3.82	3092.544
957.000000	0.002873	7.08	2577.120
958.000000	0.003038	5.24	2675.296
959.000000	0.003013	7.96	2258.048
960.000000	0.003441	4.15	2552.576
961.000000	0.003134	3.72	2859.376
962.000000	0.002995	7.01	2442.128
963.000000	0.002754	4.09	3166.176
964.000000	0.003074	3.54	3018.912
965.000000	0.002993	3.29	2871.648
966.000000	0.003000	3.29	2896.192
967.000000	0.002736	3.46	3411.616
968.000000	0.002871	4.15	2834.832
969.000000	0.002408	3.72	3178.448
970.000000	0.002437	2.72	3509.792
971.000000	0.001974	1.50	4847.440
972.000000	0.001986	1.30	4675.632
973.000000	0.001880	0.68	5375.136
974.000000	0.002359	1.23	3939.312
975.000000	0.001769	0.42	5767.840
976.000000	0.001989	0.49	5031.520
977.000000	0.001420	0.17	7068.672
978.000000	0.001336	0.36	6737.328
979.000000	0.001502	0.18	6810.960
980.000000	0.001518	0.38	6344.624
981.000000	0.001670	0.41	5890.560
982.000000	0.001947	0.22	5596.032
983.000000	0.002308	0.88	4147.936
984.000000	0.002050	2.63	4074.304
985.000000	0.002189	2.39	4012.944
986.000000	0.002323	2.52	3792.048
987.000000	0.002925	2.23	3227.536
988.000000	0.003111	3.90	2736.656
989.000000	0.003022	6.57	2442.128
990.000000	0.003672	7.98	2110.784
991.000000	0.003169	8.00	2258.048
992.000000	0.004189	14.39	1399.008
993.000000	0.004269	10.97	1693.536
994.000000	0.003534	14.38	1607.632
995.000000	0.004235	20.47	1239.472
996.000000	0.004002	21.31	1165.840
997.000000	0.004327	21.01	1153.568
998.000000	0.005086	28.85	920.400
999.000000	0.004396	28.81	1018.576
1000.000000	0.004663	23.93	1092.208
1001.000000	0.004755	22.22	1116.752
1002.000000	0.004400	22.73	1043.120
1003.000000	0.004444	21.43	1227.200
1004.000000	0.004753	12.08	1595.360
1005.000000	0.004416	13.04	1472.640
1006.000000	0.003579	20.97	1214.928
1007.000000	0.003464	10.86	1902.160
1008.000000	0.003626	8.51	2110.784
1009.000000	0.003380	13.12	1705.808
1010.000000	0.003240	7.50	2270.320
1011.000000	0.003104	4.62	2785.744
1012.000000	0.002950	4.66	2761.200
1013.000000	0.002846	3.21	2957.552
1014.000000	0.003006	1.45	3325.712
1015.000000	0.002452	2.66	3595.696
1016.000000	0.002377	2.13	3963.856
1017.000000	0.002074	1.69	4270.656
1018.000000	0.002185	1.81	4000.672
1019.000000	0.002309	0.55	4405.648
1020.000000	0.002454	1.58	3828.864
1021.000000	0.002313	2.57	3718.416
1022.000000	0.002024	2.79	3853.408
1023.000000	0.002683	3.41	3129.360
1024.000000	0.002751	4.78	2945.280
1025.000000	0.002662	6.51	2466.672
1026.000000	0.002811	5.69	2834.832
1027.000000	0.003595	6.44	2319.408
1028.000000	0.003018	7.31	2491.216
1029.000000	0.003969	10.18	1853.072
1030.000000	0.003334	15.29	1619.904
1031.000000	0.003348	5.85	2368.496
1032.000000	0.004056	9.82	1816.256
1033.000000	0.003171	2.87	2896.192
1034.000000	0.002785	4.56	3080.272
1035.000000	0.002291	2.14	3927.040
1036.000000	0.002154	0.80	4565.184
1037.000000	0.002131	1.02	4761.536
1038.000000	0.001700	0.21	5902.832
1039.000000	0.001698	0.41	6001.008
1040.000000	0.001692	0.00	6099.184
1041.000000	0.001724	0.00	6172.816
1042.000000	0.001498	0.38	6369.168
1043.000000	0.001276	0.32	7571.824
1044.000000	0.001414	0.18	6712.784
1045.000000	0.001146	0.00	8406.320
1046.000000	0.001204	0.16	7768.176
1047.000000	0.001066	0.00	8909.472
1048.000000	0.000991	0.00	9400.352
1049.000000	0.000972	0.00	9375.808
1050.000000	0.000912	0.13	9707.152
1051.000000	0.001033	0.14	8749.936
1052.000000	0.001076	0.00	8565.856
1053.000000	0.001285	0.00	7670.000
1054.000000	0.001283	0.16	7706.816
1055.000000	0.001392	0.00	7314.112
1056.000000	0.001559	0.40	6148.272
1057.000000	0.001664	0.40	6160.544
1058.000000	0.001984	0.54	4503.824
1059.000000	0.001893	0.46	5301.504
1060.000000	0.001538	0.00	6835.504
1061.000000	0.001445	0.35	6909.136
1062.000000	0.001648	0.19	6455.072
1063.000000	0.001415	0.00	7056.400
1064.000000	0.001210	0.00	8025.888
1065.000000	0.000971	0.00	9670.336
1066.000000	0.001063	0.14	8664.032
1067.000000	0.000971	0.00	9216.272
1068.000000	0.000918	0.00	9547.616
1069.000000	0.000952	0.00	9240.816
1070.000000	0.000790	0.00	10492.560
1071.000000	0.000835	0.00	9952.592
1072.000000	0.000806	0.00	10468.016
1073.000000	0.000760	0.00	10946.624
1074.000000	0.000736	0.00	11130.704
1075.000000	0.000847	0.00	10173.488
1076.000000	0.000681	0.00	11523.408
1077.000000	0.000685	0.00	11486.592
1078.000000	0.000718	0.11	10811.632
1079.000000	0.000731	0.00	11167.520
1080.000000	0.000867	0.00	10087.584
1081.000000	0.000781	0.00	11118.432
1082.000000	0.001014	0.00	9019.920
1083.000000	0.001086	0.15	8369.504
1084.000000	0.001299	0.16	7571.824
1085.000000	0.001569	0.20	6197.360
1086.000000	0.001778	0.65	5620.576
1087.000000	0.001698	0.00	6074.640
1088.000000	0.001856	1.48	4896.528
1089.000000	0.002120	0.75	4871.984
1090.000000	0.002114	1.72	4209.296
1091.000000	0.002633	1.25	3890.224
1092.000000	0.001880	1.61	4491.552
1093.000000	0.002181	0.25	4945.616
1094.000000	0.002420	3.40	3153.904
1095.000000	0.002737	2.76	3460.704
1096.000000	0.002642	2.51	3325.712
1097.000000	0.002720	2.85	3350.256
1098.000000	0.002459	2.61	3669.328
1099.000000	0.002618	2.92	3264.352
1100.000000	0.002880	3.72	2847.104
1101.000000	0.002150	1.39	4344.288
1102.000000	0.001759	0.45	5473.312
1103.000000	0.002035	0.48	5129.696
1104.000000	0.001893	0.74	4921.072
1105.000000	0.001418	0.18	6995.040
1106.000000	0.001595	0.19	6442.800
1107.000000	0.001369	0.00	7387.744
1108.000000	0.001194	0.00	8148.608
1109.000000	0.001266	0.16	7510.464
1110.000000	0.001099	0.00	8786.752
1111.000000	0.001154	0.00	8357.232
1112.000000	0.001126	0.00	8259.056
1113.000000	0.000963	0.00	9645.792
1114.000000	0.001058	0.14	8455.408
1115.000000	0.001147	0.00	7878.624
1116.000000	0.001145	0.00	8185.424
1117.000000	0.001048	0.15	8418.592
1118.000000	0.001155	0.00	8222.240
1119.000000	0.000920	0.00	9743.968
1120.000000	0.000899	0.00	9731.696
1121.000000	0.000856	0.00	9964.864
1122.000000	0.000822	0.00	10345.296
1123.000000	0.000646	0.00	12173.824
1124.000000	0.000675	0.00	11425.232
1125.000000	0.000641	0.00	11633.856
1126.000000	0.000565	0.00	12934.688
1127.000000	0.000619	0.00	12247.456
1128.000000	0.000531	0.00	13155.584
1129.000000	0.000537	0.00	12922.416
1130.000000	0.000499	0.00	13351.936
1131.000000	0.000499	0.00	13462.384
1132.000000	0.000490	0.00	13511.472
1133.000000	0.000463	0.00	13990.080
1134.000000	0.000455	0.00	14002.352
1135.000000	0.000509	0.00	13057.408
1136.000000	0.000468	0.00	13585.104
1137.000000	0.000458	0.00	14174.160
1138.000000	0.000475	0.00	13720.096
1139.000000	0.000486	0.00	13806.000
1140.000000	0.000464	0.00	14161.888
1141.000000	0.000452	0.00	13744.640
1142.000000	0.000465	0.00	13953.264
1143.000000	0.000508	0.00	13032.864
1144.000000	0.000461	0.00	13769.184
1145.000000	0.000522	0.00	13290.576
1146.000000	0.000565	0.00	12541.984
1147.000000	0.000537	0.00	12885.600
1148.000000	0.000579	0.00	12627.888
1149.000000	0.000602	0.00	12235.184
1150.000000	0.000694	0.00	11118.432
1151.000000	0.000679	0.00	11192.064
1152.000000	0.000678	0.00	11412.960
1153.000000	0.000802	0.00	10590.736
1154.000000	0.000824	0.00	10259.392
1155.000000	0.000820	0.00	10529.376
1156.000000	0.000882	0.00	9878.960
1157.000000	0.000969	0.00	9437.168
1158.000000	0.001118	0.00	8565.856
1159.000000	0.001176	0.00	8222.240
1160.000000	0.000904	0.13	9584.432
1161.000000	0.000959	0.00	9559.888
1162.000000	0.000868	0.13	9449.440
1163.000000	0.000755	0.00	11400.688
1164.000000	0.000782	0.12	10099.856
1165.000000	0.000787	0.00	10492.560
1166.000000	0.000691	0.00	11314.784
1167.000000	0.000676	0.00	11535.680
1168.000000	0.000619	0.00	12026.560
1169.000000	0.000631	0.00	11621.584
1170.000000	0.000670	0.00	11756.576
1171.000000	0.000805	0.00	10345.296
1172.000000	0.000752	0.00	11142.976
1173.000000	0.000857	0.00	10345.296
1174.000000	0.001022	0.00	8970.832
1175.000000	0.001193	0.00	8295.872
1176.000000	0.001323	0.17	7031.856
1177.000000	0.001268	0.33	7400.016
1178.000000	0.001313	0.17	7387.744
1179.000000	0.001572	0.19	6430.528
1180.000000	0.001472	0.36	6761.872
1181.000000	0.001350	0.00	7400.016
1182.000000	0.001208	0.00	8025.888
1183.000000	0.001115	0.15	8209.968
1184.000000	0.001169	0.00	8332.688
1185.000000	0.001265	0.00	7657.728
1186.000000	0.001093	0.00	8602.672
1187.000000	0.001069	0.00	8541.312
1188.000000	0.001130	0.15	8148.608
1189.000000	0.000844	0.00	10173.488
1190.000000	0.000723	0.00	11523.408
1191.000000	0.000728	0.00	11118.432
1192.000000	0.000727	0.00	11437.504
1193.000000	0.000664	0.00	11584.768
1194.000000	0.000675	0.00	11351.600
1195.000000	0.000615	0.00	11965.200
1196.000000	0.000558	0.00	12296.544
1197.000000	0.000533	0.00	13216.944
1198.000000	0.000486	0.00	13646.464
1199.000000	0.000492	0.00	13671.008
1200.000000	0.000489	0.00	13437.840
1201.000000	0.000476	0.00	13401.024
1202.000000	0.000484	0.00	13327.392
1203.000000	0.000438	0.00	14284.608
1204.000000	0.000456	0.00	13818.272
1205.000000	0.000471	0.00	13879.632
1206.000000	0.000491	0.00	13155.584
1207.000000	0.000434	0.00	14542.320
1208.000000	0.000495	0.00	13658.736
1209.000000	0.000445	0.00	14370.512
1210.000000	0.000446	0.00	14112.800
1211.000000	0.000477	0.00	13646.464
1212.000000	0.000434	0.00	14345.968
1213.000000	0.000510	0.00	13167.856
1214.000000	0.000497	0.00	13413.296
1215.000000	0.000494	0.00	13425.568
1216.000000	0.000482	0.00	13499.200
1217.000000	0.000529	0.00	13167.856
1218.000000	0.000538	0.00	12946.960
1219.000000	0.000614	0.00	11891.568
1220.000000	0.000664	0.00	11547.952
1221.000000	0.000739	0.00	10934.352
1222.000000	0.000757	0.00	11032.528
1223.000000	0.000705	0.00	11400.688
1224.000000	0.000875	0.00	10296.208
1225.000000	0.001195	0.00	7768.176
1226.000000	0.001183	0.16	7854.080
1227.000000	0.001101	0.14	8467.680
1228.000000	0.001290	0.17	7179.120
1229.000000	0.001258	0.17	7265.024
1230.000000	0.001349	0.00	7252.752
1231.000000	0.001136	0.00	8320.416
1232.000000	0.001209	0.00	7952.256
1233.000000	0.000877	0.00	10418.928
1234.000000	0.000865	0.00	10001.680
1235.000000	0.000729	0.00	11560.224
1236.000000	0.000728	0.00	11044.800
1237.000000	0.000638	0.00	11732.032
1238.000000	0.000675	0.00	11204.336
1239.000000	0.000596	0.00	12075.648
1240.000000	0.000547	0.00	12689.248
1241.000000	0.000514	0.00	13216.944
1242.000000	0.000513	0.00	13167.856
1243.000000	0.000479	0.00	13842.816
1244.000000	0.000450	0.00	14260.064
1245.000000	0.000445	0.00	14382.784
1246.000000	0.000437	0.00	14345.968
1247.000000	0.000455	0.00	13671.008
1248.000000	0.000478	0.00	13818.272
1249.000000	0.000472	0.00	13977.808
1250.000000	0.000456	0.00	14002.352
1251.000000	0.000441	0.00	14223.248
1252.000000	0.000457	0.00	14039.168
1253.000000	0.000473	0.00	13720.096
1254.000000	0.000484	0.00	13597.376
1255.000000	0.000532	0.00	12873.328
1256.000000	0.000468	0.00	13867.360
1257.000000	0.000469	0.00	13842.816
1258.000000	0.000533	0.00	13241.488
1259.000000	0.000576	0.00	12492.896
1260.000000	0.000499	0.00	13523.744
1261.000000	0.000509	0.00	13290.576
1262.000000	0.000514	0.10	12591.072
1263.000000	0.000483	0.00	13634.192
1264.000000	0.000533	0.00	13094.224
1265.000000	0.000486	0.00	14014.624
1266.000000	0.000499	0.00	13707.824
1267.000000	0.000535	0.00	12910.144
1268.000000	0.000572	0.00	12308.816
1269.000000	0.000511	0.00	13413.296
1270.000000	0.000548	0.00	12652.432
1271.000000	0.000531	0.00	12910.144
1272.000000	0.000549	0.00	12848.784
1273.000000	0.000519	0.00	13216.944
1274.000000	0.000528	0.00	12946.960
1275.000000	0.000504	0.00	13548.288
1276.000000	0.000551	0.00	13045.136
1277.000000	0.000586	0.00	12308.816
1278.000000	0.000569	0.00	12934.688
1279.000000	0.000531	0.00	13278.304
1280.000000	0.000558	0.00	13155.584
1281.000000	0.000482	0.00	13806.000
1282.000000	0.000467	0.00	13756.912
1283.000000	0.000510	0.00	13253.760
1284.000000	0.000474	0.00	14125.072
1285.000000	0.000459	0.00	13916.448
1286.000000	0.000426	0.00	14615.952
1287.000000	0.000449	0.00	14309.152
1288.000000	0.000449	0.00	14149.616
1289.000000	0.000454	0.00	14407.328
1290.000000	0.000416	0.00	14640.496
1291.000000	0.000440	0.00	14161.888
1292.000000	0.000429	0.00	14554.592
1293.000000	0.000419	0.00	14468.688
1294.000000	0.000491	0.00	13401.024
1295.000000	0.000454	0.00	14026.896
1296.000000	0.000459	0.00	14419.600
1297.000000	0.000499	0.00	13376.480
1298.000000	0.000464	0.00	14026.896
1299.000000	0.000440	0.00	14382.784
1300.000000	0.000467	0.00	13793.728
1301.000000	0.000438	0.00	14149.616
1302.000000	0.000417	0.00	14714.128
1303.000000	0.000427	0.00	14321.424
1304.000000	0.000410	0.00	14714.128
1305.000000	0.000397	0.00	14750.944
1306.000000	0.000404	0.00	14885.936
1307.000000	0.000395	0.00	14996.384
1308.000000	0.000396	0.00	14714.128
1309.000000	0.000413	0.00	14480.960
1310.000000	0.000387	0.00	14935.024
1311.000000	0.000390	0.00	15143.648
1312.000000	0.000404	0.00	14665.040
1313.000000	0.000414	0.00	14579.136
1314.000000	0.000417	0.00	14628.224
1315.000000	0.000423	0.00	14382.784
1316.000000	0.000456	0.00	13793.728
1317.000000	0.000441	0.00	14161.888
1318.000000	0.000468	0.00	13781.456
1319.000000	0.000449	0.00	14333.696
1320.000000	0.000522	0.00	13131.040
1321.000000	0.000557	0.00	12468.352
1322.000000	0.000557	0.00	12738.336
1323.000000	0.000729	0.00	10983.440
1324.000000	0.000839	0.00	10222.576
1325.000000	0.000798	0.00	10406.656
1326.000000	0.000816	0.00	10210.304
1327.000000	0.000952	0.00	9670.336
1328.000000	0.000986	0.14	8467.680
1329.000000	0.001018	0.00	9118.096
1330.000000	0.001238	0.00	7829.536
1331.000000	0.001200	0.00	7939.984
1332.000000	0.001395	0.00	7326.384
1333.000000	0.001492	0.00	6761.872
1334.000000	0.001466	0.00	6749.600
1335.000000	0.001558	0.00	6528.704
1336.000000	0.001681	0.00	6246.448
1337.000000	0.001608	0.80	6062.368
1338.000000	0.001899	1.18	5129.696
1339.000000	0.002195	2.10	4025.216
1340.000000	0.002652	1.68	3571.152
1341.000000	0.002750	0.99	3669.328
1342.000000	0.002609	4.15	3129.360
1343.000000	0.002740	4.72	2957.552
1344.000000	0.002941	7.51	2417.584
1345.000000	0.003727	8.79	2037.152
1346.000000	0.003574	12.88	1754.896
1347.000000	0.003687	13.07	1619.904
1348.000000	0.004255	15.07	1521.728
1349.000000	0.004293	13.91	1607.632
1350.000000	0.004035	14.89	1460.368
1351.000000	0.003904	18.05	1349.920
1352.000000	0.003459	12.80	1754.896
1353.000000	0.003660	13.07	1632.176
1354.000000	0.004213	14.58	1509.456
1355.000000	0.003420	11.52	1791.712
1356.000000	0.002816	11.34	2110.784
1357.000000	0.003398	8.43	1988.064
1358.000000	0.003541	7.37	2159.872
1359.000000	0.002998	7.69	2356.224
1360.000000	0.003119	12.73	1767.168
1361.000000	0.004665	14.81	1411.280
1362.000000	0.004357	15.94	1435.824
1363.000000	0.003273	24.09	1264.016
1364.000000	0.003816	16.79	1411.280
1365.000000	0.003621	20.57	1362.192
1366.000000	0.003999	23.73	1104.480
1367.000000	0.005223	26.85	981.760
1368.000000	0.004414	40.00	699.504
1369.000000	0.004478	39.36	699.504
1370.000000	0.005536	35.16	724.048
1371.000000	0.004245	45.88	552.240
1372.000000	0.006226	34.09	724.048
1373.000000	0.004355	40.66	662.688
1374.000000	0.004331	27.78	944.944
1375.000000	0.003445	18.75	1435.824
1376.000000	0.004887	20.34	1153.568
1377.000000	0.003961	13.91	1595.360
1378.000000	0.004342	18.05	1349.920
1379.000000	0.004453	10.34	1583.088
1380.000000	0.004308	5.00	2098.512
1381.000000	0.003117	8.67	2196.688
1382.000000	0.003540	5.73	2221.232
1383.000000	0.002749	3.88	3043.456
1384.000000	0.002774	3.02	3153.904
1385.000000	0.002334	0.83	4381.104
1386.000000	0.002357	4.07	3485.248
1387.000000	0.002435	0.56	4381.104
1388.000000	0.001726	0.88	5510.128
1389.000000	0.001644	0.86	5681.936
1390.000000	0.002182	0.52	4687.904
1391.000000	0.002163	1.39	4344.288
1392.000000	0.002579	2.68	3558.880
1393.000000	0.002805	4.20	2798.016
1394.000000	0.003079	5.33	2626.208
1395.000000	0.003568	8.06	2086.240
1396.000000	0.004307	11.11	1583.088
1397.000000	0.003203	14.47	1668.992
1398.000000	0.003994	14.29	1619.904
1399.000000	0.003380	16.03	1607.632
1400.000000	0.003840	12.12	1779.440
1401.000000	0.003420	7.56	1938.976
1402.000000	0.003358	8.15	2073.968
1403.000000	0.003614	3.83	2466.672
1404.000000	0.003204	5.14	2491.216
1405.000000	0.002909	2.78	3006.640
1406.000000	0.002235	3.18	3742.960
1407.000000	0.002576	2.14	3362.528
1408.000000	0.002057	1.29	4700.176
1409.000000	0.001981	0.47	5252.416
1410.000000	0.002279	0.58	4209.296
1411.000000	0.001876	0.93	5215.600
1412.000000	0.001643	0.42	5829.200
1413.000000	0.001283	0.18	6958.224
1414.000000	0.001179	0.00	8259.056
1415.000000	0.001294	0.00	7510.464
1416.000000	0.001223	0.00	7804.992
1417.000000	0.000888	0.26	9253.088
1418.000000	0.000832	0.00	10443.472
1419.000000	0.000795	0.12	10357.568
1420.000000	0.000908	0.00	9829.872
1421.000000	0.001238	0.00	7547.280
1422.000000	0.001202	0.00	8148.608
1423.000000	0.001100	0.00	8627.216
1424.000000	0.001147	0.49	7461.376
1425.000000	0.001298	0.34	7166.848
1426.000000	0.001649	0.44	5510.128
1427.000000	0.001911	1.25	4859.712
1428.000000	0.001726	2.43	4442.464
1429.000000	0.002137	1.04	4651.088
1430.000000	0.002248	1.97	3657.056
1431.000000	0.002043	1.71	4221.568
1432.000000	0.002771	2.57	3252.080
1433.000000	0.002607	4.00	3252.080
1434.000000	0.002748	3.01	3166.176
1435.000000	0.003019	3.23	2933.008
1436.000000	0.002885	4.40	2933.008
1437.000000	0.002822	9.52	2331.680
1438.000000	0.003052	6.39	2528.032
1439.000000	0.002804	7.58	2393.040
1440.000000	0.003289	5.63	2454.400
1441.000000	0.002819	4.20	3080.272
1442.000000	0.002363	2.78	3877.952
1443.000000	0.002625	0.98	3693.872
1444.000000	0.002102	0.80	4540.640
1445.000000	0.001621	1.38	5276.960
1446.000000	0.001634	0.66	5559.216
1447.000000	0.001551	0.19	6332.352
1448.000000	0.001367	0.17	7130.032
1449.000000	0.001254	0.16	7706.816
1450.000000	0.001198	0.15	7927.712
1451.000000	0.001382	0.18	6639.152
1452.000000	0.001284	0.16	7449.104
1453.000000	0.001077	0.00	8664.032
1454.000000	0.001048	0.14	8713.120
1455.000000	0.001017	0.00	9167.184
1456.000000	0.000883	0.00	10087.584
1457.000000	0.000827	0.00	10443.472
1458.000000	0.000908	0.00	9547.616
1459.000000	0.000910	0.00	9817.600
1460.000000	0.000959	0.00	9535.344
1461.000000	0.001030	0.00	9351.264
1462.000000	0.001268	0.00	7780.448
1463.000000	0.001249	0.16	7657.728
1464.000000	0.001356	0.17	7130.032
1465.000000	0.001700	0.42	5792.384
1466.000000	0.001817	0.69	5289.232
1467.000000	0.001766	0.64	5694.208
1468.000000	0.001862	1.53	4724.720
1469.000000	0.002300	0.87	4184.752
1470.000000	0.002521	2.95	3227.536
1471.000000	0.002484	2.66	3607.968
1472.000000	0.003159	3.25	2920.736
1473.000000	0.002807	5.14	2933.008
1474.000000	0.002795	3.69	3215.264
1475.000000	0.002594	0.60	4074.304
1476.000000	0.002214	2.88	3718.416
1477.000000	0.001996	0.47	5203.328
1478.000000	0.002034	1.34	4528.368
1479.000000	0.001812	0.44	5608.304
1480.000000	0.001819	0.44	5497.856
1481.000000	0.002276	0.55	4454.736
1482.000000	0.002341	0.00	4786.080
1483.000000	0.001588	0.20	6270.992
1484.000000	0.001725	1.78	4736.992
1485.000000	0.001856	0.22	5657.392
1486.000000	0.002016	0.76	4798.352
1487.000000	0.002170	0.25	4921.072
1488.000000	0.002384	0.56	4332.016
1489.000000	0.001829	0.22	5583.760
1490.000000	0.001572	1.13	5387.408
1491.000000	0.001665	0.88	5546.944
1492.000000	0.001469	0.37	6565.520
1493.000000	0.001676	0.20	6025.552
1494.000000	0.001326	0.00	7584.096
1495.000000	0.001536	0.00	6602.336
1496.000000	0.001182	0.16	7608.640
1497.000000	0.001168	0.00	8160.880
1498.000000	0.001144	0.00	8369.504
1499.000000	0.001011	0.00	9216.272
1500.000000	0.000884	0.00	10112.128
1501.000000	0.000837	0.00	10603.008
1502.000000	0.000942	0.00	9388.080
1503.000000	0.000889	0.00	9756.240
1504.000000	0.000811	0.00	10541.648
1505.000000	0.000703	0.00	11572.496
1506.000000	0.000676	0.00	11977.472
1507.000000	0.000804	0.00	10455.744
1508.000000	0.000806	0.00	10639.824
1509.000000	0.000742	0.00	11069.344
1510.000000	0.000901	0.00	9780.784
1511.000000	0.000837	0.00	10099.856
1512.000000	0.000798	0.00	10468.016
1513.000000	0.000885	0.00	10026.224
1514.000000	0.000899	0.00	9756.240
1515.000000	0.001049	0.31	7915.440
1516.000000	0.000908	0.13	9326.720
1517.000000	0.000957	0.00	9510.800
1518.000000	0.000976	0.00	9388.080
1519.000000	0.000942	0.00	9596.704
1520.000000	0.001159	0.00	8332.688
1521.000000	0.001114	0.00	8614.944
1522.000000	0.001061	0.00	8995.376
1523.000000	0.001104	0.00	8455.408
1524.000000	0.001084	0.00	8614.944
1525.000000	0.001016	0.00	9240.816
1526.000000	0.001289	0.00	7584.096
1527.000000	0.001356	0.17	7105.488
1528.000000	0.001187	0.00	8283.600
1529.000000	0.001300	0.00	7387.744
1530.000000	0.001149	0.15	8344.960
1531.000000	0.001366	0.00	7166.848
1532.000000	0.001670	0.00	6344.624
1533.000000	0.001419	0.37	6675.968
1534.000000	0.001781	0.21	5706.480
1535.000000	0.001871	0.71	5117.424
1536.000000	0.001863	1.20	5068.336
1537.000000	0.002784	0.32	3853.408
1538.000000	0.002373	2.28	3681.600
1539.000000	0.002418	1.64	3681.600
1540.000000	0.002513	0.28	4356.560
1541.000000	0.001766	0.91	5326.048
1542.000000	0.002093	0.00	5068.336
1543.000000	0.002095	0.74	4908.800
1544.000000	0.002093	1.03	4736.992
1545.000000	0.001907	0.23	5424.224
1546.000000	0.001932	0.22	5534.672
1547.000000	0.001645	0.62	5902.832
1548.000000	0.001900	0.73	5019.248
1549.000000	0.001754	0.20	5988.736
1550.000000	0.002196	0.52	4651.088
1551.000000	0.001809	0.43	5657.392
1552.000000	0.001496	0.59	6160.544
1553.000000	0.001873	0.25	4982.432
1554.000000	0.001531	0.39	6320.080
1555.000000	0.001540	0.60	6037.824
1556.000000	0.001753	0.67	5461.040
1557.000000	0.001919	0.50	4884.256
1558.000000	0.001613	0.19	6344.624
1559.000000	0.001579	0.38	6467.344
1560.000000	0.001688	0.43	5657.392
1561.000000	0.001348	0.35	6896.864
1562.000000	0.001353	0.18	6970.496
1563.000000	0.001072	0.00	8970.832
1564.000000	0.001079	0.00	8664.032
1565.000000	0.000836	0.00	10627.552
1566.000000	0.000802	0.00	10688.912
1567.000000	0.000815	0.00	10099.856
1568.000000	0.000670	0.00	12002.016
1569.000000	0.000564	0.00	12996.048
1570.000000	0.000548	0.00	13167.856
1571.000000	0.000636	0.00	11768.848
1572.000000	0.000497	0.00	13351.936
1573.000000	0.000517	0.00	13180.128
1574.000000	0.000464	0.00	13695.552
1575.000000	0.000425	0.00	14370.512
1576.000000	0.000449	0.00	14198.704
1577.000000	0.000437	0.00	14444.144
1578.000000	0.000435	0.00	14358.240
1579.000000	0.000382	0.00	14922.752
1580.000000	0.000393	0.00	15143.648
1581.000000	0.000416	0.00	14198.704
1582.000000	0.000429	0.00	14210.976
1583.000000	0.000412	0.00	14517.776
1584.000000	0.000424	0.00	14468.688
1585.000000	0.000418	0.00	14419.600
1586.000000	0.000388	0.00	14885.936
1587.000000	0.000419	0.00	14247.792
1588.000000	0.000437	0.00	14235.520
1589.000000	0.000430	0.00	14566.864
1590.000000	0.000444	0.00	14198.704
1591.000000	0.000447	0.00	14272.336
1592.000000	0.000467	0.00	14088.256
1593.000000	0.000465	0.00	14260.064
1594.000000	0.000484	0.00	13683.280
1595.000000	0.000543	0.00	12861.056
1596.000000	0.000545	0.00	12922.416
1597.000000	0.000480	0.00	13855.088
1598.000000	0.000579	0.00	12406.992
1599.000000	0.000643	0.00	11756.576
1600.000000	0.000658	0.00	11670.672
1601.000000	0.000819	0.00	10308.480
1602.000000	0.000848	0.00	10112.128
1603.000000	0.000796	0.00	10664.368
1604.000000	0.000868	0.00	10296.208
1605.000000	0.001154	0.00	8234.512
1606.000000	0.001213	0.00	8074.976
1607.000000	0.001365	0.17	7338.656
1608.000000	0.001395	0.19	6405.984
1609.000000	0.001508	0.00	6798.688
1610.000000	0.001773	0.00	5890.560
1611.000000	0.001392	0.35	6970.496
1612.000000	0.001454	0.57	6455.072
1613.000000	0.001403	0.35	7044.128
1614.000000	0.001705	0.21	5767.840
1615.000000	0.001360	0.00	7608.640
1616.000000	0.001455	0.17	7142.304
1617.000000	0.001557	0.19	6479.616
1618.000000	0.001600	0.00	6307.808
1619.000000	0.002021	0.49	5019.248
1620.000000	0.001917	0.22	5596.032
1621.000000	0.002036	0.72	5056.064
1622.000000	0.002235	1.75	4135.664
1623.000000	0.003154	0.74	3288.896
1624.000000	0.002421	4.68	3252.080
1625.000000	0.003074	2.89	2883.920
1626.000000	0.003026	4.37	2957.552
1627.000000	0.003288	12.50	1902.160
1628.000000	0.003857	9.70	1828.528
1629.000000	0.003427	10.40	1889.888
1630.000000	0.003061	8.21	2196.688
1631.000000	0.003357	6.16	2429.856
1632.000000	0.003524	6.19	2233.504
1633.000000	0.003193	8.59	2221.232
1634.000000	0.003386	6.25	2221.232
1635.000000	0.003433	7.18	2221.232
1636.000000	0.003525	3.98	2663.024
1637.000000	0.003060	5.11	2736.656
1638.000000	0.003525	6.50	2294.864
1639.000000	0.002969	6.03	2663.024
1640.000000	0.002652	2.79	2994.368
1641.000000	0.002005	1.63	4467.008
1642.000000	0.002370	1.15	4209.296
1643.000000	0.001782	1.18	5129.696
1644.000000	0.002374	0.27	4552.912
1645.000000	0.001671	0.42	5829.200
1646.000000	0.001786	0.21	5804.656
1647.000000	0.001221	0.15	8087.248
1648.000000	0.001169	0.00	7939.984
1649.000000	0.001223	0.00	8074.976
1650.000000	0.001395	0.17	7265.024
1651.000000	0.001395	0.37	6565.520
1652.000000	0.001711	0.00	6185.088
1653.000000	0.002037	0.24	5191.056
1654.000000	0.002127	0.80	4540.640
1655.000000	0.002485	1.22	4000.672
1656.000000	0.002429	1.58	3804.320
1657.000000	0.002959	3.12	3043.456
1658.000000	0.002622	3.86	3068.000
1659.000000	0.003307	3.74	2515.760
1660.000000	0.002676	3.64	3264.352
1661.000000	0.002880	2.58	3239.808
1662.000000	0.002796	6.67	2577.120
1663.000000	0.002513	3.91	3313.440
1664.000000	0.002524	2.68	3558.880
1665.000000	0.002799	2.26	3190.720
1666.000000	0.002979	5.24	2663.024
1667.000000	0.002523	3.97	3252.080
1668.000000	0.003140	3.90	2724.384
1669.000000	0.002727	4.86	2883.920
1670.000000	0.002777	2.11	3423.888
1671.000000	0.001951	1.86	4540.640
1672.000000	0.002021	1.57	4638.816
1673.000000	0.002115	0.00	5068.336
1674.000000	0.002011	0.74	4945.616
1675.000000	0.001859	0.22	5596.032
1676.000000	0.001428	0.00	7252.752
1677.000000	0.001342	0.55	6602.336
1678.000000	0.001267	0.34	7093.216
1679.000000	0.001242	0.00	8001.344
1680.000000	0.001099	0.15	8185.424
1681.000000	0.001196	0.00	8013.616
1682.000000	0.001018	0.00	9056.736
1683.000000	0.000818	0.00	10382.112
1684.000000	0.000742	0.00	10836.176
1685.000000	0.000674	0.00	11486.592
1686.000000	0.000613	0.00	12824.240
1687.000000	0.000561	0.00	12615.616
1688.000000	0.000575	0.00	12443.808
1689.000000	0.000516	0.00	13474.656
1690.000000	0.000505	0.00	13388.752
1691.000000	0.000537	0.00	12775.152
1692.000000	0.000503	0.00	13155.584
1693.000000	0.000510	0.00	12983.776
1694.000000	0.000550	0.00	12603.344
1695.000000	0.000532	0.00	12873.328
1696.000000	0.000505	0.00	13462.384
1697.000000	0.000539	0.00	13045.136
1698.000000	0.000557	0.00	12627.888
1699.000000	0.000550	0.00	13081.952
1700.000000	0.000523	0.00	13229.216
1701.000000	0.000530	0.00	12922.416
1702.000000	0.000508	0.00	13425.568
1703.000000	0.000463	0.00	13769.184
1704.000000	0.000483	0.00	13781.456
1705.000000	0.000477	0.00	13855.088
1706.000000	0.000474	0.00	13806.000
1707.000000	0.000495	0.00	13585.104
1708.000000	0.000472	0.00	13916.448
1709.000000	0.000503	0.00	13364.208
1710.000000	0.000463	0.00	14112.800
1711.000000	0.000495	0.00	13462.384
1712.000000	0.000449	0.00	14137.344
1713.000000	0.000448	0.00	13855.088
1714.000000	0.000425	0.00	14603.680
1715.000000	0.000444	0.00	14321.424
1716.000000	0.000441	0.00	14149.616
1717.000000	0.000427	0.00	14272.336
1718.000000	0.000409	0.00	14873.664
1719.000000	0.000405	0.00	14370.512
1720.000000	0.000410	0.00	14665.040
1721.000000	0.000426	0.00	14210.976
1722.000000	0.000434	0.00	14284.608
1723.000000	0.000451	0.00	13965.536
1724.000000	0.000424	0.00	14309.152
1725.000000	0.000513	0.00	13204.672
1726.000000	0.000471	0.00	13732.368
1727.000000	0.000512	0.00	13216.944
1728.000000	0.000510	0.00	13327.392
1729.000000	0.000543	0.00	12873.328
1730.000000	0.000551	0.00	12848.784
1731.000000	0.000582	0.00	12591.072
1732.000000	0.000741	0.12	10148.944
1733.000000	0.000702	0.00	11253.424
1734.000000	0.000729	0.00	11142.976
1735.000000	0.000792	0.00	10713.456
1736.000000	0.000823	0.00	10418.928
1737.000000	0.000961	0.00	9559.888
1738.000000	0.000938	0.00	9670.336
1739.000000	0.001145	0.00	8467.680
1740.000000	0.001474	0.00	6872.320
1741.000000	0.001269	0.00	7792.720
1742.000000	0.001605	0.19	6295.536
1743.000000	0.001933	0.23	5338.320
1744.000000	0.001642	0.42	5804.656
1745.000000	0.001937	0.70	5191.056
1746.000000	0.002444	1.83	3939.312
1747.000000	0.002252	0.54	4516.096
1748.000000	0.002338	3.86	3374.800
1749.000000	0.002300	4.87	3117.088
1750.000000	0.002913	5.04	2761.200
1751.000000	0.003499	6.32	2196.688
1752.000000	0.003308	9.57	2073.968
1753.000000	0.003174	12.87	1840.800
1754.000000	0.003748	14.09	1570.816
1755.000000	0.004581	19.17	1178.112
1756.000000	0.004031	14.71	1435.824
1757.000000	0.003677	25.60	1129.024
1758.000000	0.005107	23.15	1018.576
1759.000000	0.004349	24.37	1104.480
1760.000000	0.004162	22.03	1129.024
1761.000000	0.005406	26.67	944.944
1762.000000	0.004289	23.08	1104.480
1763.000000	0.003920	27.36	944.944
1764.000000	0.003270	18.84	1386.736
1765.000000	0.003214	12.94	1803.984
1766.000000	0.003920	12.10	1705.808
1767.000000	0.002991	14.29	1607.632
1768.000000	0.004484	11.26	1656.720
1769.000000	0.003454	5.05	2294.864
1770.000000	0.003259	8.33	2159.872
1771.000000	0.002615	3.08	3472.976
1772.000000	0.002834	3.10	3068.000
1773.000000	0.002317	2.13	3939.312
1774.000000	0.002137	1.06	4602.000
1775.000000	0.002194	0.53	4602.000
1776.000000	0.001986	0.24	5141.968
1777.000000	0.001650	0.40	6123.728
1778.000000	0.001405	0.18	6860.048
1779.000000	0.001748	0.21	5731.024
1780.000000	0.001900	0.22	5546.944
1781.000000	0.001576	0.39	6258.720
1782.000000	0.002137	0.79	4638.816
1783.000000	0.002162	2.78	3877.952
1784.000000	0.002784	1.81	3313.440
1785.000000	0.002418	1.68	3595.696
1786.000000	0.002640	4.03	2920.736
1787.000000	0.003281	5.31	2405.312
1788.000000	0.003180	5.69	2454.400
1789.000000	0.003933	5.95	2123.056
1790.000000	0.004195	13.79	1546.272
1791.000000	0.004622	16.92	1325.376
1792.000000	0.003346	9.23	2172.144
1793.000000	0.002662	17.07	1656.720
1794.000000	0.004056	11.69	1681.264
1795.000000	0.004030	8.54	1828.528
1796.000000	0.004600	10.14	1644.448
1797.000000	0.003205	8.74	2037.152
1798.000000	0.003043	15.53	1681.264
1799.000000	0.003747	13.38	1668.992
1800.000000	0.004876	14.50	1362.192
1801.000000	0.004776	11.94	1460.368
1802.000000	0.005419	24.77	1006.304
1803.000000	0.003939	32.71	871.312
1804.000000	0.003944	37.25	797.680
1805.000000	0.004444	31.63	822.224
1806.000000	0.004259	38.82	638.144
1807.000000	0.003568	44.57	625.872
1808.000000	0.004247	48.24	539.968
1809.000000	0.004769	39.33	650.416
1810.000000	0.004053	44.05	576.784
1811.000000	0.004725	32.14	944.944
1812.000000	0.003363	30.70	957.216
1813.000000	0.005004	30.39	871.312
1814.000000	0.004336	24.14	1092.208
1815.000000	0.003957	17.78	1349.920
1816.000000	0.004039	19.85	1300.832
1817.000000	0.004206	17.19	1300.832
1818.000000	0.003614	11.18	1742.624
1819.000000	0.004274	11.72	1583.088
1820.000000	0.005191	13.39	1337.648
1821.000000	0.003304	27.50	1067.664
1822.000000	0.004113	18.12	1497.184
1823.000000	0.004541	20.00	1190.384
1824.000000	0.005570	24.14	1067.664
1825.000000	0.004382	21.67	1165.840
1826.000000	0.004946	21.95	1178.112
1827.000000	0.004374	25.00	1030.848
1828.000000	0.004249	22.31	1141.296
1829.000000	0.004824	18.75	1276.288
1830.000000	0.003325	29.03	1092.208
1831.000000	0.004861	33.98	822.224
1832.000000	0.003958	35.29	822.224
1833.000000	0.004138	36.08	748.592
1834.000000	0.004221	48.24	552.240
1835.000000	0.004817	50.00	527.696
1836.000000	0.005043	36.17	724.048
1837.000000	0.006185	29.35	809.952
1838.000000	0.003584	36.54	809.952
1839.000000	0.004329	30.70	957.216
1840.000000	0.004953	23.14	1153.568
1841.000000	0.004199	26.79	1006.304
1842.000000	0.004928	21.05	1092.208
1843.000000	0.003705	16.90	1448.096
1844.000000	0.004562	10.60	1656.720
1845.000000	0.003960	10.06	1767.168
1846.000000	0.003247	13.38	1668.992
1847.000000	0.003165	11.86	1914.432
1848.000000	0.003854	7.74	1902.160
1849.000000	0.003682	13.16	1619.904
1850.000000	0.003597	10.80	1914.432
1851.000000	0.003320	18.88	1435.824
1852.000000	0.004027	13.57	1472.640
1853.000000	0.004023	14.00	1595.360
1854.000000	0.003414	13.51	1570.816
1855.000000	0.002950	11.35	2000.336
1856.000000	0.003979	11.52	1791.712
1857.000000	0.003628	11.24	1840.800
1858.000000	0.003655	6.76	2368.496
1859.000000	0.003786	4.72	2478.944
1860.000000	0.003304	11.66	1767.168
1861.000000	0.002682	6.45	2847.104
1862.000000	0.002905	2.96	3227.536
1863.000000	0.002110	1.70	4246.112
1864.000000	0.002700	0.98	3706.144
1865.000000	0.002332	0.84	4332.016
1866.000000	0.001874	0.69	5276.960
1867.000000	0.002010	1.00	4847.440
1868.000000	0.001818	0.45	5399.680
1869.000000	0.001431	1.23	5902.832
1870.000000	0.001820	0.45	5448.768
1871.000000	0.001952	0.00	5497.856
1872.000000	0.001905	1.58	4577.456
1873.000000	0.001649	0.84	5767.840
1874.000000	0.001948	1.60	4540.640
1875.000000	0.002587	1.22	3976.128
1876.000000	0.002293	0.89	4111.120
1877.000000	0.003031	3.35	2847.104
1878.000000	0.002145	1.03	4712.448
1879.000000	0.002202	5.42	3227.536
1880.000000	0.002933	2.22	3227.536
1881.000000	0.002657	7.36	2626.208
1882.000000	0.003612	2.28	2626.208
1883.000000	0.002638	2.38	3522.064
1884.000000	0.002410	1.29	3755.232
1885.000000	0.002172	1.08	4491.552
1886.000000	0.001828	0.97	5006.976
1887.000000	0.001556	1.13	5399.680
1888.000000	0.001260	0.52	7093.216
1889.000000	0.001430	0.18	6958.224
1890.000000	0.001331	0.35	6896.864
1891.000000	0.001432	0.00	7007.312
1892.000000	0.001028	0.00	8737.664
1893.000000	0.001137	0.00	8344.960
1894.000000	0.000966	0.00	9093.552
1895.000000	0.000902	0.00	9572.160
1896.000000	0.000840	0.00	10333.024
1897.000000	0.000666	0.00	11597.040
1898.000000	0.000665	0.00	11547.952
1899.000000	0.000612	0.00	12468.352
1900.000000	0.000679	0.00	11376.144
1901.000000	0.000734	0.00	10713.456
1902.000000	0.000722	0.00	11412.960
1903.000000	0.000839	0.00	10038.496
1904.000000	0.000707	0.00	11781.120
1905.000000	0.001097	0.00	8529.040
1906.000000	0.000934	0.00	9694.880
1907.000000	0.001079	0.00	8492.224
1908.000000	0.000903	0.12	10013.952
1909.000000	0.001312	0.00	7510.464
1910.000000	0.001348	0.17	7019.584
1911.000000	0.001442	0.58	6283.264
1912.000000	0.001114	0.29	8553.584
1913.000000	0.001526	0.19	6344.624
1914.000000	0.001453	0.17	7031.856
1915.000000	0.001890	0.00	5546.944
1916.000000	0.001829	1.23	4945.616
1917.000000	0.001895	0.71	5166.512
1918.000000	0.001994	0.71	5141.968
1919.000000	0.001981	1.96	4295.200
1920.000000	0.002325	1.46	4135.664
1921.000000	0.002023	0.23	5227.872
1922.000000	0.001785	0.45	5399.680
1923.000000	0.001937	0.47	5240.144
1924.000000	0.001785	0.42	5792.384
1925.000000	0.001765	0.21	5841.472
1926.000000	0.001656	0.20	6062.368
1927.000000	0.001572	0.18	6651.424
1928.000000	0.001900	0.72	5043.792
1929.000000	0.001679	0.21	5890.560
1930.000000	0.001519	0.19	6516.432
1931.000000	0.001691	0.20	6062.368
1932.000000	0.001403	0.36	6749.600
1933.000000	0.001913	0.72	5043.792
1934.000000	0.002000	0.73	5031.520
1935.000000	0.002478	0.00	4479.280
1936.000000	0.002631	1.63	3718.416
1937.000000	0.003192	2.33	3080.272
1938.000000	0.002061	2.22	4307.472
1939.000000	0.002276	2.53	3779.776
1940.000000	0.002705	4.86	2883.920
1941.000000	0.002479	5.28	3301.168
1942.000000	0.002839	8.10	2368.496
1943.000000	0.003112	6.57	2270.320
1944.000000	0.003050	7.77	2343.952
1945.000000	0.003946	9.30	1902.160
1946.000000	0.003526	12.20	1779.440
1947.000000	0.003198	5.88	2540.304
1948.000000	0.002971	6.85	2515.760
1949.000000	0.002993	3.60	2945.280
1950.000000	0.002789	2.83	3387.072
1951.000000	0.002733	1.37	3546.608
1952.000000	0.002347	2.24	3755.232
1953.000000	0.002099	1.64	4393.376
1954.000000	0.002352	0.90	4074.304
1955.000000	0.001789	0.44	5485.584
1956.000000	0.001917	0.24	5178.784
1957.000000	0.001678	0.20	6025.552
1958.000000	0.001256	0.16	7522.736
1959.000000	0.001284	0.00	7645.456
1960.000000	0.001118	0.00	8504.496
1961.000000	0.000931	0.00	9829.872
1962.000000	0.000978	0.00	9412.624
1963.000000	0.000805	0.12	10578.464
1964.000000	0.000916	0.00	9608.976
1965.000000	0.000859	0.00	9964.864
1966.000000	0.000747	0.00	10823.904
1967.000000	0.000631	0.00	12063.376
1968.000000	0.000648	0.00	11682.944
1969.000000	0.000655	0.00	11584.768
1970.000000	0.000686	0.00	11547.952
1971.000000	0.000788	0.00	10492.560
1972.000000	0.000833	0.00	10394.384
1973.000000	0.000889	0.00	10234.848
1974.000000	0.001300	0.00	7498.192
1975.000000	0.001031	0.14	8651.760
1976.000000	0.001316	0.16	7485.920
1977.000000	0.001470	0.00	7007.312
1978.000000	0.001543	0.20	6086.912
1979.000000	0.001523	0.19	6504.160
1980.000000	0.002145	1.14	4270.656
1981.000000	0.002113	0.25	4933.344
1982.000000	0.002200	0.25	4871.984
1983.000000	0.002160	1.41	4295.200
1984.000000	0.002421	2.58	3706.144
1985.000000	0.002647	1.35	3595.696
1986.000000	0.002586	4.35	2969.824
1987.000000	0.002836	2.46	3399.344
1988.000000	0.002463	2.35	3571.152
1989.000000	0.003443	10.16	2061.696
1990.000000	0.003159	7.37	2478.944
1991.000000	0.003154	8.04	2233.504
1992.000000	0.003660	14.97	1546.272
1993.000000	0.004045	11.76	1656.720
1994.000000	0.004018	14.29	1607.632
1995.000000	0.004937	13.57	1484.912
1996.000000	0.003496	12.94	1816.256
1997.000000	0.002973	10.58	2086.240
1998.000000	0.003552	6.88	2159.872
1999.000000	0.004402	6.86	1988.064
2000.000000	0.003319	9.55	1988.064
2001.000000	0.003132	16.56	1546.272
2002.000000	0.003863	13.38	1668.992
2003.000000	0.003919	14.18	1399.008
2004.000000	0.003382	12.14	1865.344
2005.000000	0.003547	7.77	2196.688
2006.000000	0.003276	8.99	2110.784
2007.000000	0.003536	6.84	2159.872
2008.000000	0.002623	5.58	2699.840
2009.000000	0.003059	4.37	2687.568
2010.000000	0.002939	6.58	2613.936
2011.000000	0.002170	7.84	2896.192
2012.000000	0.002898	5.00	2798.016
2013.000000	0.002899	4.17	2540.304
2014.000000	0.002958	5.39	2798.016
2015.000000	0.002997	6.09	2650.752
2016.000000	0.003380	11.49	1889.888
2017.000000	0.004193	11.18	1742.624
2018.000000	0.003569	7.43	2294.864
2019.000000	0.003313	6.50	2294.864
2020.000000	0.003791	8.47	2000.336
2021.000000	0.003483	4.98	2331.680
2022.000000	0.003212	4.74	2466.672
2023.000000	0.003884	7.88	1877.616
2024.000000	0.003534	11.83	1816.256
2025.000000	0.003202	7.14	2245.776
2026.000000	0.003230	8.42	2270.320
2027.000000	0.003834	8.38	1877.616
2028.000000	0.004026	7.88	1865.344
2029.000000	0.003093	9.57	2073.968
2030.000000	0.004084	14.29	1619.904
2031.000000	0.003920	12.88	1754.896
2032.000000	0.003725	17.48	1448.096
2033.000000	0.004997	16.95	1202.656
2034.000000	0.004205	11.97	1534.000
2035.000000	0.003646	10.71	1828.528
2036.000000	0.002688	10.29	2258.048
2037.000000	0.002893	13.29	1828.528
2038.000000	0.002914	5.83	2577.120
2039.000000	0.002827	5.56	2515.760
2040.000000	0.003054	7.61	2221.232
2041.000000	0.003206	7.08	2429.856
2042.000000	0.003200	8.12	2221.232
2043.000000	0.002455	9.01	2466.672
2044.000000	0.003215	6.98	2466.672
2045.000000	0.003842	9.26	1803.984
2046.000000	0.003497	7.08	2405.312
2047.000000	0.003401	19.29	1399.008
2048.000000	0.004880	27.27	981.760
2049.000000	0.003653	15.17	1509.456
2050.000000	0.003494	19.46	1460.368
2051.000000	0.005688	20.56	1043.120
2052.000000	0.003309	16.05	1681.264
2053.000000	0.003943	20.97	1202.656
2054.000000	0.004579	20.34	1141.296
2055.000000	0.005761	21.10	1055.392
2056.000000	0.004420	22.61	1104.480
2057.000000	0.004587	26.72	1043.120
2058.000000	0.004339	26.67	944.944
2059.000000	0.004305	25.93	969.488
2060.000000	0.003878	25.64	1067.664
2061.000000	0.005216	25.24	957.216
2062.000000	0.002719	23.94	1325.376
2063.000000	0.004405	15.60	1448.096
2064.000000	0.005062	19.13	1153.568
2065.000000	0.003628	22.90	1227.200
2066.000000	0.004127	17.91	1362.192
2067.000000	0.003471	17.81	1472.640
2068.000000	0.003338	11.36	1914.432
2069.000000	0.003861	16.31	1448.096
2070.000000	0.003905	17.12	1472.640
2071.000000	0.003616	13.29	1840.800
2072.000000	0.003166	14.81	1693.536
2073.000000	0.003893	12.75	1607.632
2074.000000	0.003943	12.93	1558.544
2075.000000	0.003485	9.83	1914.432
2076.000000	0.002630	4.49	3129.360
2077.000000	0.002805	5.37	2810.288
2078.000000	0.003161	5.02	2552.576
2079.000000	0.002658	4.43	3178.448
2080.000000	0.003049	4.46	2626.208
2081.000000	0.003199	6.93	2319.408
2082.000000	0.003631	5.76	2196.688
2083.000000	0.004240	15.44	1411.280
2084.000000	0.002882	10.00	2208.960
2085.000000	0.002476	9.52	2343.952
2086.000000	0.003335	6.22	2393.040
2087.000000	0.003448	4.02	2638.480
2088.000000	0.003074	6.45	2491.216
2089.000000	0.002750	5.49	2748.928
2090.000000	0.002313	2.99	3595.696
2091.000000	0.003065	3.59	2957.552
2092.000000	0.003089	3.59	2969.824
2093.000000	0.002552	1.62	3730.688
2094.000000	0.002183	2.35	4086.576
2095.000000	0.002439	0.28	4282.928
2096.000000	0.002219	1.10	4430.192
2097.000000	0.002191	2.17	3890.224
2098.000000	0.001849	0.21	5694.208
2099.000000	0.001405	0.55	6626.880
2100.000000	0.001969	0.49	4957.888
2101.000000	0.001935	0.22	5497.856
2102.000000	0.002155	0.79	4638.816
2103.000000	0.001864	0.46	5362.864
2104.000000	0.001778	0.22	5632.848
2105.000000	0.001615	0.19	6332.352
2106.000000	0.001738	0.42	5866.016
2107.000000	0.001519	0.60	6062.368
2108.000000	0.001782	0.22	5669.664
2109.000000	0.001602	0.41	5964.192
2110.000000	0.001959	0.46	5326.048
2111.000000	0.002145	1.13	4282.928
2112.000000	0.002284	1.50	4012.944
2113.000000	0.002227	1.52	3988.400
2114.000000	0.001976	0.99	4945.616
2115.000000	0.002414	1.86	3877.952
2116.000000	0.002365	2.17	3865.680
2117.000000	0.002058	1.85	4565.184
2118.000000	0.003242	3.86	2748.928
2119.000000	0.002653	3.86	3043.456
2120.000000	0.002234	2.56	3742.960
2121.000000	0.002189	2.94	3657.056
2122.000000	0.002283	0.82	4430.192
2123.000000	0.001906	0.73	4994.704
2124.000000	0.001724	0.21	5743.296
2125.000000	0.001913	0.47	5215.600
2126.000000	0.001441	0.18	6884.592
2127.000000	0.001550	0.19	6528.704
2128.000000	0.001566	0.00	6565.520
2129.000000	0.001697	0.21	5743.296
2130.000000	0.001409	0.17	7093.216
2131.000000	0.001534	0.19	6614.608
2132.000000	0.001454	0.18	6700.512
2133.000000	0.001807	1.55	4687.904
2134.000000	0.002171	1.12	4332.016
2135.000000	0.002247	1.18	4123.392
2136.000000	0.002881	1.77	3399.344
2137.000000	0.002524	3.03	3534.336
2138.000000	0.003166	2.99	2785.744
2139.000000	0.003016	3.49	2712.112
2140.000000	0.002652	2.04	3546.608
2141.000000	0.002093	2.10	4000.672
2142.000000	0.001837	1.83	4614.272
2143.000000	0.002026	1.12	4319.744
2144.000000	0.001743	0.20	6013.280
2145.000000	0.002187	0.25	4884.256
2146.000000	0.001604	0.39	6221.904
2147.000000	0.001789	0.00	5902.832
2148.000000	0.001217	0.48	7633.184
2149.000000	0.001840	0.22	5497.856
2150.000000	0.001914	0.00	5694.208
2151.000000	0.002016	0.79	4638.816
2152.000000	0.001991	1.25	4835.168
2153.000000	0.002181	3.10	3841.136
2154.000000	0.002475	2.68	3571.152
2155.000000	0.003231	4.02	2638.480
2156.000000	0.003147	4.13	2564.848
2157.000000	0.002810	6.49	2650.752
2158.000000	0.003539	8.33	2012.608
2159.000000	0.003138	9.28	2172.144
2160.000000	0.004214	18.94	1300.832
2161.000000	0.004013	19.70	1313.104
2162.000000	0.005471	13.01	1313.104
2163.000000	0.004429	11.11	1558.544
2164.000000	0.004328	15.07	1534.000
2165.000000	0.003774	15.83	1435.824
2166.000000	0.003948	12.99	1644.448
2167.000000	0.003588	16.67	1534.000
2168.000000	0.003719	17.02	1435.824
2169.000000	0.003518	17.73	1411.280
2170.000000	0.004329	14.77	1558.544
2171.000000	0.002831	16.03	1607.632
2172.000000	0.003330	19.58	1411.280
2173.000000	0.004377	18.46	1313.104
2174.000000	0.005779	19.33	1178.112
2175.000000	0.005152	19.05	1251.744
2176.000000	0.003076	9.79	2135.328
2177.000000	0.003194	9.84	2135.328
2178.000000	0.004111	6.75	1865.344
2179.000000	0.004161	8.93	1877.616
2180.000000	0.003425	6.40	2331.680
2181.000000	0.003124	12.82	1681.264
2182.000000	0.004396	7.69	1902.160
2183.000000	0.003652	10.24	1828.528
2184.000000	0.003415	11.45	1816.256
2185.000000	0.003901	7.03	2110.784
2186.000000	0.004833	7.14	1742.624
2187.000000	0.002554	7.73	2650.752
2188.000000	0.002698	4.17	2810.288
2189.000000	0.002860	3.00	3178.448
2190.000000	0.002493	5.41	3006.640
2191.000000	0.003136	3.66	2920.736
2192.000000	0.002749	3.17	2982.096
2193.000000	0.002840	2.23	3239.808
2194.000000	0.002802	3.21	3313.440
2195.000000	0.002722	2.50	3362.528
2196.000000	0.003066	6.22	2577.120
2197.000000	0.003037	3.81	2798.016
2198.000000	0.003515	5.56	2282.592
2199.000000	0.002613	5.13	2724.384
2200.000000	0.002809	7.33	2638.480
2201.000000	0.003234	10.29	1938.976
2202.000000	0.003600	4.81	2417.584
2203.000000	0.003277	8.81	2172.144
2204.000000	0.003694	10.00	1754.896
2205.000000	0.002598	20.83	1399.008
2206.000000	0.004455	13.51	1570.816
2207.000000	0.004384	18.18	1325.376
2208.000000	0.003587	16.78	1521.728
2209.000000	0.003842	22.14	1349.920
2210.000000	0.004330	16.15	1325.376
2211.000000	0.003786	9.04	1975.792
2212.000000	0.003381	10.98	1889.888
2213.000000	0.002872	12.87	1840.800
2214.000000	0.003704	9.55	1963.520
2215.000000	0.002931	3.98	2957.552
2216.000000	0.002660	4.15	3117.088
2217.000000	0.002336	4.98	3288.896
2218.000000	0.002684	5.44	2761.200
2219.000000	0.002695	3.05	3117.088
2220.000000	0.002888	2.28	3166.176
2221.000000	0.002544	2.76	3448.432
2222.000000	0.002911	2.09	3448.432
2223.000000	0.002757	5.91	2736.656
2224.000000	0.003372	4.50	2601.664
2225.000000	0.002914	7.55	2405.312
2226.000000	0.002658	9.52	2098.512
2227.000000	0.002680	8.76	2429.856
2228.000000	0.003540	10.43	1803.984
2229.000000	0.003412	8.67	2196.688
2230.000000	0.003062	16.05	1668.992
2231.000000	0.004556	11.18	1742.624
2232.000000	0.003144	14.94	1619.904
2233.000000	0.003508	12.57	1779.440
2234.000000	0.003106	19.42	1374.464
2235.000000	0.004954	19.67	1214.928
2236.000000	0.003541	19.71	1337.648
2237.000000	0.003847	17.24	1484.912
2238.000000	0.004778	23.21	1055.392
2239.000000	0.004934	24.07	994.032
2240.000000	0.004058	23.39	1178.112
2241.000000	0.003705	24.14	1079.936
2242.000000	0.004122	23.08	1092.208
2243.000000	0.003552	26.15	1190.384
2244.000000	0.004379	25.86	1055.392
2245.000000	0.003715	18.88	1423.552
2246.000000	0.004733	27.27	969.488
2247.000000	0.004388	25.45	1018.576
2248.000000	0.003981	17.91	1337.648
2249.000000	0.004033	13.21	1705.808
2250.000000	0.004108	11.33	1619.904
2251.000000	0.004309	8.02	1828.528
2252.000000	0.003511	5.39	2368.496
2253.000000	0.003494	2.55	2810.288
2254.000000	0.002952	5.96	2528.032
2255.000000	0.002179	2.07	4062.032
2256.000000	0.002619	0.59	4135.664
2257.000000	0.002586	2.57	3252.080
2258.000000	0.001914	0.96	5080.608
2259.000000	0.001853	0.71	5154.240
2260.000000	0.002437	1.19	4062.032
2261.000000	0.002180	2.64	3620.240
2262.000000	0.002183	2.81	3816.592
2263.000000	0.003000	3.15	3018.912
2264.000000	0.002864	2.97	3202.992
2265.000000	0.002958	3.08	3092.544
2266.000000	0.003319	7.04	2282.592
2267.000000	0.002889	6.67	2577.120
2268.000000	0.003105	7.18	2061.696
2269.000000	0.003859	13.75	1681.264
2270.000000	0.003876	10.37	1803.984
2271.000000	0.003614	14.65	1656.720
2272.000000	0.004490	11.89	1534.000
2273.000000	0.003897	9.70	1840.800
2274.000000	0.003018	6.47	2650.752
2275.000000	0.002722	4.82	2908.464
2276.000000	0.002670	2.33	3080.272
2277.000000	0.002940	2.18	3301.168
2278.000000	0.002037	1.32	4589.728
2279.000000	0.002389	3.78	3436.160
2280.000000	0.002212	1.79	4049.760
2281.000000	0.002577	2.51	3337.984
2282.000000	0.002629	4.45	2896.192
2283.000000	0.003001	4.74	2712.112
2284.000000	0.003535	7.43	2000.336
2285.000000	0.003658	12.75	1595.360
2286.000000	0.003160	10.34	2233.504
2287.000000	0.003594	20.61	1264.016
2288.000000	0.003880	17.02	1435.824
2289.000000	0.004427	17.65	1374.464
2290.000000	0.003852	23.39	1178.112
2291.000000	0.004165	15.71	1448.096
2292.000000	0.003160	7.25	2343.952
2293.000000	0.003081	8.84	2024.880
2294.000000	0.003351	6.40	2331.680
2295.000000	0.003330	5.26	2650.752
2296.000000	0.002894	4.57	2564.848
2297.000000	0.002811	2.11	3423.888
2298.000000	0.002422	0.83	4381.104
2299.000000	0.001799	1.16	5240.144
2300.000000	0.001881	0.69	5313.776
2301.000000	0.001813	0.21	5804.656
2302.000000	0.001787	0.00	5804.656
2303.000000	0.001376	0.36	6761.872
2304.000000	0.001374	0.00	7510.464
2305.000000	0.001523	0.19	6381.440
2306.000000	0.001060	0.00	8934.016
2307.000000	0.001195	0.00	7927.712
2308.000000	0.000948	0.00	9400.352
2309.000000	0.000923	0.00	9572.160
2310.000000	0.000843	0.00	10050.768
2311.000000	0.000724	0.00	11228.880
2312.000000	0.000707	0.00	11228.880
2313.000000	0.000743	0.12	10333.024
2314.000000	0.000552	0.00	13143.312
2315.000000	0.000564	0.00	12382.448
2316.000000	0.000524	0.00	13278.304
2317.000000	0.000531	0.00	13008.320
2318.000000	0.000461	0.00	13916.448
2319.000000	0.000524	0.00	12971.504
2320.000000	0.000437	0.00	14235.520
2321.000000	0.000478	0.00	13671.008
2322.000000	0.000474	0.00	13572.832
2323.000000	0.000484	0.00	13793.728
2324.000000	0.000529	0.00	12873.328
2325.000000	0.000517	0.00	13376.480
2326.000000	0.000521	0.00	12946.960
2327.000000	0.000547	0.00	13167.856
2328.000000	0.000589	0.00	12848.784
2329.000000	0.000543	0.00	12922.416
2330.000000	0.000570	0.00	12554.256
2331.000000	0.000599	0.00	12345.632
2332.000000	0.000547	0.00	12726.064
2333.000000	0.000617	0.00	12026.560
2334.000000	0.000580	0.00	12541.984
2335.000000	0.000571	0.00	12603.344
2336.000000	0.000736	0.00	10676.640
2337.000000	0.000610	0.00	12247.456
2338.000000	0.000647	0.00	11682.944
2339.000000	0.000593	0.00	12492.896
2340.000000	0.000584	0.00	12382.448
2341.000000	0.000547	0.00	12603.344
2342.000000	0.000507	0.00	13094.224
2343.000000	0.000464	0.00	14272.336
2344.000000	0.000471	0.00	13609.648
2345.000000	0.000413	0.00	14628.224
2346.000000	0.000427	0.00	14358.240
2347.000000	0.000419	0.00	14493.232
2348.000000	0.000417	0.00	14566.864
2349.000000	0.000433	0.00	14210.976
2350.000000	0.000418	0.00	14493.232
2351.000000	0.000405	0.00	14701.856
2352.000000	0.000410	0.00	14726.400
2353.000000	0.000414	0.00	14812.304
2354.000000	0.000411	0.00	14677.312
2355.000000	0.000395	0.00	14849.120
2356.000000	0.000413	0.00	14517.776
2357.000000	0.000424	0.00	14505.504
2358.000000	0.000439	0.00	14456.416
2359.000000	0.000435	0.00	14149.616
2360.000000	0.000433	0.00	14210.976
2361.000000	0.000424	0.00	14444.144
2362.000000	0.000426	0.00	14198.704
2363.000000	0.000449	0.00	13842.816
2364.000000	0.000413	0.00	14579.136
2365.000000	0.000450	0.00	13818.272
2366.000000	0.000451	0.00	13879.632
2367.000000	0.000430	0.00	14431.872
2368.000000	0.000434	0.00	14333.696
2369.000000	0.000438	0.00	14174.160
2370.000000	0.000418	0.00	14738.672
2371.000000	0.000446	0.00	13879.632
2372.000000	0.000412	0.00	14358.240
2373.000000	0.000436	0.00	14345.968
2374.000000	0.000411	0.00	14701.856
2375.000000	0.000399	0.00	14885.936
2376.000000	0.000392	0.00	14800.032
2377.000000	0.000421	0.00	14530.048
2378.000000	0.000461	0.00	13806.000
2379.000000	0.000392	0.00	14873.664
2380.000000	0.000399	0.00	14898.208
2381.000000	0.000418	0.00	14149.616
2382.000000	0.000418	0.00	14517.776
2383.000000	0.000401	0.00	14677.312
2384.000000	0.000404	0.00	14677.312
2385.000000	0.000442	0.00	14051.440
2386.000000	0.000433	0.00	14517.776
2387.000000	0.000438	0.00	14223.248
2388.000000	0.000409	0.00	14628.224
2389.000000	0.000419	0.00	14358.240
2390.000000	0.000403	0.00	15106.832
2391.000000	0.000423	0.00	14419.600
2392.000000	0.000393	0.00	14971.840
2393.000000	0.000389	0.00	14836.848
2394.000000	0.000413	0.00	14505.504
2395.000000	0.000405	0.00	14530.048
2396.000000	0.000432	0.00	14775.488
2397.000000	0.000427	0.00	14026.896
2398.000000	0.000471	0.00	13683.280
2399.000000	0.000424	0.00	14186.432
2400.000000	0.000458	0.00	13548.288
2401.000000	0.000419	0.00	14125.072
2402.000000	0.000427	0.00	14419.600
2403.000000	0.000426	0.00	14480.960
2404.000000	0.000438	0.00	14125.072
2405.000000	0.000450	0.00	14333.696
2406.000000	0.000426	0.00	14161.888
2407.000000	0.000433	0.00	14554.592
2408.000000	0.000468	0.00	13572.832
2409.000000	0.000460	0.00	14161.888
2410.000000	0.000509	0.00	13536.016
2411.000000	0.000474	0.00	13634.192
2412.000000	0.000480	0.00	13560.560
2413.000000	0.000525	0.00	13266.032
2414.000000	0.000552	0.00	12787.424
2415.000000	0.000638	0.00	11670.672
2416.000000	0.000678	0.00	11879.296
2417.000000	0.000705	0.00	11228.880
2418.000000	0.000761	0.00	10787.088
2419.000000	0.000734	0.00	11007.984
2420.000000	0.000739	0.00	11032.528
2421.000000	0.000702	0.00	11609.312
2422.000000	0.000857	0.00	10026.224
2423.000000	0.000987	0.29	8332.688
2424.000000	0.000982	0.00	9302.176
2425.000000	0.001027	0.00	9130.368
2426.000000	0.001006	0.14	8578.128
2427.000000	0.001061	0.00	8737.664
2428.000000	0.001016	0.00	9265.360
2429.000000	0.001118	0.00	8430.864
2430.000000	0.001042	0.00	9154.912
2431.000000	0.001195	0.16	7657.728
2432.000000	0.001381	0.17	7080.944
2433.000000	0.001511	0.00	7068.672
2434.000000	0.001789	0.43	5669.664
2435.000000	0.001697	0.43	5743.296
2436.000000	0.001950	0.70	5252.416
2437.000000	0.001805	0.97	5031.520
2438.000000	0.001878	2.78	3853.408
2439.000000	0.002672	1.33	3632.512
2440.000000	0.002513	1.29	3755.232
2441.000000	0.002416	2.53	3779.776
2442.000000	0.003079	0.69	3546.608
2443.000000	0.002512	3.27	3252.080
2444.000000	0.002340	1.59	3804.320
2445.000000	0.003148	0.73	3337.984
2446.000000	0.002658	2.62	3190.720
2447.000000	0.002386	0.85	4282.928
2448.000000	0.002501	3.93	3313.440
2449.000000	0.002551	2.91	3264.352
2450.000000	0.002216	0.82	4479.280
2451.000000	0.001983	1.09	4454.736
2452.000000	0.001850	0.68	5387.408
2453.000000	0.001519	0.38	6516.432
2454.000000	0.001702	0.00	6172.816
2455.000000	0.001647	0.00	6185.088
2456.000000	0.001376	0.17	7117.760
2457.000000	0.001251	0.00	7792.720
2458.000000	0.001160	0.00	8344.960
2459.000000	0.000913	0.00	9682.608
2460.000000	0.000900	0.00	9866.688
2461.000000	0.000754	0.00	10713.456
2462.000000	0.000787	0.00	10627.552
2463.000000	0.000730	0.00	10958.896
2464.000000	0.000618	0.00	12505.168
2465.000000	0.000729	0.12	10603.008
2466.000000	0.000636	0.00	11903.840
2467.000000	0.000641	0.00	11854.752
2468.000000	0.000581	0.00	12406.992
2469.000000	0.000517	0.00	13364.208
2470.000000	0.000560	0.00	12775.152
2471.000000	0.000506	0.00	13388.752
2472.000000	0.000543	0.00	12996.048
2473.000000	0.000555	0.00	12811.968
2474.000000	0.000576	0.00	12615.616
2475.000000	0.000546	0.00	12897.872
2476.000000	0.000615	0.00	11965.200
2477.000000	0.000594	0.00	12149.280
2478.000000	0.000561	0.00	12996.048
2479.000000	0.000538	0.00	13229.216
2480.000000	0.000566	0.00	12640.160
2481.000000	0.000505	0.00	13511.472
2482.000000	0.000524	0.00	13020.592
2483.000000	0.000456	0.00	13953.264
2484.000000	0.000450	0.00	14112.800
2485.000000	0.000455	0.00	14100.528
2486.000000	0.000414	0.00	14505.504
2487.000000	0.000436	0.00	14014.624
2488.000000	0.000420	0.00	14603.680
2489.000000	0.000409	0.00	14984.112
2490.000000	0.000394	0.00	14800.032
2491.000000	0.000394	0.00	14677.312
2492.000000	0.000437	0.00	14137.344
2493.000000	0.000433	0.00	13904.176
2494.000000	0.000416	0.00	14628.224
2495.000000	0.000423	0.00	14628.224
2496.000000	0.000421	0.00	14591.408
2497.000000	0.000445	0.00	14014.624
2498.000000	0.000467	0.00	13842.816
2499.000000	0.000467	0.00	14296.880
2500.000000	0.000465	0.00	13756.912
2501.000000	0.000463	0.00	14125.072
2502.000000	0.000435	0.00	14370.512
2503.000000	0.000452	0.00	13842.816
2504.000000	0.000419	0.00	14738.672
2505.000000	0.000451	0.00	14112.800
2506.000000	0.000436	0.00	14272.336
2507.000000	0.000438	0.00	14358.240
2508.000000	0.000484	0.00	13450.112
2509.000000	0.000512	0.00	13204.672
2510.000000	0.000524	0.00	12983.776
2511.000000	0.000573	0.00	12554.256
2512.000000	0.000607	0.00	12259.728
2513.000000	0.000614	0.00	12640.160
2514.000000	0.000653	0.00	11989.744
2515.000000	0.000784	0.00	10627.552
2516.000000	0.000976	0.00	8921.744
2517.000000	0.000985	0.00	9338.992
2518.000000	0.001158	0.00	7743.632
2519.000000	0.001008	0.00	9179.456
2520.000000	0.000943	0.00	9486.256
2521.000000	0.000818	0.00	10431.200
2522.000000	0.000935	0.00	9338.992
2523.000000	0.000741	0.00	11020.256
2524.000000	0.000717	0.00	11179.792
2525.000000	0.000680	0.00	11376.144
2526.000000	0.000581	0.00	12186.096
2527.000000	0.000559	0.00	12615.616
2528.000000	0.000531	0.00	13106.496
2529.000000	0.000474	0.00	13830.544
2530.000000	0.000461	0.00	14088.256
2531.000000	0.000462	0.00	14063.712
2532.000000	0.000434	0.00	13928.720
2533.000000	0.000414	0.00	14836.848
2534.000000	0.000448	0.00	14112.800
2535.000000	0.000406	0.00	14787.760
2536.000000	0.000434	0.00	14296.880
2537.000000	0.000402	0.00	14530.048
2538.000000	0.000437	0.00	14235.520
2539.000000	0.000413	0.00	14530.048
2540.000000	0.000406	0.00	15008.656
2541.000000	0.000438	0.00	14100.528
2542.000000	0.000433	0.00	14174.160
2543.000000	0.000471	0.00	13572.832
2544.000000	0.000513	0.00	13192.400
2545.000000	0.000506	0.00	13597.376
2546.000000	0.000574	0.00	12480.624
2547.000000	0.000598	0.00	12689.248
2548.000000	0.000757	0.00	10615.280
2549.000000	0.000701	0.00	11511.136
2550.000000	0.000665	0.00	11756.576
2551.000000	0.000665	0.00	11474.320
2552.000000	0.000673	0.00	11646.128
2553.000000	0.000701	0.00	11695.216
2554.000000	0.000826	0.00	10124.400
2555.000000	0.000744	0.00	10860.720
2556.000000	0.000747	0.00	10603.008
2557.000000	0.000763	0.00	10811.632
2558.000000	0.000798	0.00	10590.736
2559.000000	0.000868	0.00	10001.680
2560.000000	0.000901	0.13	9572.160
2561.000000	0.000993	0.14	8958.560
2562.000000	0.001191	0.00	8013.616
2563.000000	0.001114	0.00	8823.568
2564.000000	0.001292	0.00	7731.360
2565.000000	0.001513	0.00	6860.048
2566.000000	0.002020	0.24	5043.792
2567.000000	0.001999	0.48	5129.696
2568.000000	0.001956	0.45	5399.680
2569.000000	0.002627	1.23	3951.584
2570.000000	0.002591	1.59	3804.320
2571.000000	0.002696	2.03	3558.880
2572.000000	0.002973	2.63	3178.448
2573.000000	0.002840	4.85	2650.752
2574.000000	0.003052	5.77	2417.584
2575.000000	0.003391	5.53	2503.488
2576.000000	0.002524	2.26	3718.416
2577.000000	0.002620	2.11	3411.616
2578.000000	0.002109	0.25	4970.160
2579.000000	0.002067	1.02	4786.080
2580.000000	0.001451	0.34	7154.576
2581.000000	0.001697	0.42	5866.016
2582.000000	0.001321	0.17	7117.760
2583.000000	0.001566	0.19	6381.440
2584.000000	0.001271	0.00	7179.120
2585.000000	0.001052	0.00	8934.016
2586.000000	0.001026	0.00	8909.472
2587.000000	0.001004	0.00	8909.472
2588.000000	0.000783	0.00	10738.000
2589.000000	0.000763	0.00	10541.648
2590.000000	0.000856	0.00	10099.856
2591.000000	0.000888	0.00	9903.504
2592.000000	0.001106	0.15	8111.792
2593.000000	0.001201	0.00	7964.528
2594.000000	0.001057	0.00	8872.656
2595.000000	0.001263	0.16	7633.184
2596.000000	0.001620	0.19	6283.264
2597.000000	0.001898	0.22	5448.768
2598.000000	0.001806	0.70	5227.872
2599.000000	0.001810	0.00	5571.488
2600.000000	0.002038	0.24	5129.696
2601.000000	0.001938	0.48	5117.424
2602.000000	0.001360	0.17	7424.560
2603.000000	0.001655	0.00	6185.088
2604.000000	0.001396	0.17	7130.032
2605.000000	0.001282	0.00	7768.176
2606.000000	0.001198	0.00	8160.880
2607.000000	0.001179	0.00	7706.816
2608.000000	0.001004	0.00	9204.000
2609.000000	0.001066	0.00	8946.288
2610.000000	0.001328	0.00	7645.456
2611.000000	0.001383	0.00	7387.744
2612.000000	0.001476	0.18	6761.872
2613.000000	0.001612	0.20	6258.720
2614.000000	0.002113	0.24	5117.424
2615.000000	0.002495	1.19	4086.576
2616.000000	0.002099	1.63	4442.464
2617.000000	0.002418	2.62	3632.512
2618.000000	0.002849	4.15	2847.104
2619.000000	0.002429	2.24	3730.688
2620.000000	0.002322	2.28	3681.600
2621.000000	0.002689	1.64	3681.600
2622.000000	0.002067	1.81	4000.672
2623.000000	0.002110	0.81	4503.824
2624.000000	0.002861	2.15	3337.984
2625.000000	0.002831	1.75	3448.432
2626.000000	0.002054	1.63	4442.464
2627.000000	0.002782	1.77	3411.616
2628.000000	0.002180	1.36	4467.008
2629.000000	0.002045	1.03	4700.176
2630.000000	0.002617	0.60	4037.488
2631.000000	0.002254	1.10	4417.920
2632.000000	0.002177	1.53	3927.040
2633.000000	0.002156	2.35	4074.304
2634.000000	0.002361	3.72	3509.792
2635.000000	0.002410	3.10	3448.432
2636.000000	0.003193	2.32	3092.544
2637.000000	0.002743	4.72	2736.656
2638.000000	0.002892	4.58	2798.016
2639.000000	0.003306	1.53	3153.904
2640.000000	0.002402	3.34	3546.608
2641.000000	0.002584	2.00	3607.968
2642.000000	0.002285	1.48	4086.576
2643.000000	0.002180	2.13	3951.584
2644.000000	0.003088	1.88	3202.992
2645.000000	0.002003	0.72	5105.152
2646.000000	0.001765	0.44	5596.032
2647.000000	0.002240	1.20	4025.216
2648.000000	0.001834	1.26	4810.624
2649.000000	0.001507	1.11	5485.584
2650.000000	0.001596	0.44	5608.304
2651.000000	0.001485	0.19	6504.160
2652.000000	0.001261	0.16	7670.000
2653.000000	0.001236	0.00	7743.632
2654.000000	0.001110	0.00	9179.456
2655.000000	0.001185	0.17	7068.672
2656.000000	0.000988	0.00	9314.448
2657.000000	0.000916	0.14	9044.464
2658.000000	0.000778	0.00	10517.104
2659.000000	0.000778	0.00	10566.192
2660.000000	0.000967	0.00	9265.360
2661.000000	0.000947	0.00	9523.072
2662.000000	0.001078	0.00	8578.128
2663.000000	0.001059	0.14	8872.656
2664.000000	0.001270	0.00	7780.448
2665.000000	0.001406	0.18	6982.768
2666.000000	0.001668	0.19	6320.080
2667.000000	0.001535	0.79	6160.544
2668.000000	0.002110	1.04	4638.816
2669.000000	0.002056	0.00	4810.624
2670.000000	0.002090	0.53	4565.184
2671.000000	0.001751	0.46	5276.960
2672.000000	0.001440	0.17	7056.400
2673.000000	0.001227	0.00	8001.344
2674.000000	0.001207	0.15	7976.800
2675.000000	0.001267	0.00	7535.008
2676.000000	0.001092	0.00	8553.584
2677.000000	0.000943	0.00	9461.712
2678.000000	0.000854	0.00	10173.488
2679.000000	0.000807	0.00	10075.312
2680.000000	0.000737	0.00	11118.432
2681.000000	0.000891	0.00	9449.440
2682.000000	0.000659	0.00	11817.936
2683.000000	0.000669	0.00	11572.496
2684.000000	0.000603	0.00	12554.256
2685.000000	0.000648	0.00	11719.760
2686.000000	0.000647	0.00	11756.576
2687.000000	0.000626	0.00	12137.008
2688.000000	0.000558	0.00	12910.144
2689.000000	0.000586	0.00	12161.552
2690.000000	0.000521	0.00	13204.672
2691.000000	0.000500	0.00	13536.016
2692.000000	0.000500	0.00	13474.656
2693.000000	0.000444	0.00	14002.352
2694.000000	0.000421	0.00	14517.776
2695.000000	0.000433	0.00	14358.240
2696.000000	0.000467	0.00	13781.456
2697.000000	0.000440	0.00	14137.344
2698.000000	0.000457	0.00	14210.976
2699.000000	0.000424	0.00	14591.408
2700.000000	0.000465	0.00	13744.640
2701.000000	0.000451	0.00	13867.360
2702.000000	0.000448	0.00	14039.168
2703.000000	0.000468	0.00	13879.632
2704.000000	0.000559	0.00	12456.080
2705.000000	0.000550	0.00	13143.312
2706.000000	0.000581	0.00	12492.896
2707.000000	0.000648	0.00	11560.224
2708.000000	0.000728	0.00	11204.336
2709.000000	0.000858	0.00	9768.512
2710.000000	0.000730	0.00	11412.960
2711.000000	0.000850	0.00	10013.952
2712.000000	0.000890	0.00	9952.592
2713.000000	0.000925	0.00	9559.888
2714.000000	0.000853	0.13	9584.432
2715.000000	0.000997	0.00	9154.912
2716.000000	0.001114	0.15	8283.600
2717.000000	0.001226	0.00	8087.248
2718.000000	0.001263	0.16	7731.360
2719.000000	0.001264	0.00	7804.992
2720.000000	0.001444	0.00	7105.488
2721.000000	0.001397	0.37	6651.424
2722.000000	0.001248	0.00	7620.912
2723.000000	0.001111	0.00	8578.128
2724.000000	0.001431	0.00	6651.424
2725.000000	0.001102	0.28	8627.216
2726.000000	0.001290	0.00	7682.272
2727.000000	0.001111	0.00	8762.208
2728.000000	0.001182	0.00	8283.600
2729.000000	0.001341	0.34	7277.296
2730.000000	0.001689	0.20	5964.192
2731.000000	0.001798	0.22	5497.856
2732.000000	0.002076	1.01	4798.352
2733.000000	0.002044	0.74	4933.344
2734.000000	0.002065	1.37	4430.192
2735.000000	0.002640	2.09	3460.704
2736.000000	0.002513	2.82	3387.072
2737.000000	0.003357	5.12	2503.488
2738.000000	0.002758	8.25	2307.136
2739.000000	0.002719	9.05	2356.224
2740.000000	0.003210	8.62	1951.248
2741.000000	0.003375	12.34	1656.720
2742.000000	0.004176	10.53	1668.992
2743.000000	0.004459	14.29	1386.736
2744.000000	0.003857	17.27	1411.280
2745.000000	0.003640	13.38	1681.264
2746.000000	0.003174	12.50	1889.888
2747.000000	0.003487	10.78	1828.528
2748.000000	0.003336	7.69	2208.960
2749.000000	0.003253	4.87	2638.480
2750.000000	0.005102	10.16	1399.008
2751.000000	0.003314	12.27	1754.896
2752.000000	0.004004	16.31	1448.096
2753.000000	0.003325	15.83	1448.096
2754.000000	0.004339	22.22	1116.752
2755.000000	0.004552	13.29	1509.456
2756.000000	0.003209	10.33	2024.880
2757.000000	0.003209	6.86	2343.952
