start, delay, loss random, rate
0.000000	0.000395	0.00	15241.824
1.000000	0.000401	0.00	14579.136
2.000000	0.000404	0.00	14726.400
3.000000	0.000435	0.00	14198.704
4.000000	0.000413	0.00	14517.776
5.000000	0.000434	0.00	14210.976
6.000000	0.000501	0.00	13388.752
7.000000	0.000462	0.00	13769.184
8.000000	0.000515	0.00	13425.568
9.000000	0.000531	0.00	13155.584
10.000000	0.000477	0.00	14026.896
11.000000	0.000431	0.00	14468.688
12.000000	0.000447	0.00	14223.248
13.000000	0.000424	0.00	14579.136
14.000000	0.000427	0.00	14321.424
15.000000	0.000435	0.00	14333.696
16.000000	0.000402	0.00	14873.664
17.000000	0.000442	0.00	14296.880
18.000000	0.000426	0.00	14493.232
19.000000	0.000435	0.00	14382.784
20.000000	0.000425	0.00	14431.872
21.000000	0.000428	0.00	14321.424
22.000000	0.000425	0.00	14603.680
23.000000	0.000474	0.00	13806.000
24.000000	0.000479	0.00	13413.296
25.000000	0.000571	0.00	12247.456
26.000000	0.000518	0.00	13216.944
27.000000	0.000593	0.00	12370.176
28.000000	0.000515	0.00	13462.384
29.000000	0.000617	0.00	12222.912
30.000000	0.000683	0.00	11339.328
31.000000	0.000685	0.00	11793.392
32.000000	0.000743	0.00	10811.632
33.000000	0.000904	0.00	9596.704
34.000000	0.000834	0.00	10517.104
35.000000	0.000998	0.14	8565.856
36.000000	0.001070	0.15	8234.512
37.000000	0.001136	0.00	8516.768
38.000000	0.001503	0.00	6761.872
39.000000	0.001357	0.17	7130.032
40.000000	0.001155	0.00	8443.136
41.000000	0.001039	0.00	8909.472
42.000000	0.001307	0.00	7498.192
43.000000	0.001254	0.00	7694.544
44.000000	0.001013	0.00	9277.632
45.000000	0.001134	0.00	8443.136
46.000000	0.001052	0.30	8087.248
47.000000	0.001115	0.00	8541.312
48.000000	0.001044	0.51	7166.848
49.000000	0.001012	0.00	8921.744
50.000000	0.000906	0.00	9866.688
51.000000	0.000781	0.00	10799.360
52.000000	0.000729	0.00	10958.896
53.000000	0.000683	0.00	11511.136
54.000000	0.000618	0.00	12038.832
55.000000	0.000572	0.00	12468.352
56.000000	0.000489	0.00	13609.648
57.000000	0.000513	0.00	13327.392
58.000000	0.000424	0.00	15499.536
59.000000	0.000463	0.00	13830.544
60.000000	0.000481	0.00	13462.384
61.000000	0.000471	0.00	13830.544
62.000000	0.000486	0.00	13904.176
63.000000	0.000553	0.00	12726.064
64.000000	0.000574	0.00	12640.160
65.000000	0.000640	0.00	11867.024
66.000000	0.000653	0.00	11793.392
67.000000	0.000701	0.00	11388.416
68.000000	0.000817	0.00	10443.472
69.000000	0.000826	0.13	9682.608
70.000000	0.000717	0.00	11486.592
71.000000	0.000746	0.00	10823.904
72.000000	0.000697	0.00	11351.600
73.000000	0.000688	0.00	11437.504
74.000000	0.000722	0.00	11179.792
75.000000	0.000790	0.00	10271.664
76.000000	0.000638	0.00	12100.192
77.000000	0.000720	0.00	10872.992
78.000000	0.000662	0.00	11462.048
79.000000	0.000682	0.00	11498.864
80.000000	0.000712	0.00	11363.872
81.000000	0.000698	0.00	11523.408
82.000000	0.000782	0.00	10603.008
83.000000	0.000909	0.00	9584.432
84.000000	0.000829	0.00	10566.192
85.000000	0.001081	0.00	8504.496
86.000000	0.000953	0.00	9375.808
87.000000	0.001081	0.00	8664.032
88.000000	0.001378	0.18	6835.504
89.000000	0.001243	0.16	7449.104
90.000000	0.001020	0.00	9375.808
91.000000	0.001087	0.00	8541.312
92.000000	0.000939	0.00	9375.808
93.000000	0.000897	0.00	9694.880
94.000000	0.000824	0.00	10124.400
95.000000	0.000702	0.11	10823.904
96.000000	0.000720	0.00	11228.880
97.000000	0.000712	0.00	11253.424
98.000000	0.000654	0.00	11707.488
99.000000	0.000665	0.00	11486.592
100.000000	0.000646	0.00	11658.400
101.000000	0.000571	0.00	12394.720
102.000000	0.000506	0.00	13278.304
103.000000	0.000449	0.00	14149.616
104.000000	0.000456	0.00	14198.704
105.000000	0.000507	0.00	13180.128
106.000000	0.000494	0.00	13327.392
107.000000	0.000459	0.00	14063.712
108.000000	0.000470	0.00	13732.368
109.000000	0.000473	0.00	13855.088
110.000000	0.000512	0.00	13155.584
111.000000	0.000513	0.00	13437.840
112.000000	0.000559	0.00	12627.888
113.000000	0.000524	0.00	13413.296
114.000000	0.000564	0.00	13241.488
115.000000	0.000636	0.00	11854.752
116.000000	0.000725	0.00	11253.424
117.000000	0.000764	0.00	10909.808
118.000000	0.001135	0.00	8173.152
119.000000	0.000770	0.11	10750.272
120.000000	0.000987	0.00	9130.368
121.000000	0.001116	0.00	8430.864
122.000000	0.001231	0.00	7976.800
123.000000	0.001441	0.00	6970.496
124.000000	0.001669	0.39	6209.632
125.000000	0.001443	0.83	5841.472
126.000000	0.001486	1.02	5951.920
127.000000	0.001721	0.66	5534.672
128.000000	0.002379	2.36	4062.032
129.000000	0.002685	0.99	3693.872
130.000000	0.001977	1.24	4896.528
131.000000	0.001973	0.74	4908.800
132.000000	0.001988	0.00	5510.128
133.000000	0.002137	0.77	4736.992
134.000000	0.001523	0.62	5890.560
135.000000	0.001973	0.00	5510.128
136.000000	0.001588	0.38	6393.712
137.000000	0.001649	0.41	5988.736
138.000000	0.001687	0.00	6148.272
139.000000	0.001543	0.38	6467.344
140.000000	0.001696	0.40	6062.368
141.000000	0.002037	0.26	4761.536
142.000000	0.002192	0.52	4651.088
143.000000	0.002369	2.17	3877.952
144.000000	0.002539	1.99	3632.512
145.000000	0.002975	3.63	2933.008
146.000000	0.003097	3.40	2785.744
147.000000	0.002421	1.92	3767.504
148.000000	0.002395	1.70	3546.608
149.000000	0.001992	0.78	4712.448
150.000000	0.002004	1.03	4749.264
151.000000	0.001538	0.58	6344.624
152.000000	0.002070	0.00	5289.232
153.000000	0.001649	0.41	5915.104
154.000000	0.001610	0.40	6172.816
155.000000	0.001372	0.00	7326.384
156.000000	0.001478	0.38	6430.528
157.000000	0.001472	0.18	6725.056
158.000000	0.001332	0.00	7498.192
159.000000	0.001211	0.00	8050.432
160.000000	0.001367	0.37	6540.976
161.000000	0.001499	0.00	6810.960
162.000000	0.001637	0.20	6221.904
163.000000	0.001585	0.39	6283.264
164.000000	0.001786	0.65	5620.576
165.000000	0.002118	0.79	4638.816
166.000000	0.002039	0.74	4908.800
167.000000	0.002243	2.69	4000.672
168.000000	0.002501	1.26	3841.136
169.000000	0.002450	2.75	3472.976
170.000000	0.002661	5.31	2859.376
171.000000	0.003220	1.93	3104.816
172.000000	0.002544	3.99	3252.080
173.000000	0.003536	6.63	2245.776
174.000000	0.003327	4.11	2577.120
175.000000	0.002991	6.31	2564.848
176.000000	0.003469	6.47	2307.136
177.000000	0.002810	6.03	2663.024
178.000000	0.002811	5.58	2699.840
179.000000	0.003089	2.88	2908.464
180.000000	0.002758	3.67	2883.920
181.000000	0.002771	7.43	2294.864
182.000000	0.002402	2.97	3202.992
183.000000	0.002971	3.35	3202.992
184.000000	0.002827	4.31	2982.096
185.000000	0.003104	3.15	3031.184
186.000000	0.002491	3.09	3460.704
187.000000	0.002894	2.08	3460.704
188.000000	0.002458	3.04	3522.064
189.000000	0.002556	3.30	3595.696
190.000000	0.002599	2.40	3497.520
191.000000	0.003092	2.61	3202.992
192.000000	0.002691	2.09	3460.704
193.000000	0.002924	4.40	2920.736
194.000000	0.002610	1.62	3730.688
195.000000	0.003140	3.61	2945.280
196.000000	0.002795	2.68	3104.816
197.000000	0.002816	4.13	2847.104
198.000000	0.002258	3.13	3792.048
199.000000	0.002551	2.23	3767.504
200.000000	0.002917	3.47	3080.272
201.000000	0.003431	3.59	2626.208
202.000000	0.002693	5.35	2834.832
203.000000	0.002520	4.02	2920.736
204.000000	0.002778	7.05	2601.664
205.000000	0.002793	3.77	3117.088
206.000000	0.002862	4.47	2896.192
207.000000	0.002869	1.79	3350.256
208.000000	0.002499	1.98	3644.784
209.000000	0.002471	1.96	3681.600
210.000000	0.002345	1.46	4135.664
211.000000	0.002326	0.56	4356.560
212.000000	0.002054	0.78	4700.176
213.000000	0.002200	1.76	4098.848
214.000000	0.002386	1.48	4074.304
215.000000	0.001927	0.51	4810.624
216.000000	0.001989	1.03	4736.992
217.000000	0.002138	0.25	4933.344
218.000000	0.001644	0.61	6037.824
219.000000	0.001649	0.39	6221.904
220.000000	0.001700	0.42	5841.472
221.000000	0.001961	1.01	4822.896
222.000000	0.001688	1.47	4921.072
223.000000	0.002705	1.68	3595.696
224.000000	0.002633	2.41	3460.704
225.000000	0.002261	1.74	4160.208
226.000000	0.002970	2.25	3202.992
227.000000	0.003234	6.51	2466.672
228.000000	0.002802	11.11	1865.344
229.000000	0.004044	9.76	1816.256
230.000000	0.003888	13.55	1644.448
231.000000	0.002817	11.29	2037.152
232.000000	0.004922	11.94	1448.096
233.000000	0.004164	8.93	1877.616
234.000000	0.004007	14.18	1411.280
235.000000	0.003669	9.77	1914.432
236.000000	0.003679	10.29	1926.704
237.000000	0.003049	4.83	2429.856
238.000000	0.003712	6.00	2294.864
239.000000	0.003118	4.87	2638.480
240.000000	0.003510	7.37	2159.872
241.000000	0.002260	3.78	3436.160
242.000000	0.002977	4.98	2822.560
243.000000	0.002903	4.80	2920.736
244.000000	0.002654	5.96	2699.840
245.000000	0.003315	6.53	2282.592
246.000000	0.002621	4.92	3092.544
247.000000	0.002768	6.44	2675.296
248.000000	0.003900	6.11	2061.696
249.000000	0.003177	11.17	1951.248
250.000000	0.002917	4.03	2920.736
251.000000	0.003202	9.04	2098.512
252.000000	0.003569	6.81	2184.416
253.000000	0.003780	6.08	2098.512
254.000000	0.003974	9.27	1668.992
255.000000	0.003794	7.82	2037.152
256.000000	0.003315	10.11	1963.520
257.000000	0.003766	7.78	2037.152
258.000000	0.003433	7.11	2233.504
259.000000	0.004419	13.87	1448.096
260.000000	0.003857	10.29	1926.704
261.000000	0.003839	16.55	1497.184
262.000000	0.003590	20.97	1202.656
263.000000	0.004819	27.36	932.672
264.000000	0.005221	31.68	846.768
265.000000	0.005284	26.36	1006.304
266.000000	0.005186	20.00	1178.112
267.000000	0.004516	26.32	1018.576
268.000000	0.004017	26.67	1092.208
269.000000	0.004021	34.02	773.136
270.000000	0.006641	26.53	895.856
271.000000	0.004650	37.50	736.320
272.000000	0.005662	48.24	539.968
273.000000	0.004553	41.11	650.416
274.000000	0.005088	43.02	601.328
275.000000	0.004821	25.45	1006.304
276.000000	0.004374	22.88	1116.752
277.000000	0.003780	24.60	1165.840
278.000000	0.004606	19.35	1214.928
279.000000	0.004119	15.27	1374.464
280.000000	0.005074	18.70	1214.928
281.000000	0.004755	19.17	1190.384
282.000000	0.004182	20.33	1214.928
283.000000	0.004730	14.06	1349.920
284.000000	0.004673	21.49	1165.840
285.000000	0.003944	20.00	1313.104
286.000000	0.003595	15.75	1521.728
287.000000	0.003742	8.74	2037.152
288.000000	0.003053	10.10	2184.416
289.000000	0.003511	6.60	2258.048
290.000000	0.003533	18.06	1460.368
291.000000	0.004403	12.06	1509.456
292.000000	0.003813	13.55	1644.448
293.000000	0.002989	13.37	1840.800
294.000000	0.003069	7.43	2282.592
295.000000	0.003009	6.67	2577.120
296.000000	0.003140	5.88	2564.848
297.000000	0.002804	5.44	2761.200
298.000000	0.003002	4.48	2613.936
299.000000	0.003327	2.65	2712.112
300.000000	0.002474	4.61	3301.168
301.000000	0.002567	5.31	2834.832
302.000000	0.002901	4.02	2933.008
303.000000	0.003526	3.59	2638.480
304.000000	0.003241	6.64	2417.584
305.000000	0.002769	6.33	2724.384
306.000000	0.002764	8.37	2417.584
307.000000	0.004328	17.07	1264.016
308.000000	0.004268	12.50	1619.904
309.000000	0.003955	14.29	1558.544
310.000000	0.003079	9.42	2123.056
311.000000	0.003305	7.61	2233.504
312.000000	0.003249	5.79	2184.416
313.000000	0.002798	4.78	2933.008
314.000000	0.002450	1.81	4000.672
315.000000	0.002493	0.61	4025.216
316.000000	0.002641	1.35	3583.424
317.000000	0.001833	0.97	5031.520
318.000000	0.001663	0.66	5559.216
319.000000	0.001847	0.21	5731.024
320.000000	0.001549	0.60	6074.640
321.000000	0.001783	0.44	5596.032
322.000000	0.001733	2.93	4454.736
323.000000	0.002381	2.71	3092.544
324.000000	0.002575	1.32	3657.056
325.000000	0.003153	6.05	2491.216
326.000000	0.003058	5.08	2736.656
327.000000	0.003729	6.49	2123.056
328.000000	0.002677	7.80	2331.680
329.000000	0.003124	12.88	1742.624
330.000000	0.004965	12.32	1472.640
331.000000	0.004521	15.94	1423.552
332.000000	0.003744	17.01	1497.184
333.000000	0.004815	14.29	1399.008
334.000000	0.003836	10.90	1705.808
335.000000	0.003465	10.47	1902.160
336.000000	0.004107	10.00	1644.448
337.000000	0.003589	9.47	1877.616
338.000000	0.003276	4.27	2761.200
339.000000	0.003482	12.42	1730.352
340.000000	0.003431	9.71	1938.976
341.000000	0.004475	16.94	1264.016
342.000000	0.004577	23.93	1092.208
343.000000	0.004833	26.17	969.488
344.000000	0.004076	33.33	809.952
345.000000	0.004361	28.70	994.032
346.000000	0.005886	36.08	773.136
347.000000	0.003930	44.71	576.784
348.000000	0.004809	48.15	515.424
349.000000	0.006315	43.37	576.784
350.000000	0.005338	35.96	699.504
351.000000	0.004144	33.33	809.952
352.000000	0.005534	32.29	797.680
353.000000	0.002893	24.22	1190.384
354.000000	0.004385	16.06	1399.008
355.000000	0.004129	18.25	1264.016
356.000000	0.003924	25.69	1006.304
357.000000	0.003857	14.01	1656.720
358.000000	0.003878	14.19	1558.544
359.000000	0.003959	9.26	1791.712
360.000000	0.002962	12.09	1975.792
361.000000	0.003981	12.82	1656.720
362.000000	0.003477	11.49	1902.160
363.000000	0.003254	6.60	2417.584
364.000000	0.002978	8.81	2172.144
365.000000	0.003564	8.20	2049.424
366.000000	0.003785	5.58	2294.864
367.000000	0.003225	6.94	2454.400
368.000000	0.003201	5.07	2528.032
369.000000	0.003420	4.91	2613.936
370.000000	0.003266	5.33	2626.208
371.000000	0.002474	6.15	2982.096
372.000000	0.002905	6.36	2528.032
373.000000	0.003141	7.77	2184.416
374.000000	0.002593	9.43	2356.224
375.000000	0.003114	7.91	2429.856
376.000000	0.003109	8.46	2258.048
377.000000	0.003706	12.35	1742.624
378.000000	0.003698	9.41	1889.888
379.000000	0.003316	7.65	2221.232
380.000000	0.004359	11.56	1595.360
381.000000	0.004427	9.80	1705.808
382.000000	0.003618	7.41	2135.328
383.000000	0.003255	13.95	1816.256
384.000000	0.003812	9.04	1865.344
385.000000	0.003114	8.37	2282.592
386.000000	0.003263	7.28	2331.680
387.000000	0.003271	4.39	2675.296
388.000000	0.002862	4.25	3055.728
389.000000	0.003043	5.36	2589.392
390.000000	0.002762	3.45	3104.816
391.000000	0.003186	5.86	2552.576
392.000000	0.002765	5.58	2699.840
393.000000	0.002836	9.36	2270.320
394.000000	0.003045	10.64	2061.696
395.000000	0.002727	9.39	2356.224
396.000000	0.003350	12.64	1865.344
397.000000	0.003937	12.03	1718.080
398.000000	0.003379	12.43	1816.256
399.000000	0.003560	12.58	1693.536
400.000000	0.003452	20.90	1300.832
401.000000	0.003533	17.88	1521.728
402.000000	0.004393	11.80	1742.624
403.000000	0.004007	14.89	1472.640
404.000000	0.003363	6.10	2454.400
405.000000	0.002428	6.13	3006.640
406.000000	0.002917	4.24	2773.472
407.000000	0.002445	1.83	3951.584
408.000000	0.002794	2.73	3068.000
409.000000	0.002423	0.88	4135.664
410.000000	0.002061	0.49	4994.704
411.000000	0.002223	0.82	4430.192
412.000000	0.001976	0.49	5019.248
413.000000	0.001557	0.79	6160.544
414.000000	0.001672	0.20	6185.088
415.000000	0.001565	0.20	6111.456
416.000000	0.001530	0.00	6774.144
417.000000	0.001622	0.42	5878.288
418.000000	0.001421	0.00	7179.120
419.000000	0.001476	0.18	6651.424
420.000000	0.001717	0.20	6050.096
421.000000	0.001927	0.23	5264.688
422.000000	0.001833	1.23	4933.344
423.000000	0.001913	1.29	4675.632
424.000000	0.002082	1.97	4295.200
425.000000	0.002775	1.74	3472.976
426.000000	0.002594	4.44	2896.192
427.000000	0.002429	4.76	3202.992
428.000000	0.002666	5.37	2798.016
429.000000	0.003376	7.78	2037.152
430.000000	0.002540	5.24	3104.816
431.000000	0.002469	2.61	3657.056
432.000000	0.002560	2.69	3558.880
433.000000	0.002655	2.12	3399.344
434.000000	0.002797	1.82	3313.440
435.000000	0.002023	1.90	4430.192
436.000000	0.001798	1.37	5313.776
437.000000	0.002222	0.00	4626.544
438.000000	0.001801	1.01	4810.624
439.000000	0.001942	0.46	5276.960
440.000000	0.001863	0.48	5141.968
441.000000	0.002186	0.83	4381.104
442.000000	0.002461	2.75	3472.976
443.000000	0.002576	2.68	3571.152
444.000000	0.002961	3.54	3006.640
445.000000	0.003160	7.04	2429.856
446.000000	0.002676	3.48	3399.344
447.000000	0.003072	7.08	2429.856
448.000000	0.003384	7.29	2172.144
449.000000	0.003523	6.74	2208.960
450.000000	0.002755	10.55	2196.688
451.000000	0.003667	7.73	2184.416
452.000000	0.004303	6.40	1975.792
453.000000	0.003215	6.97	2294.864
454.000000	0.003526	7.07	2098.512
455.000000	0.002998	9.31	2282.592
456.000000	0.002836	5.70	2626.208
457.000000	0.002729	4.53	3104.816
458.000000	0.003070	4.55	2577.120
459.000000	0.002752	4.15	3129.360
460.000000	0.003238	2.61	2748.928
461.000000	0.003566	7.53	2110.784
462.000000	0.002404	4.65	3018.912
463.000000	0.002519	3.93	3288.896
464.000000	0.002613	3.05	3129.360
465.000000	0.003707	6.11	2061.696
466.000000	0.002497	1.67	3620.240
467.000000	0.002576	0.96	3816.592
468.000000	0.002184	1.75	4111.120
469.000000	0.002204	1.86	3877.952
470.000000	0.002501	1.92	3755.232
471.000000	0.003353	4.23	2503.488
472.000000	0.003028	6.57	2442.128
473.000000	0.002675	4.92	2847.104
474.000000	0.002316	1.80	4012.944
475.000000	0.002383	2.29	3681.600
476.000000	0.001985	2.21	4332.016
477.000000	0.001883	0.96	5043.792
478.000000	0.001902	0.46	5276.960
479.000000	0.001737	0.22	5669.664
480.000000	0.001531	0.18	6651.424
481.000000	0.001219	0.00	8160.880
482.000000	0.001238	0.00	7485.920
483.000000	0.001133	0.00	8369.504
484.000000	0.001253	0.00	7719.088
485.000000	0.000833	0.00	10578.464
486.000000	0.000904	0.13	9240.816
487.000000	0.000803	0.00	10369.840
488.000000	0.000770	0.00	10971.168
489.000000	0.000851	0.00	10124.400
490.000000	0.000911	0.00	9523.072
491.000000	0.000945	0.13	9253.088
492.000000	0.001196	0.00	8160.880
493.000000	0.001147	0.00	8148.608
494.000000	0.001406	0.00	7203.664
495.000000	0.001351	0.56	6565.520
496.000000	0.001949	0.24	5191.056
497.000000	0.001620	0.63	5841.472
498.000000	0.002478	1.15	4233.840
499.000000	0.001797	0.68	5350.592
500.000000	0.002118	0.54	4540.640
501.000000	0.001985	1.40	4319.744
502.000000	0.001779	1.18	5141.968
503.000000	0.001573	0.19	6430.528
504.000000	0.001655	0.20	6111.456
505.000000	0.001446	0.18	6810.960
506.000000	0.001471	0.00	7044.128
507.000000	0.001260	0.00	7976.800
508.000000	0.001576	0.19	6320.080
509.000000	0.001399	0.00	7228.208
510.000000	0.001374	0.17	7068.672
511.000000	0.001286	0.17	7265.024
512.000000	0.001295	0.00	7804.992
513.000000	0.001582	0.19	6491.888
514.000000	0.001325	0.17	7375.472
515.000000	0.001456	1.38	5264.688
516.000000	0.001482	0.58	6320.080
517.000000	0.001759	0.21	5706.480
518.000000	0.001707	0.63	5853.744
519.000000	0.001761	0.45	5411.952
520.000000	0.001664	0.69	5301.504
521.000000	0.001854	0.72	5056.064
522.000000	0.002030	2.35	4086.576
523.000000	0.002126	4.58	3595.696
524.000000	0.002690	2.47	3387.072
525.000000	0.003242	6.40	2319.408
526.000000	0.002858	5.06	2761.200
527.000000	0.003319	6.47	2319.408
528.000000	0.003737	9.36	1889.888
529.000000	0.003404	8.06	2098.512
530.000000	0.003824	2.83	2528.032
531.000000	0.002871	6.22	2589.392
532.000000	0.002686	4.28	3018.912
533.000000	0.002367	1.72	4197.024
534.000000	0.002084	2.07	4062.032
535.000000	0.002366	1.85	3914.768
536.000000	0.002393	0.57	4307.472
537.000000	0.002056	1.33	4540.640
538.000000	0.002155	0.79	4651.088
539.000000	0.002864	0.67	3657.056
540.000000	0.001547	0.79	6172.816
541.000000	0.001929	0.47	5240.144
542.000000	0.001278	0.00	8025.888
543.000000	0.001247	0.17	7400.016
544.000000	0.001095	0.15	8406.320
545.000000	0.000912	0.00	9964.864
546.000000	0.000814	0.00	10418.928
547.000000	0.000819	0.00	10357.568
548.000000	0.000777	0.00	10529.376
549.000000	0.000778	0.00	10394.384
550.000000	0.000732	0.00	11007.984
551.000000	0.000760	0.00	10860.720
552.000000	0.000719	0.00	10983.440
553.000000	0.000733	0.00	11106.160
554.000000	0.000801	0.00	10259.392
555.000000	0.000670	0.00	11609.312
556.000000	0.000694	0.00	11302.512
557.000000	0.000818	0.00	10271.664
558.000000	0.000829	0.00	10369.840
559.000000	0.000936	0.00	9547.616
560.000000	0.000739	0.00	11069.344
561.000000	0.000674	0.00	11707.488
562.000000	0.000734	0.00	11044.800
563.000000	0.000667	0.00	11891.568
564.000000	0.000731	0.00	10971.168
565.000000	0.000609	0.00	12640.160
566.000000	0.000634	0.00	11695.216
567.000000	0.000611	0.00	12321.088
568.000000	0.000646	0.00	11535.680
569.000000	0.000647	0.00	11560.224
570.000000	0.000654	0.00	11658.400
571.000000	0.000651	0.00	11793.392
572.000000	0.000703	0.00	11216.608
573.000000	0.000882	0.00	9878.960
574.000000	0.000827	0.00	10369.840
575.000000	0.000982	0.00	9154.912
576.000000	0.000959	0.00	9412.624
577.000000	0.001070	0.00	8529.040
578.000000	0.001165	0.33	7522.736
579.000000	0.001186	0.00	8111.792
580.000000	0.001127	0.00	8504.496
581.000000	0.001253	0.17	7228.208
582.000000	0.001060	0.00	8860.384
583.000000	0.000960	0.00	9277.632
584.000000	0.001036	0.00	8884.928
585.000000	0.001086	0.00	8688.576
586.000000	0.000898	0.00	9891.232
587.000000	0.000840	0.00	10234.848
588.000000	0.000877	0.00	9768.512
589.000000	0.000782	0.00	10701.184
590.000000	0.000764	0.00	11216.608
591.000000	0.000773	0.00	10578.464
592.000000	0.000653	0.00	11707.488
593.000000	0.000576	0.00	12762.880
594.000000	0.000595	0.00	12222.912
595.000000	0.000604	0.00	12186.096
596.000000	0.000513	0.00	13474.656
597.000000	0.000571	0.00	12394.720
598.000000	0.000598	0.00	12235.184
599.000000	0.000486	0.00	13769.184
600.000000	0.000490	0.00	13302.848
601.000000	0.000461	0.00	13904.176
602.000000	0.000420	0.00	14763.216
603.000000	0.000450	0.00	14161.888
604.000000	0.000480	0.00	13707.824
605.000000	0.000470	0.00	13879.632
606.000000	0.000464	0.00	13953.264
607.000000	0.000442	0.00	14174.160
608.000000	0.000482	0.00	13560.560
609.000000	0.000466	0.00	13720.096
610.000000	0.000500	0.00	13155.584
611.000000	0.000555	0.00	12443.808
612.000000	0.000536	0.00	13278.304
613.000000	0.000585	0.00	12480.624
614.000000	0.000588	0.00	12468.352
615.000000	0.000730	0.00	11007.984
616.000000	0.000703	0.00	11057.072
617.000000	0.000827	0.00	10333.024
618.000000	0.000819	0.00	10627.552
619.000000	0.001014	0.00	8995.376
620.000000	0.000878	0.00	10283.936
621.000000	0.000882	0.00	10013.952
622.000000	0.000948	0.00	9265.360
623.000000	0.000971	0.00	9142.640
624.000000	0.001120	0.15	7952.256
625.000000	0.001289	0.00	7657.728
626.000000	0.000955	0.00	9731.696
627.000000	0.000926	0.00	10222.576
628.000000	0.001225	0.00	8099.520
629.000000	0.001013	0.00	9363.536
630.000000	0.001390	0.18	6884.592
631.000000	0.001047	0.00	9326.720
632.000000	0.001268	0.00	7768.176
633.000000	0.001261	0.00	7829.536
634.000000	0.001264	0.16	7645.456
635.000000	0.001322	0.18	6995.040
636.000000	0.001585	0.00	6381.440
637.000000	0.001363	0.00	7682.272
638.000000	0.001405	0.00	7031.856
639.000000	0.001530	0.00	6774.144
640.000000	0.001601	0.40	6099.184
641.000000	0.001750	0.41	5939.648
642.000000	0.001765	0.44	5497.856
643.000000	0.001709	1.12	5436.496
644.000000	0.002751	0.34	3583.424
645.000000	0.002421	0.87	4172.480
646.000000	0.002606	2.31	3632.512
647.000000	0.003083	1.85	3264.352
648.000000	0.002631	4.53	3117.088
649.000000	0.003342	9.44	2000.336
650.000000	0.002878	4.30	2994.368
651.000000	0.002330	4.35	3239.808
652.000000	0.002802	5.49	2761.200
653.000000	0.003022	5.15	2699.840
654.000000	0.003468	5.31	2417.584
655.000000	0.002553	3.05	3497.520
656.000000	0.002998	3.07	3104.816
657.000000	0.002953	5.26	2663.024
658.000000	0.003470	5.24	2429.856
659.000000	0.003321	5.39	2380.768
660.000000	0.002956	4.17	2822.560
661.000000	0.003690	11.49	1595.360
662.000000	0.003360	10.30	1828.528
663.000000	0.004361	4.55	2061.696
664.000000	0.003271	7.65	2221.232
665.000000	0.003387	5.50	2528.032
666.000000	0.003600	3.69	2552.576
667.000000	0.002485	2.27	3706.144
668.000000	0.001923	1.47	4933.344
669.000000	0.002432	1.53	3951.584
670.000000	0.002113	1.29	4687.904
671.000000	0.002126	0.00	4822.896
672.000000	0.001634	0.64	5706.480
673.000000	0.001669	0.00	6381.440
674.000000	0.001554	0.00	6504.160
675.000000	0.001293	0.16	7535.008
676.000000	0.001116	0.00	8578.128
677.000000	0.001270	0.00	7731.360
678.000000	0.001014	0.00	9044.464
679.000000	0.000909	0.00	9694.880
680.000000	0.001141	0.00	8259.056
681.000000	0.000766	0.00	11376.144
682.000000	0.000731	0.00	10958.896
683.000000	0.000759	0.00	10713.456
684.000000	0.000601	0.00	12431.536
685.000000	0.000608	0.00	12345.632
686.000000	0.000608	0.00	12173.824
687.000000	0.000617	0.00	11830.208
688.000000	0.000481	0.00	13732.368
689.000000	0.000537	0.00	12897.872
690.000000	0.000540	0.00	12811.968
691.000000	0.000461	0.00	14002.352
692.000000	0.000514	0.00	13081.952
693.000000	0.000495	0.00	13781.456
694.000000	0.000507	0.00	13229.216
695.000000	0.000534	0.00	12971.504
696.000000	0.000478	0.00	14468.688
697.000000	0.000551	0.00	13008.320
698.000000	0.000576	0.00	12603.344
699.000000	0.000618	0.00	12259.728
700.000000	0.000739	0.00	10995.712
701.000000	0.000674	0.11	11253.424
702.000000	0.000844	0.00	9977.136
703.000000	0.000964	0.00	9289.904
704.000000	0.001000	0.00	9118.096
705.000000	0.001071	0.15	8394.048
706.000000	0.001162	0.16	7890.896
707.000000	0.001535	0.19	6307.808
708.000000	0.001313	0.17	7277.296
709.000000	0.001529	0.19	6590.064
710.000000	0.001816	0.21	5731.024
711.000000	0.001844	0.22	5461.040
712.000000	0.002160	2.10	4000.672
713.000000	0.002164	0.49	4982.432
714.000000	0.002385	1.98	3644.784
715.000000	0.002605	1.74	3485.248
716.000000	0.002467	1.47	4123.392
717.000000	0.002478	3.44	3092.544
718.000000	0.003450	3.67	2577.120
719.000000	0.002817	5.46	2761.200
720.000000	0.002622	3.88	3043.456
721.000000	0.002799	4.49	2883.920
722.000000	0.002787	3.36	2810.288
723.000000	0.002862	2.56	3276.624
724.000000	0.003031	5.48	2528.032
725.000000	0.003156	5.31	2405.312
726.000000	0.002769	2.84	3362.528
727.000000	0.002452	4.41	3190.720
728.000000	0.002501	4.43	3178.448
729.000000	0.002643	4.23	3055.728
730.000000	0.003226	3.88	2736.656
731.000000	0.003426	5.29	2196.688
732.000000	0.002718	7.14	2564.848
733.000000	0.002953	3.90	2724.384
734.000000	0.002923	4.23	3055.728
735.000000	0.003060	6.25	2380.768
736.000000	0.003012	5.02	2798.016
737.000000	0.002768	5.65	2650.752
738.000000	0.003232	5.75	2613.936
739.000000	0.003655	5.88	2356.224
740.000000	0.003413	6.45	2147.600
741.000000	0.002993	17.61	1607.632
742.000000	0.004686	14.96	1313.104
743.000000	0.003082	22.46	1325.376
744.000000	0.004193	27.19	1018.576
745.000000	0.004201	26.13	1006.304
746.000000	0.004602	31.73	871.312
747.000000	0.004216	44.57	625.872
748.000000	0.005135	40.91	625.872
749.000000	0.005210	28.16	920.400
750.000000	0.003430	44.94	601.328
751.000000	0.004852	38.20	662.688
752.000000	0.004596	30.28	944.944
753.000000	0.005080	23.89	1055.392
754.000000	0.003446	29.27	1067.664
755.000000	0.005066	22.41	1092.208
756.000000	0.004104	15.79	1583.088
757.000000	0.003763	15.54	1521.728
758.000000	0.003735	18.24	1484.912
759.000000	0.004303	19.35	1227.200
760.000000	0.004125	25.42	1092.208
761.000000	0.003969	19.40	1325.376
762.000000	0.003169	16.55	1423.552
763.000000	0.003465	13.91	1595.360
764.000000	0.002896	9.90	2233.504
765.000000	0.003326	10.65	1840.800
766.000000	0.002528	6.87	2675.296
767.000000	0.003850	7.91	1988.064
768.000000	0.002834	3.45	3104.816
769.000000	0.003387	5.14	2491.216
770.000000	0.003664	6.70	2208.960
771.000000	0.003347	11.36	1914.432
772.000000	0.003460	11.95	1730.352
773.000000	0.003662	10.53	1865.344
774.000000	0.004371	19.84	1239.472
775.000000	0.003533	15.23	1570.816
776.000000	0.005536	20.95	1018.576
777.000000	0.004609	29.25	932.672
778.000000	0.004070	29.63	932.672
779.000000	0.003502	24.59	1129.024
780.000000	0.003941	17.27	1411.280
781.000000	0.003854	10.67	1644.448
782.000000	0.003701	11.39	1705.808
783.000000	0.003589	13.22	1865.344
784.000000	0.003091	9.19	2049.424
785.000000	0.003910	6.98	1975.792
786.000000	0.003207	8.50	2245.776
787.000000	0.003131	6.40	2319.408
788.000000	0.002802	4.56	2834.832
789.000000	0.002573	5.02	3018.912
790.000000	0.003391	8.11	2073.968
791.000000	0.003711	9.09	1975.792
792.000000	0.003890	10.69	1730.352
793.000000	0.003455	17.24	1484.912
794.000000	0.004427	20.63	1214.928
795.000000	0.003450	20.14	1362.192
796.000000	0.003672	24.24	1239.472
797.000000	0.005073	30.61	834.496
798.000000	0.004812	21.55	1116.752
799.000000	0.006338	36.90	638.144
800.000000	0.005659	24.14	1079.936
801.000000	0.004784	25.22	1055.392
802.000000	0.004036	24.19	1165.840
803.000000	0.003988	21.01	1153.568
804.000000	0.003341	24.81	1190.384
805.000000	0.004347	18.80	1313.104
806.000000	0.005200	17.50	1214.928
807.000000	0.004219	19.23	1288.560
808.000000	0.004149	12.34	1656.720
809.000000	0.003640	15.22	1448.096
810.000000	0.003550	16.78	1448.096
811.000000	0.003232	13.29	1693.536
812.000000	0.002820	8.76	2159.872
813.000000	0.003201	7.88	2307.136
814.000000	0.003124	9.19	2061.696
815.000000	0.002634	4.28	3018.912
816.000000	0.002624	5.26	2638.480
817.000000	0.002312	3.03	3546.608
818.000000	0.002631	1.24	3890.224
819.000000	0.002004	2.28	4209.296
820.000000	0.002346	1.83	3963.856
821.000000	0.002423	2.09	4025.216
822.000000	0.003146	2.94	2822.560
823.000000	0.002663	4.23	3055.728
824.000000	0.002497	3.45	3448.432
825.000000	0.003011	6.03	2663.024
826.000000	0.002680	1.72	3497.520
827.000000	0.003054	5.58	2699.840
828.000000	0.003427	5.39	2368.496
829.000000	0.003340	10.67	1963.520
830.000000	0.003626	9.71	1926.704
831.000000	0.004360	4.52	2073.968
832.000000	0.003219	9.44	2000.336
833.000000	0.004009	8.38	1877.616
834.000000	0.002992	5.17	2699.840
835.000000	0.002956	4.55	2834.832
836.000000	0.003675	4.33	2442.128
837.000000	0.002800	4.17	2834.832
838.000000	0.003217	2.87	2896.192
839.000000	0.002673	1.63	3706.144
840.000000	0.003892	4.88	2393.040
841.000000	0.002949	7.07	2270.320
842.000000	0.003836	5.79	2184.416
843.000000	0.004151	4.52	2073.968
844.000000	0.004435	16.54	1313.104
845.000000	0.004205	18.80	1325.376
846.000000	0.004111	12.10	1681.264
847.000000	0.003735	14.38	1607.632
848.000000	0.003611	15.44	1558.544
849.000000	0.002862	11.48	1988.064
850.000000	0.003141	7.65	2208.960
851.000000	0.002934	4.42	2920.736
852.000000	0.002814	5.51	2748.928
853.000000	0.003202	4.95	2577.120
854.000000	0.003464	3.49	2712.112
855.000000	0.003345	4.93	2613.936
856.000000	0.002642	4.10	3141.632
857.000000	0.002574	4.17	3117.088
858.000000	0.002909	1.01	3607.968
859.000000	0.002774	3.09	3080.272
860.000000	0.002824	3.42	3117.088
861.000000	0.002777	5.88	2564.848
862.000000	0.003120	2.79	2994.368
863.000000	0.002795	5.20	2896.192
864.000000	0.003248	6.02	2491.216
865.000000	0.002558	6.28	2748.928
866.000000	0.004224	8.88	1889.888
867.000000	0.004237	11.76	1668.992
868.000000	0.003124	9.94	1877.616
869.000000	0.004544	14.17	1349.920
870.000000	0.003527	24.32	1030.848
871.000000	0.004095	14.79	1484.912
872.000000	0.003185	15.29	1754.896
873.000000	0.002888	14.02	1730.352
874.000000	0.003541	11.11	1865.344
875.000000	0.004014	9.36	1902.160
876.000000	0.003469	8.33	2159.872
877.000000	0.003781	7.78	2037.152
878.000000	0.003616	8.52	1975.792
879.000000	0.003847	8.99	2000.336
880.000000	0.003508	12.12	1779.440
881.000000	0.004134	11.39	1705.808
882.000000	0.004760	18.85	1227.200
883.000000	0.003760	21.26	1227.200
884.000000	0.005893	25.49	920.400
885.000000	0.004055	36.54	822.224
886.000000	0.005327	26.67	932.672
887.000000	0.005119	25.00	1006.304
888.000000	0.004389	32.69	859.040
889.000000	0.005515	25.93	981.760
890.000000	0.004732	23.93	1092.208
891.000000	0.003808	22.13	1165.840
892.000000	0.004175	9.55	1742.624
893.000000	0.003450	11.30	1914.432
894.000000	0.003434	8.33	2159.872
895.000000	0.004321	7.89	1730.352
896.000000	0.003142	6.64	2417.584
897.000000	0.002640	7.14	2552.576
898.000000	0.003006	3.90	2712.112
899.000000	0.002200	4.00	3534.336
900.000000	0.002291	3.33	3558.880
901.000000	0.002706	1.29	3767.504
902.000000	0.002322	2.56	3755.232
903.000000	0.002262	2.45	3902.496
904.000000	0.002352	3.03	3534.336
905.000000	0.002455	1.23	3951.584
906.000000	0.001779	2.00	4822.896
907.000000	0.002459	1.89	3816.592
908.000000	0.002238	0.50	4908.800
909.000000	0.002013	1.55	4675.632
910.000000	0.002010	2.39	4012.944
911.000000	0.002364	1.24	3902.496
912.000000	0.002420	2.30	3657.056
913.000000	0.002406	3.57	3325.712
914.000000	0.002401	3.30	3583.424
915.000000	0.002820	3.36	3190.720
916.000000	0.003205	3.78	2798.016
917.000000	0.003338	3.69	2577.120
918.000000	0.002794	4.38	2933.008
919.000000	0.003357	4.63	2540.304
920.000000	0.002638	1.79	3350.256
921.000000	0.002507	1.25	3890.224
922.000000	0.001863	1.31	4626.544
923.000000	0.001910	0.75	4859.712
924.000000	0.001507	0.18	6725.056
925.000000	0.001597	0.62	5939.648
926.000000	0.001288	0.00	7804.992
927.000000	0.001235	0.00	7964.528
928.000000	0.001009	0.14	8946.288
929.000000	0.000950	0.00	9559.888
930.000000	0.001430	0.00	7130.032
931.000000	0.001198	0.00	8025.888
932.000000	0.001421	0.17	7166.848
933.000000	0.001412	0.39	6307.808
934.000000	0.001326	0.52	7007.312
935.000000	0.001761	0.00	5902.832
936.000000	0.001508	0.00	6982.768
937.000000	0.002318	0.00	4602.000
938.000000	0.001932	1.81	4663.360
939.000000	0.002338	1.80	4025.216
940.000000	0.002058	0.78	4712.448
941.000000	0.001822	0.94	5178.784
942.000000	0.001660	0.41	5976.464
943.000000	0.001863	0.46	5326.048
944.000000	0.001669	0.00	6381.440
945.000000	0.001504	0.38	6430.528
946.000000	0.001350	0.34	7179.120
947.000000	0.001499	0.39	6344.624
948.000000	0.001464	0.00	6958.224
949.000000	0.001366	0.17	7031.856
950.000000	0.001719	0.41	5976.464
951.000000	0.001368	0.55	6639.152
952.000000	0.001902	0.00	5755.568
953.000000	0.001883	0.99	4896.528
954.000000	0.002305	0.28	4430.192
955.000000	0.002610	2.84	3350.256
956.000000	0.002241	2.91	3693.872
957.000000	0.002515	5.81	2785.744
958.000000	0.002942	4.84	2883.920
959.000000	0.003156	5.91	2540.304
960.000000	0.002813	5.44	2773.472
961.000000	0.003428	5.14	2503.488
962.000000	0.003846	4.62	2282.592
963.000000	0.002741	5.99	2503.488
964.000000	0.002863	5.11	2724.384
965.000000	0.003192	7.65	2233.504
966.000000	0.002735	4.76	2933.008
967.000000	0.003123	4.93	2601.664
968.000000	0.002589	5.10	2982.096
969.000000	0.002996	3.50	3031.184
970.000000	0.002572	0.98	3706.144
971.000000	0.002643	2.49	3374.800
972.000000	0.002487	2.33	3595.696
973.000000	0.002267	0.88	4135.664
974.000000	0.001530	0.39	6307.808
975.000000	0.002102	0.76	4798.352
976.000000	0.001504	0.18	6835.504
977.000000	0.001590	0.62	5841.472
978.000000	0.001339	0.00	7424.560
979.000000	0.001480	0.00	6737.328
980.000000	0.001679	0.43	5731.024
981.000000	0.001791	0.45	5448.768
982.000000	0.001932	0.49	5006.976
983.000000	0.002086	0.49	4957.888
984.000000	0.001911	2.54	4233.840
985.000000	0.002554	3.00	3571.152
986.000000	0.002782	3.02	3153.904
987.000000	0.002882	4.35	2982.096
988.000000	0.003051	4.03	2908.464
989.000000	0.003305	6.44	2319.408
990.000000	0.003387	6.93	2307.136
991.000000	0.004448	13.43	1435.824
992.000000	0.003303	12.72	1840.800
993.000000	0.003480	16.25	1644.448
994.000000	0.003632	15.07	1521.728
995.000000	0.004113	15.11	1460.368
996.000000	0.005358	25.71	957.216
997.000000	0.004019	31.48	908.128
998.000000	0.004453	27.83	1018.576
999.000000	0.004292	24.58	1079.936
1000.000000	0.004585	21.67	1165.840
1001.000000	0.004126	26.79	994.032
1002.000000	0.004523	19.55	1325.376
1003.000000	0.003025	22.86	1325.376
1004.000000	0.003984	24.56	1055.392
1005.000000	0.004440	14.69	1484.912
1006.000000	0.003432	14.47	1681.264
1007.000000	0.003718	9.83	1914.432
1008.000000	0.003501	17.39	1399.008
1009.000000	0.003882	12.42	1718.080
1010.000000	0.002837	5.38	2589.392
1011.000000	0.004654	4.79	1951.248
1012.000000	0.003842	8.14	1938.976
1013.000000	0.003580	4.74	2466.672
1014.000000	0.002470	3.27	3264.352
1015.000000	0.002618	3.41	3129.360
1016.000000	0.002512	2.05	3522.064
1017.000000	0.002614	2.34	3595.696
1018.000000	0.002268	1.22	3976.128
1019.000000	0.001961	1.98	4233.840
1020.000000	0.002285	2.51	3828.864
1021.000000	0.002602	0.97	3755.232
1022.000000	0.003033	1.94	3104.816
1023.000000	0.002522	3.52	3362.528
1024.000000	0.003100	5.33	2613.936
1025.000000	0.002709	2.91	3288.896
1026.000000	0.003459	4.27	2466.672
1027.000000	0.002623	5.88	2761.200
1028.000000	0.002900	7.01	2429.856
1029.000000	0.003182	6.48	2491.216
1030.000000	0.003785	6.81	2172.144
1031.000000	0.003113	7.25	2196.688
1032.000000	0.002753	5.56	2724.384
1033.000000	0.002895	5.56	2712.112
1034.000000	0.002823	4.58	2810.288
1035.000000	0.003157	2.43	2957.552
1036.000000	0.002415	3.56	3313.440
1037.000000	0.002143	1.70	4258.384
1038.000000	0.002333	1.19	4074.304
1039.000000	0.001557	1.18	5141.968
1040.000000	0.001677	0.42	5792.384
1041.000000	0.001641	0.20	6172.816
1042.000000	0.001493	0.00	6798.688
1043.000000	0.001578	0.19	6405.984
1044.000000	0.001107	0.14	8467.680
1045.000000	0.001414	0.00	7019.584
1046.000000	0.001257	0.00	7829.536
1047.000000	0.001286	0.00	7841.808
1048.000000	0.001301	0.00	7473.648
1049.000000	0.001083	0.00	8529.040
1050.000000	0.001317	0.00	7424.560
1051.000000	0.001327	0.00	7179.120
1052.000000	0.001275	0.00	7731.360
1053.000000	0.001539	0.00	6810.960
1054.000000	0.001411	0.19	6602.336
1055.000000	0.001521	0.82	5915.104
1056.000000	0.001661	0.44	5583.760
1057.000000	0.001981	0.75	4896.528
1058.000000	0.001746	0.66	5497.856
1059.000000	0.001800	0.47	5203.328
1060.000000	0.001844	0.72	5068.336
1061.000000	0.001839	0.22	5645.120
1062.000000	0.001600	0.40	6086.912
1063.000000	0.001391	0.00	7338.656
1064.000000	0.001287	0.00	7584.096
1065.000000	0.001267	0.00	7510.464
1066.000000	0.001051	0.00	8799.024
1067.000000	0.000982	0.00	9338.992
1068.000000	0.000884	0.00	9878.960
1069.000000	0.000805	0.00	10823.904
1070.000000	0.000835	0.00	10112.128
1071.000000	0.000695	0.00	11597.040
1072.000000	0.000797	0.00	10639.824
1073.000000	0.000817	0.00	10455.744
1074.000000	0.000728	0.00	11265.696
1075.000000	0.000723	0.00	11437.504
1076.000000	0.000741	0.00	10958.896
1077.000000	0.000712	0.00	11253.424
1078.000000	0.000764	0.00	10885.264
1079.000000	0.000781	0.00	10590.736
1080.000000	0.000869	0.00	9940.320
1081.000000	0.000981	0.30	8173.152
1082.000000	0.001055	0.00	8749.936
1083.000000	0.001185	0.00	8136.336
1084.000000	0.001252	0.16	7449.104
1085.000000	0.001300	0.00	7841.808
1086.000000	0.001616	0.00	6491.888
1087.000000	0.001707	0.88	5510.128
1088.000000	0.002199	0.51	4798.352
1089.000000	0.001990	0.79	4651.088
1090.000000	0.002348	1.16	4184.752
1091.000000	0.001794	1.73	4871.984
1092.000000	0.002211	1.11	4381.104
1093.000000	0.002253	0.89	4086.576
1094.000000	0.001890	1.50	4847.440
1095.000000	0.002190	2.70	3534.336
1096.000000	0.001992	3.27	3976.128
1097.000000	0.002257	2.81	3828.864
1098.000000	0.002862	4.62	2773.472
1099.000000	0.003364	3.40	2785.744
1100.000000	0.002341	0.84	4368.832
1101.000000	0.002505	0.89	4086.576
1102.000000	0.002730	1.01	3595.696
1103.000000	0.002125	0.00	5056.064
1104.000000	0.001752	0.43	5743.296
1105.000000	0.001757	0.23	5301.504
1106.000000	0.001712	0.00	6197.360
1107.000000	0.001340	0.18	6982.768
1108.000000	0.001355	0.35	7007.312
1109.000000	0.001008	0.00	8884.928
1110.000000	0.001245	0.00	7829.536
1111.000000	0.001031	0.00	9019.920
1112.000000	0.001064	0.00	8909.472
1113.000000	0.001287	0.00	7473.648
1114.000000	0.000964	0.00	9449.440
1115.000000	0.000939	0.00	9829.872
1116.000000	0.000939	0.00	9780.784
1117.000000	0.000970	0.00	9388.080
1118.000000	0.000882	0.13	9559.888
1119.000000	0.001075	0.15	8369.504
1120.000000	0.000905	0.00	9535.344
1121.000000	0.000783	0.00	10836.176
1122.000000	0.000753	0.00	11069.344
1123.000000	0.000857	0.00	9903.504
1124.000000	0.000692	0.00	11290.240
1125.000000	0.000593	0.00	12578.800
1126.000000	0.000622	0.00	11867.024
1127.000000	0.000560	0.00	12983.776
1128.000000	0.000593	0.00	12210.640
1129.000000	0.000541	0.00	13229.216
1130.000000	0.000477	0.00	13572.832
1131.000000	0.000500	0.00	13388.752
1132.000000	0.000511	0.00	13266.032
1133.000000	0.000521	0.00	13229.216
1134.000000	0.000469	0.00	13646.464
1135.000000	0.000432	0.00	14542.320
1136.000000	0.000452	0.00	14137.344
1137.000000	0.000506	0.00	13327.392
1138.000000	0.000454	0.00	13891.904
1139.000000	0.000479	0.00	13646.464
1140.000000	0.000498	0.00	13241.488
1141.000000	0.000485	0.00	13744.640
1142.000000	0.000507	0.00	13401.024
1143.000000	0.000453	0.00	14125.072
1144.000000	0.000465	0.00	13806.000
1145.000000	0.000536	0.00	12910.144
1146.000000	0.000529	0.00	13229.216
1147.000000	0.000534	0.00	12959.232
1148.000000	0.000623	0.00	12038.832
1149.000000	0.000628	0.00	12063.376
1150.000000	0.000585	0.00	12897.872
1151.000000	0.000627	0.00	12087.920
1152.000000	0.000671	0.00	11732.032
1153.000000	0.000772	0.12	10161.216
1154.000000	0.000786	0.00	10799.360
1155.000000	0.000947	0.00	9302.176
1156.000000	0.000972	0.00	9191.728
1157.000000	0.001024	0.00	9007.648
1158.000000	0.001075	0.15	8197.696
1159.000000	0.001089	0.00	8688.576
1160.000000	0.001099	0.15	8308.144
1161.000000	0.001016	0.00	8872.656
1162.000000	0.000979	0.00	9314.448
1163.000000	0.001010	0.00	8651.760
1164.000000	0.000736	0.00	11241.152
1165.000000	0.000766	0.00	11069.344
1166.000000	0.000607	0.00	12198.368
1167.000000	0.000638	0.00	12075.648
1168.000000	0.000635	0.00	12124.736
1169.000000	0.000609	0.00	12296.544
1170.000000	0.000689	0.00	11192.064
1171.000000	0.000750	0.00	11081.616
1172.000000	0.000937	0.00	9363.536
1173.000000	0.000967	0.00	9179.456
1174.000000	0.000973	0.00	9437.168
1175.000000	0.001020	0.14	8614.944
1176.000000	0.000982	0.44	8394.048
1177.000000	0.001650	0.40	6099.184
1178.000000	0.001748	0.45	5473.312
1179.000000	0.001514	0.19	6516.432
1180.000000	0.001638	0.19	6369.168
1181.000000	0.001271	0.00	7706.816
1182.000000	0.001217	0.16	7854.080
1183.000000	0.001339	0.00	7375.472
1184.000000	0.001061	0.15	8430.864
1185.000000	0.000998	0.00	9424.896
1186.000000	0.000960	0.00	9265.360
1187.000000	0.000934	0.00	9658.064
1188.000000	0.000830	0.00	10529.376
1189.000000	0.000844	0.00	9964.864
1190.000000	0.000983	0.00	8995.376
1191.000000	0.000749	0.00	10713.456
1192.000000	0.000822	0.00	10198.032
1193.000000	0.000681	0.00	11462.048
1194.000000	0.000640	0.00	12124.736
1195.000000	0.000582	0.00	12652.432
1196.000000	0.000507	0.00	13560.560
1197.000000	0.000568	0.00	12382.448
1198.000000	0.000538	0.00	12959.232
1199.000000	0.000527	0.00	12946.960
1200.000000	0.000495	0.00	13462.384
1201.000000	0.000437	0.00	14456.416
1202.000000	0.000456	0.00	14161.888
1203.000000	0.000463	0.00	13806.000
1204.000000	0.000439	0.00	14186.432
1205.000000	0.000484	0.00	13806.000
1206.000000	0.000442	0.00	14775.488
1207.000000	0.000450	0.00	13891.904
1208.000000	0.000458	0.00	14088.256
1209.000000	0.000492	0.00	13266.032
1210.000000	0.000462	0.00	13891.904
1211.000000	0.000463	0.00	13940.992
1212.000000	0.000467	0.00	13585.104
1213.000000	0.000480	0.00	13781.456
1214.000000	0.000477	0.00	13634.192
1215.000000	0.000498	0.00	13548.288
1216.000000	0.000492	0.00	13499.200
1217.000000	0.000545	0.00	12750.608
1218.000000	0.000565	0.00	12701.520
1219.000000	0.000583	0.00	12529.712
1220.000000	0.000688	0.00	11498.864
1221.000000	0.000666	0.00	11633.856
1222.000000	0.000810	0.00	10308.480
1223.000000	0.000917	0.00	9510.800
1224.000000	0.001051	0.00	8713.120
1225.000000	0.000871	0.12	10222.576
1226.000000	0.001092	0.00	8676.304
1227.000000	0.001340	0.17	7166.848
1228.000000	0.001325	0.00	7535.008
1229.000000	0.001265	0.16	7498.192
1230.000000	0.001125	0.00	8602.672
1231.000000	0.001076	0.00	8651.760
1232.000000	0.000969	0.00	9584.432
1233.000000	0.001115	0.00	8320.416
1234.000000	0.000819	0.00	10333.024
1235.000000	0.000854	0.13	9400.352
1236.000000	0.000651	0.00	12026.560
1237.000000	0.000657	0.00	11719.760
1238.000000	0.000515	0.00	13830.544
1239.000000	0.000510	0.00	13437.840
1240.000000	0.000514	0.00	13486.928
1241.000000	0.000494	0.00	13744.640
1242.000000	0.000500	0.00	13609.648
1243.000000	0.000501	0.00	13253.760
1244.000000	0.000471	0.00	13720.096
1245.000000	0.000515	0.00	13057.408
1246.000000	0.000447	0.00	13977.808
1247.000000	0.000447	0.00	14075.984
1248.000000	0.000493	0.00	13560.560
1249.000000	0.000497	0.00	13302.848
1250.000000	0.000462	0.00	13990.080
1251.000000	0.000465	0.00	13806.000
1252.000000	0.000460	0.00	13867.360
1253.000000	0.000467	0.00	14051.440
1254.000000	0.000444	0.00	14358.240
1255.000000	0.000477	0.00	14039.168
1256.000000	0.000523	0.00	13045.136
1257.000000	0.000510	0.00	13069.680
1258.000000	0.000561	0.00	12775.152
1259.000000	0.000548	0.00	13192.400
1260.000000	0.000541	0.00	12873.328
1261.000000	0.000517	0.00	13351.936
1262.000000	0.000472	0.00	14260.064
1263.000000	0.000479	0.00	13585.104
1264.000000	0.000498	0.00	13720.096
1265.000000	0.000556	0.00	12578.800
1266.000000	0.000497	0.09	13192.400
1267.000000	0.000507	0.00	13560.560
1268.000000	0.000489	0.00	13953.264
1269.000000	0.000526	0.00	12971.504
1270.000000	0.000510	0.00	13658.736
1271.000000	0.000528	0.00	13241.488
1272.000000	0.000511	0.00	13450.112
1273.000000	0.000503	0.00	13266.032
1274.000000	0.000536	0.00	13118.768
1275.000000	0.000545	0.00	12603.344
1276.000000	0.000566	0.00	12308.816
1277.000000	0.000530	0.00	12996.048
1278.000000	0.000661	0.00	11437.504
1279.000000	0.000626	0.00	11891.568
1280.000000	0.000613	0.00	12186.096
1281.000000	0.000517	0.00	13118.768
1282.000000	0.000502	0.00	13081.952
1283.000000	0.000484	0.00	13769.184
1284.000000	0.000509	0.00	13069.680
1285.000000	0.000451	0.00	14112.800
1286.000000	0.000449	0.00	13928.720
1287.000000	0.000484	0.00	13572.832
1288.000000	0.000489	0.00	13511.472
1289.000000	0.000452	0.00	13953.264
1290.000000	0.000441	0.00	14063.712
1291.000000	0.000426	0.00	14456.416
1292.000000	0.000456	0.00	13732.368
1293.000000	0.000441	0.00	14137.344
1294.000000	0.000422	0.00	14922.752
1295.000000	0.000453	0.00	14137.344
1296.000000	0.000493	0.00	13204.672
1297.000000	0.000445	0.00	14333.696
1298.000000	0.000478	0.00	13621.920
1299.000000	0.000479	0.00	13683.280
1300.000000	0.000430	0.00	14370.512
1301.000000	0.000428	0.00	14370.512
1302.000000	0.000413	0.00	14517.776
1303.000000	0.000420	0.00	14714.128
1304.000000	0.000429	0.00	14370.512
1305.000000	0.000412	0.00	14640.496
1306.000000	0.000411	0.00	14456.416
1307.000000	0.000425	0.00	14370.512
1308.000000	0.000390	0.00	15033.200
1309.000000	0.000417	0.00	14849.120
1310.000000	0.000393	0.00	14738.672
1311.000000	0.000422	0.00	14395.056
1312.000000	0.000406	0.00	14689.584
1313.000000	0.000400	0.00	14689.584
1314.000000	0.000421	0.00	14444.144
1315.000000	0.000421	0.00	14456.416
1316.000000	0.000434	0.00	14530.048
1317.000000	0.000438	0.00	14296.880
1318.000000	0.000473	0.00	13781.456
1319.000000	0.000508	0.00	13180.128
1320.000000	0.000511	0.00	13192.400
1321.000000	0.000481	0.00	13904.176
1322.000000	0.000562	0.00	12505.168
1323.000000	0.000583	0.00	12811.968
1324.000000	0.000674	0.00	12235.184
1325.000000	0.000706	0.11	11142.976
1326.000000	0.000818	0.00	10320.752
1327.000000	0.001017	0.00	9069.008
1328.000000	0.001036	0.00	9216.272
1329.000000	0.001182	0.34	7228.208
1330.000000	0.001121	0.15	8430.864
1331.000000	0.001367	0.00	7387.744
1332.000000	0.001241	0.00	7792.720
1333.000000	0.001362	0.00	7350.928
1334.000000	0.001426	0.54	6737.328
1335.000000	0.001844	0.22	5510.128
1336.000000	0.001757	0.65	5657.392
1337.000000	0.001822	0.46	5350.592
1338.000000	0.002254	1.74	4160.208
1339.000000	0.001999	0.73	5006.976
1340.000000	0.002148	1.39	4344.288
1341.000000	0.002310	2.63	3632.512
1342.000000	0.002512	4.44	3166.176
1343.000000	0.003273	7.18	2221.232
1344.000000	0.003423	7.81	2172.144
1345.000000	0.002812	9.76	2282.592
1346.000000	0.003700	16.45	1558.544
1347.000000	0.003257	13.45	1803.984
1348.000000	0.003971	15.65	1534.000
1349.000000	0.003908	15.00	1448.096
1350.000000	0.004227	16.55	1435.824
1351.000000	0.003442	13.26	1926.704
1352.000000	0.003850	12.18	1681.264
1353.000000	0.005093	9.52	1619.904
1354.000000	0.003142	11.46	2086.240
1355.000000	0.003479	9.18	2184.416
1356.000000	0.003669	10.24	1828.528
1357.000000	0.003513	9.34	2024.880
1358.000000	0.003728	8.79	2049.424
1359.000000	0.003865	9.88	1779.440
1360.000000	0.003824	7.69	2061.696
1361.000000	0.003661	11.45	1816.256
1362.000000	0.003919	20.71	1362.192
1363.000000	0.004680	13.04	1472.640
1364.000000	0.004757	24.11	1043.120
1365.000000	0.004430	24.77	994.032
1366.000000	0.004337	25.89	1030.848
1367.000000	0.004504	33.01	846.768
1368.000000	0.005699	35.48	736.320
1369.000000	0.005155	28.30	932.672
1370.000000	0.005285	35.48	724.048
1371.000000	0.004699	38.95	724.048
1372.000000	0.005114	34.38	773.136
1373.000000	0.004823	36.00	785.408
1374.000000	0.005845	39.02	613.600
1375.000000	0.004450	32.97	736.320
1376.000000	0.004788	25.00	1067.664
1377.000000	0.003991	16.54	1362.192
1378.000000	0.005320	10.79	1521.728
1379.000000	0.003817	12.35	1742.624
1380.000000	0.003121	8.96	2258.048
1381.000000	0.003461	9.30	1902.160
1382.000000	0.002991	5.91	2540.304
1383.000000	0.002967	6.42	2503.488
1384.000000	0.002763	3.00	3190.720
1385.000000	0.002857	3.69	2883.920
1386.000000	0.002430	2.33	3583.424
1387.000000	0.002092	1.34	4516.096
1388.000000	0.002333	0.87	4197.024
1389.000000	0.001937	1.05	4626.544
1390.000000	0.002776	1.01	3620.240
1391.000000	0.002537	2.74	3472.976
1392.000000	0.002795	3.42	3117.088
1393.000000	0.002863	2.99	3190.720
1394.000000	0.003393	3.43	2761.200
1395.000000	0.003306	5.36	2601.664
1396.000000	0.003918	7.69	2061.696
1397.000000	0.003696	8.05	1963.520
1398.000000	0.003295	18.38	1374.464
1399.000000	0.004101	14.77	1558.544
1400.000000	0.003738	11.24	1926.704
1401.000000	0.003371	7.62	2380.768
1402.000000	0.002836	5.42	2785.744
1403.000000	0.002972	5.63	2675.296
1404.000000	0.002551	3.69	3202.992
1405.000000	0.002495	2.61	3669.328
1406.000000	0.002483	3.04	3509.792
1407.000000	0.001867	0.69	5276.960
1408.000000	0.002152	1.06	4577.456
1409.000000	0.001790	0.46	5289.232
1410.000000	0.001416	0.17	7277.296
1411.000000	0.001337	0.35	7080.944
1412.000000	0.001338	0.17	7277.296
1413.000000	0.001234	0.00	7989.072
1414.000000	0.001370	0.00	7228.208
1415.000000	0.001033	0.00	9093.552
1416.000000	0.000901	0.00	10234.848
1417.000000	0.001003	0.00	9154.912
1418.000000	0.000874	0.13	9375.808
1419.000000	0.000978	0.00	9118.096
1420.000000	0.001036	0.00	8774.480
1421.000000	0.000847	0.12	10492.560
1422.000000	0.001055	0.15	8332.688
1423.000000	0.001206	0.16	7620.912
1424.000000	0.001362	0.00	7461.376
1425.000000	0.001544	0.39	6246.448
1426.000000	0.001416	0.00	7191.392
1427.000000	0.001758	0.43	5743.296
1428.000000	0.002056	1.30	4651.088
1429.000000	0.002250	1.59	3792.048
1430.000000	0.002216	0.52	4724.720
1431.000000	0.002331	1.28	3779.776
1432.000000	0.002126	1.64	4430.192
1433.000000	0.002428	1.19	4049.760
1434.000000	0.002611	3.51	3387.072
1435.000000	0.002661	4.20	3068.000
1436.000000	0.003486	6.67	2233.504
1437.000000	0.003082	7.77	2343.952
1438.000000	0.003615	4.19	2528.032
1439.000000	0.002848	7.56	2540.304
1440.000000	0.002831	4.40	2933.008
1441.000000	0.002525	3.27	3276.624
1442.000000	0.002492	3.17	3362.528
1443.000000	0.002516	0.55	4417.920
1444.000000	0.002161	1.10	4393.376
1445.000000	0.002078	1.04	4675.632
1446.000000	0.001732	0.43	5718.752
1447.000000	0.001598	0.61	5976.464
1448.000000	0.001462	0.00	6810.960
1449.000000	0.001553	0.20	6258.720
1450.000000	0.001142	0.16	7804.992
1451.000000	0.000988	0.00	9572.160
1452.000000	0.001203	0.00	8246.784
1453.000000	0.001046	0.00	8823.568
1454.000000	0.001005	0.14	8737.664
1455.000000	0.001091	0.00	8676.304
1456.000000	0.000970	0.00	9302.176
1457.000000	0.001048	0.00	8786.752
1458.000000	0.000857	0.00	10001.680
1459.000000	0.000894	0.00	9952.592
1460.000000	0.001112	0.00	8479.952
1461.000000	0.001263	0.17	7203.664
1462.000000	0.001081	0.14	8516.768
1463.000000	0.001264	0.00	7510.464
1464.000000	0.001321	0.17	7215.936
1465.000000	0.001494	0.00	6921.408
1466.000000	0.001545	0.39	6307.808
1467.000000	0.001857	0.97	5019.248
1468.000000	0.002251	0.53	4602.000
1469.000000	0.002186	1.82	3976.128
1470.000000	0.002390	0.86	4233.840
1471.000000	0.002898	2.71	3080.272
1472.000000	0.002738	5.51	2736.656
1473.000000	0.002934	5.19	2687.568
1474.000000	0.003269	4.69	2491.216
1475.000000	0.002367	1.23	3927.040
1476.000000	0.002277	0.81	4491.552
1477.000000	0.002393	0.58	4197.024
1478.000000	0.001900	0.45	5387.408
1479.000000	0.001894	0.48	5105.152
1480.000000	0.001898	0.46	5276.960
1481.000000	0.001458	0.57	6381.440
1482.000000	0.001738	0.88	5546.944
1483.000000	0.002148	0.77	4724.720
1484.000000	0.001739	0.41	5878.288
1485.000000	0.002294	0.26	4687.904
1486.000000	0.001674	1.08	5632.848
1487.000000	0.002096	0.82	4454.736
1488.000000	0.002045	0.72	5068.336
1489.000000	0.001949	0.73	5019.248
1490.000000	0.001968	0.23	5289.232
1491.000000	0.001783	0.00	5853.744
1492.000000	0.001618	0.61	5939.648
1493.000000	0.001386	0.00	7498.192
1494.000000	0.001375	0.18	6982.768
1495.000000	0.001121	0.00	8688.576
1496.000000	0.001138	0.00	8479.952
1497.000000	0.001152	0.00	8246.784
1498.000000	0.001054	0.14	8614.944
1499.000000	0.001169	0.00	8111.792
1500.000000	0.001019	0.00	9032.192
1501.000000	0.001090	0.00	8406.320
1502.000000	0.000895	0.00	10161.216
1503.000000	0.000818	0.00	10443.472
1504.000000	0.000890	0.00	9842.144
1505.000000	0.000859	0.13	9768.512
1506.000000	0.000928	0.00	9424.896
1507.000000	0.000760	0.00	10897.536
1508.000000	0.000817	0.00	10406.656
1509.000000	0.000859	0.00	10148.944
1510.000000	0.000816	0.00	10431.200
1511.000000	0.000752	0.00	10983.440
1512.000000	0.000844	0.00	10136.672
1513.000000	0.000875	0.00	9952.592
1514.000000	0.000937	0.00	9535.344
1515.000000	0.000763	0.00	11339.328
1516.000000	0.001083	0.00	8308.144
1517.000000	0.001147	0.00	8394.048
1518.000000	0.001105	0.16	7841.808
1519.000000	0.001196	0.16	7510.464
1520.000000	0.001176	0.00	8295.872
1521.000000	0.001114	0.15	8209.968
1522.000000	0.001205	0.00	8111.792
1523.000000	0.001053	0.00	8811.296
1524.000000	0.001138	0.00	8394.048
1525.000000	0.001275	0.00	7584.096
1526.000000	0.001152	0.00	8443.136
1527.000000	0.001117	0.00	8614.944
1528.000000	0.001171	0.00	8038.160
1529.000000	0.001118	0.30	8087.248
1530.000000	0.001419	0.19	6602.336
1531.000000	0.001313	0.00	7068.672
1532.000000	0.001473	0.18	6688.240
1533.000000	0.001678	0.42	5780.112
1534.000000	0.001625	0.60	6086.912
1535.000000	0.002199	0.78	4675.632
1536.000000	0.001938	0.50	4847.440
1537.000000	0.001973	0.74	4970.160
1538.000000	0.002207	1.42	4270.656
1539.000000	0.002136	0.77	4712.448
1540.000000	0.002008	1.65	4381.104
1541.000000	0.002220	0.52	4663.360
1542.000000	0.002240	1.12	4332.016
1543.000000	0.001800	1.25	4847.440
1544.000000	0.001911	0.99	4921.072
1545.000000	0.002040	1.36	4454.736
1546.000000	0.001838	0.94	5166.512
1547.000000	0.002009	0.24	5117.424
1548.000000	0.001696	0.42	5841.472
1549.000000	0.001724	0.66	5510.128
1550.000000	0.001654	0.40	6074.640
1551.000000	0.001724	0.66	5510.128
1552.000000	0.001683	0.66	5571.488
1553.000000	0.001804	0.00	6001.008
1554.000000	0.001723	0.21	5964.192
1555.000000	0.001650	0.43	5657.392
1556.000000	0.001636	0.40	6160.544
1557.000000	0.001488	0.36	6700.512
1558.000000	0.002084	0.00	5215.600
1559.000000	0.002049	0.24	5031.520
1560.000000	0.001323	0.36	6884.592
1561.000000	0.001337	0.00	7522.736
1562.000000	0.001120	0.00	8664.032
1563.000000	0.001225	0.16	7436.832
1564.000000	0.001024	0.14	8737.664
1565.000000	0.001015	0.00	8958.560
1566.000000	0.000892	0.13	9240.816
1567.000000	0.000681	0.00	11707.488
1568.000000	0.000765	0.00	10553.920
1569.000000	0.000717	0.00	10897.536
1570.000000	0.000632	0.00	11646.128
1571.000000	0.000509	0.00	13879.632
1572.000000	0.000487	0.00	13671.008
1573.000000	0.000503	0.00	13560.560
1574.000000	0.000441	0.00	14260.064
1575.000000	0.000442	0.00	14014.624
1576.000000	0.000460	0.00	13830.544
1577.000000	0.000450	0.00	14088.256
1578.000000	0.000433	0.00	14480.960
1579.000000	0.000387	0.00	14922.752
1580.000000	0.000404	0.00	14493.232
1581.000000	0.000400	0.00	15143.648
1582.000000	0.000385	0.00	15340.000
1583.000000	0.000410	0.00	14873.664
1584.000000	0.000394	0.00	14947.296
1585.000000	0.000423	0.00	14628.224
1586.000000	0.000394	0.00	14861.392
1587.000000	0.000406	0.00	14947.296
1588.000000	0.000435	0.00	14530.048
1589.000000	0.000422	0.00	14137.344
1590.000000	0.000433	0.00	14419.600
1591.000000	0.000457	0.00	13842.816
1592.000000	0.000456	0.00	13904.176
1593.000000	0.000536	0.00	12885.600
1594.000000	0.000496	0.00	13499.200
1595.000000	0.000483	0.00	13671.008
1596.000000	0.000502	0.00	13474.656
1597.000000	0.000578	0.00	12161.552
1598.000000	0.000563	0.00	12775.152
1599.000000	0.000641	0.00	11989.744
1600.000000	0.000702	0.00	11241.152
1601.000000	0.000732	0.00	11241.152
1602.000000	0.000815	0.00	10345.296
1603.000000	0.000956	0.14	9069.008
1604.000000	0.001052	0.00	8713.120
1605.000000	0.001004	0.00	9277.632
1606.000000	0.001227	0.16	7731.360
1607.000000	0.001368	0.00	7326.384
1608.000000	0.001354	0.00	7265.024
1609.000000	0.001387	0.17	7117.760
1610.000000	0.001493	0.00	7130.032
1611.000000	0.001553	0.00	6553.248
1612.000000	0.001436	0.00	6774.144
1613.000000	0.001684	0.00	6221.904
1614.000000	0.001349	0.00	7768.176
1615.000000	0.001580	0.20	6185.088
1616.000000	0.001650	0.64	5694.208
1617.000000	0.001480	0.00	6970.496
1618.000000	0.001595	0.19	6442.800
1619.000000	0.001504	0.18	6774.144
1620.000000	0.002068	0.24	5080.608
1621.000000	0.002293	1.21	4000.672
1622.000000	0.002352	1.76	4111.120
1623.000000	0.002499	1.21	4000.672
1624.000000	0.002896	2.67	3129.360
1625.000000	0.002739	2.34	3595.696
1626.000000	0.002833	8.02	2380.768
1627.000000	0.003225	7.00	2282.592
1628.000000	0.003766	7.22	2221.232
1629.000000	0.003561	7.95	1988.064
1630.000000	0.003055	8.87	2258.048
1631.000000	0.003828	8.62	1951.248
1632.000000	0.003358	6.93	2307.136
1633.000000	0.003371	3.14	2663.024
1634.000000	0.002668	3.68	3202.992
1635.000000	0.002808	5.58	2699.840
1636.000000	0.003383	4.19	2540.304
1637.000000	0.003123	4.00	2638.480
1638.000000	0.002405	3.72	3509.792
1639.000000	0.003028	3.72	2847.104
1640.000000	0.002159	2.38	4037.488
1641.000000	0.002491	1.24	3890.224
1642.000000	0.002129	0.50	4945.616
1643.000000	0.002182	1.42	4258.384
1644.000000	0.001570	0.38	6418.256
1645.000000	0.001755	0.43	5681.936
1646.000000	0.001237	0.16	7780.448
1647.000000	0.001517	0.19	6344.624
1648.000000	0.001294	0.17	7289.568
1649.000000	0.001352	0.00	7387.744
1650.000000	0.001483	0.19	6516.432
1651.000000	0.001498	0.18	6700.512
1652.000000	0.001592	0.41	5964.192
1653.000000	0.001746	0.43	5681.936
1654.000000	0.002007	1.62	4479.280
1655.000000	0.002508	0.28	4417.920
1656.000000	0.002287	1.08	4528.368
1657.000000	0.002381	1.54	3927.040
1658.000000	0.002243	2.27	3693.872
1659.000000	0.002525	3.65	3558.880
1660.000000	0.002876	5.45	2564.848
1661.000000	0.002749	4.68	2736.656
1662.000000	0.002408	5.36	3043.456
1663.000000	0.002653	3.64	3239.808
1664.000000	0.002949	2.25	3202.992
1665.000000	0.002671	2.86	3337.984
1666.000000	0.002738	2.80	3423.888
1667.000000	0.003462	2.64	2712.112
1668.000000	0.002486	2.62	3632.512
1669.000000	0.002870	2.31	3129.360
1670.000000	0.002462	1.88	3841.136
1671.000000	0.002326	2.19	3841.136
1672.000000	0.002357	2.28	3681.600
1673.000000	0.002220	1.45	4184.752
1674.000000	0.001987	0.47	5154.240
1675.000000	0.001619	0.88	5534.672
1676.000000	0.001735	0.68	5399.680
1677.000000	0.001483	0.00	6749.600
1678.000000	0.001288	0.00	7804.992
1679.000000	0.001201	0.32	7608.640
1680.000000	0.001061	0.00	8872.656
1681.000000	0.000983	0.13	9118.096
1682.000000	0.000813	0.00	10639.824
1683.000000	0.000816	0.00	10418.928
1684.000000	0.000701	0.00	11142.976
1685.000000	0.000697	0.00	11265.696
1686.000000	0.000765	0.00	10566.192
1687.000000	0.000580	0.00	12627.888
1688.000000	0.000523	0.00	13327.392
1689.000000	0.000553	0.00	12480.624
1690.000000	0.000538	0.00	13008.320
1691.000000	0.000495	0.00	13646.464
1692.000000	0.000467	0.00	13842.816
1693.000000	0.000491	0.00	13806.000
1694.000000	0.000508	0.00	13486.928
1695.000000	0.000539	0.00	13180.128
1696.000000	0.000531	0.00	13069.680
1697.000000	0.000542	0.00	13094.224
1698.000000	0.000577	0.00	12824.240
1699.000000	0.000577	0.00	12296.544
1700.000000	0.000557	0.00	12676.976
1701.000000	0.000502	0.00	13450.112
1702.000000	0.000509	0.00	13229.216
1703.000000	0.000491	0.00	13401.024
1704.000000	0.000479	0.00	13585.104
1705.000000	0.000516	0.00	13192.400
1706.000000	0.000476	0.00	13609.648
1707.000000	0.000504	0.00	13339.664
1708.000000	0.000550	0.00	12738.336
1709.000000	0.000514	0.00	13388.752
1710.000000	0.000476	0.00	13646.464
1711.000000	0.000433	0.00	14677.312
1712.000000	0.000428	0.00	14542.320
1713.000000	0.000424	0.00	14714.128
1714.000000	0.000460	0.00	13879.632
1715.000000	0.000416	0.00	14689.584
1716.000000	0.000410	0.00	14775.488
1717.000000	0.000431	0.00	14505.504
1718.000000	0.000420	0.00	14309.152
1719.000000	0.000401	0.00	14849.120
1720.000000	0.000415	0.00	14456.416
1721.000000	0.000411	0.00	14836.848
1722.000000	0.000399	0.00	14787.760
1723.000000	0.000419	0.00	14714.128
1724.000000	0.000408	0.00	14542.320
1725.000000	0.000466	0.00	14186.432
1726.000000	0.000438	0.00	14210.976
1727.000000	0.000468	0.00	14075.984
1728.000000	0.000508	0.00	13302.848
1729.000000	0.000521	0.00	13032.864
1730.000000	0.000596	0.00	12198.368
1731.000000	0.000596	0.00	12382.448
1732.000000	0.000590	0.00	12946.960
1733.000000	0.000695	0.00	11437.504
1734.000000	0.000786	0.00	10517.104
1735.000000	0.000882	0.00	9977.136
1736.000000	0.000845	0.00	9768.512
1737.000000	0.000987	0.00	9118.096
1738.000000	0.001060	0.00	8664.032
1739.000000	0.001209	0.00	8001.344
1740.000000	0.001244	0.00	8209.968
1741.000000	0.001463	0.18	6675.968
1742.000000	0.001420	0.00	6921.408
1743.000000	0.001490	0.37	6626.880
1744.000000	0.001663	0.45	5411.952
1745.000000	0.002156	0.79	4638.816
1746.000000	0.002173	1.09	4442.464
1747.000000	0.002250	1.73	4184.752
1748.000000	0.002304	1.20	4037.488
1749.000000	0.002599	2.30	3644.784
1750.000000	0.002549	5.51	2945.280
1751.000000	0.002902	4.40	2933.008
1752.000000	0.003738	9.94	1889.888
1753.000000	0.004170	11.76	1656.720
1754.000000	0.003714	12.20	1767.168
1755.000000	0.003720	16.45	1570.816
1756.000000	0.004157	20.00	1276.288
1757.000000	0.004167	24.60	1153.568
1758.000000	0.004341	31.73	883.584
1759.000000	0.004425	29.73	944.944
1760.000000	0.004683	28.30	944.944
1761.000000	0.003765	20.16	1264.016
1762.000000	0.004743	16.79	1337.648
1763.000000	0.003212	16.67	1595.360
1764.000000	0.003819	11.11	1865.344
1765.000000	0.003733	14.47	1595.360
1766.000000	0.003588	10.00	1865.344
1767.000000	0.003693	10.22	2061.696
1768.000000	0.003642	7.33	2172.144
1769.000000	0.002631	5.95	2896.192
1770.000000	0.002783	2.22	3252.080
1771.000000	0.002837	2.60	3215.264
1772.000000	0.002791	1.89	3178.448
1773.000000	0.002858	0.31	3902.496
1774.000000	0.002371	1.50	4037.488
1775.000000	0.001737	0.44	5571.488
1776.000000	0.001661	0.42	5792.384
1777.000000	0.001596	0.40	6050.096
1778.000000	0.001576	0.00	6491.888
1779.000000	0.001396	0.17	7203.664
1780.000000	0.001546	0.90	5399.680
1781.000000	0.001718	0.44	5571.488
1782.000000	0.001987	0.73	5006.976
1783.000000	0.002244	1.06	4577.456
1784.000000	0.002218	2.04	4123.392
1785.000000	0.003034	2.81	2957.552
1786.000000	0.002837	3.31	3227.536
1787.000000	0.002812	4.47	2896.192
1788.000000	0.003137	6.70	2380.768
1789.000000	0.003663	6.74	2208.960
1790.000000	0.003677	11.52	1791.712
1791.000000	0.003915	8.89	2024.880
1792.000000	0.003695	8.52	1963.520
1793.000000	0.003537	10.67	1951.248
1794.000000	0.004476	15.11	1460.368
1795.000000	0.003172	10.06	1963.520
1796.000000	0.003950	12.26	1668.992
1797.000000	0.003564	10.17	1951.248
1798.000000	0.004210	10.00	1889.888
1799.000000	0.004214	10.98	1791.712
1800.000000	0.003642	14.00	1583.088
1801.000000	0.004150	18.84	1362.192
1802.000000	0.003906	23.08	1239.472
1803.000000	0.004628	34.34	797.680
1804.000000	0.003624	31.25	944.944
1805.000000	0.004778	38.46	687.232
1806.000000	0.005170	38.89	674.960
1807.000000	0.005630	40.96	601.328
1808.000000	0.006296	49.38	490.880
1809.000000	0.005208	41.57	650.416
1810.000000	0.005480	35.16	724.048
1811.000000	0.004398	28.87	846.768
1812.000000	0.003849	30.10	883.584
1813.000000	0.004318	22.69	1116.752
1814.000000	0.003821	20.90	1313.104
1815.000000	0.004441	21.85	1141.296
1816.000000	0.005134	15.50	1337.648
1817.000000	0.002926	11.40	2086.240
1818.000000	0.003735	6.82	2012.608
1819.000000	0.002832	7.17	2540.304
1820.000000	0.003437	11.11	2073.968
1821.000000	0.003705	25.20	1129.024
1822.000000	0.005332	23.58	994.032
1823.000000	0.004086	24.55	1018.576
1824.000000	0.004559	21.67	1141.296
1825.000000	0.003868	30.00	957.216
1826.000000	0.003963	22.83	1190.384
1827.000000	0.005337	27.10	957.216
1828.000000	0.004829	23.89	1055.392
1829.000000	0.005115	21.93	1092.208
1830.000000	0.005771	35.11	760.864
1831.000000	0.006495	31.18	785.408
1832.000000	0.004052	35.79	748.592
1833.000000	0.005165	50.00	503.152
1834.000000	0.007017	39.02	613.600
1835.000000	0.004916	41.67	589.056
1836.000000	0.005020	37.78	699.504
1837.000000	0.005290	34.04	760.864
1838.000000	0.005247	25.00	957.216
1839.000000	0.004749	22.61	1079.936
1840.000000	0.004064	27.83	1018.576
1841.000000	0.003976	25.00	1079.936
1842.000000	0.004139	19.51	1214.928
1843.000000	0.003675	12.16	1583.088
1844.000000	0.004835	17.05	1313.104
1845.000000	0.004007	15.97	1497.184
1846.000000	0.003893	12.26	1656.720
1847.000000	0.003945	7.95	1988.064
1848.000000	0.003381	9.68	2073.968
1849.000000	0.003587	8.47	2110.784
1850.000000	0.004569	9.15	1718.080
1851.000000	0.003554	17.01	1497.184
1852.000000	0.004221	20.00	1264.016
1853.000000	0.003776	12.20	1767.168
1854.000000	0.003344	14.20	1705.808
1855.000000	0.004504	11.76	1656.720
1856.000000	0.003415	9.34	2024.880
1857.000000	0.002952	9.05	2221.232
1858.000000	0.004298	7.41	1840.800
1859.000000	0.002742	5.93	2724.384
1860.000000	0.002411	6.85	2834.832
1861.000000	0.002831	3.45	3092.544
1862.000000	0.003078	4.31	2724.384
1863.000000	0.002506	1.94	3730.688
1864.000000	0.002433	1.16	4197.024
1865.000000	0.002051	1.30	4663.360
1866.000000	0.002115	1.08	4467.008
1867.000000	0.001738	0.63	5792.384
1868.000000	0.001605	0.61	6001.008
1869.000000	0.001665	0.90	5436.496
1870.000000	0.001692	0.44	5583.760
1871.000000	0.001979	0.46	5326.048
1872.000000	0.001917	0.21	5767.840
1873.000000	0.002387	0.00	4393.376
1874.000000	0.001910	1.04	4663.360
1875.000000	0.002173	0.52	4663.360
1876.000000	0.002307	0.55	4442.464
1877.000000	0.002155	2.56	4209.296
1878.000000	0.002303	5.10	2982.096
1879.000000	0.002760	2.93	3239.808
1880.000000	0.002534	6.12	2834.832
1881.000000	0.003386	6.51	2466.672
1882.000000	0.002549	2.26	3718.416
1883.000000	0.002436	2.29	3657.056
1884.000000	0.002140	1.40	4344.288
1885.000000	0.002050	0.24	5141.968
1886.000000	0.001829	0.95	5141.968
1887.000000	0.001664	0.00	6418.256
1888.000000	0.001904	0.00	5596.032
1889.000000	0.001582	0.19	6369.168
1890.000000	0.001200	0.00	8136.336
1891.000000	0.001107	0.00	8651.760
1892.000000	0.000936	0.00	9658.064
1893.000000	0.000952	0.00	9596.704
1894.000000	0.000803	0.00	10639.824
1895.000000	0.000747	0.00	11192.064
1896.000000	0.000803	0.00	10652.096
1897.000000	0.000691	0.00	11327.056
1898.000000	0.000628	0.00	12210.640
1899.000000	0.000681	0.00	11314.784
1900.000000	0.000664	0.00	11768.848
1901.000000	0.000630	0.00	12382.448
1902.000000	0.000776	0.00	10762.544
1903.000000	0.000760	0.00	10909.808
1904.000000	0.000958	0.00	9130.368
1905.000000	0.000778	0.00	11339.328
1906.000000	0.001000	0.00	8799.024
1907.000000	0.000860	0.13	9670.336
1908.000000	0.001298	0.17	7056.400
1909.000000	0.001156	0.00	8394.048
1910.000000	0.001170	0.15	8185.424
1911.000000	0.001204	0.16	7854.080
1912.000000	0.001738	0.73	5031.520
1913.000000	0.001593	0.00	6590.064
1914.000000	0.001891	0.22	5461.040
1915.000000	0.001853	0.22	5645.120
1916.000000	0.001579	1.12	5399.680
1917.000000	0.002027	0.78	4651.088
1918.000000	0.002338	1.44	4197.024
1919.000000	0.001973	2.31	4160.208
1920.000000	0.002073	0.76	4810.624
1921.000000	0.002184	1.11	4368.832
1922.000000	0.001857	0.45	5375.136
1923.000000	0.001908	0.00	5681.936
1924.000000	0.001847	0.45	5473.312
1925.000000	0.001844	0.00	5608.304
1926.000000	0.001650	0.20	6148.272
1927.000000	0.001869	0.23	5387.408
1928.000000	0.001444	0.00	7142.304
1929.000000	0.001458	0.36	6749.600
1930.000000	0.001790	0.21	5743.296
1931.000000	0.001906	0.95	5117.424
1932.000000	0.001833	1.87	4516.096
1933.000000	0.002192	0.52	4687.904
1934.000000	0.002246	0.25	4871.984
1935.000000	0.002116	0.77	4749.264
1936.000000	0.002229	1.68	4307.472
1937.000000	0.002476	1.17	4160.208
1938.000000	0.002634	2.17	3325.712
1939.000000	0.002856	1.92	3117.088
1940.000000	0.002955	2.17	3325.712
1941.000000	0.003490	4.50	2331.680
1942.000000	0.002858	6.09	2650.752
1943.000000	0.002759	6.22	2601.664
1944.000000	0.004125	11.61	1681.264
1945.000000	0.003512	8.15	2061.696
1946.000000	0.003649	14.38	1693.536
1947.000000	0.003421	7.65	2061.696
1948.000000	0.003864	5.03	2319.408
1949.000000	0.003001	5.73	2626.208
1950.000000	0.003268	4.29	2736.656
1951.000000	0.002952	1.47	3288.896
1952.000000	0.002231	1.69	4307.472
1953.000000	0.002901	1.81	3313.440
1954.000000	0.002021	0.72	5056.064
1955.000000	0.001612	0.43	5657.392
1956.000000	0.001596	0.00	6675.968
1957.000000	0.001398	0.00	7301.840
1958.000000	0.001509	0.00	6774.144
1959.000000	0.001203	0.32	7620.912
1960.000000	0.001075	0.15	8197.696
1961.000000	0.001143	0.00	8259.056
1962.000000	0.000969	0.00	9388.080
1963.000000	0.001131	0.00	8283.600
1964.000000	0.000717	0.00	11057.072
1965.000000	0.000743	0.00	11118.432
1966.000000	0.000723	0.00	11192.064
1967.000000	0.000684	0.00	11437.504
1968.000000	0.000608	0.00	12308.816
1969.000000	0.000650	0.00	11916.112
1970.000000	0.000736	0.00	10995.712
1971.000000	0.000716	0.00	11192.064
1972.000000	0.000856	0.00	10136.672
1973.000000	0.001131	0.00	8234.512
1974.000000	0.000981	0.00	9535.344
1975.000000	0.001250	0.00	7927.712
1976.000000	0.001198	0.16	7571.824
1977.000000	0.001561	0.19	6455.072
1978.000000	0.001477	0.78	6234.176
1979.000000	0.001770	0.47	5154.240
1980.000000	0.001499	0.37	6565.520
1981.000000	0.001906	1.26	4798.352
1982.000000	0.002245	1.20	4049.760
1983.000000	0.002133	1.13	4307.472
1984.000000	0.002158	3.55	3669.328
1985.000000	0.002691	2.81	3411.616
1986.000000	0.002434	5.47	2957.552
1987.000000	0.003109	3.32	2859.376
1988.000000	0.004098	2.44	2466.672
1989.000000	0.003403	6.53	2282.592
1990.000000	0.003747	9.15	1828.528
1991.000000	0.003876	7.07	2098.512
1992.000000	0.003353	13.86	1754.896
1993.000000	0.003825	10.69	1730.352
1994.000000	0.003608	16.43	1435.824
1995.000000	0.004203	15.44	1546.272
1996.000000	0.003060	11.49	1889.888
1997.000000	0.003713	7.53	2110.784
1998.000000	0.002943	6.05	2491.216
1999.000000	0.003826	7.91	2000.336
2000.000000	0.003788	9.20	1926.704
2001.000000	0.003329	17.45	1509.456
2002.000000	0.003470	11.24	1853.072
2003.000000	0.003921	18.94	1313.104
2004.000000	0.004650	14.81	1411.280
2005.000000	0.003495	11.73	1754.896
2006.000000	0.003855	5.88	2147.600
2007.000000	0.003405	4.23	2515.760
2008.000000	0.002763	6.19	2601.664
2009.000000	0.002895	4.91	2613.936
2010.000000	0.002905	5.35	2810.288
2011.000000	0.003037	8.29	2184.416
2012.000000	0.002963	6.48	2466.672
2013.000000	0.003001	5.19	2687.568
2014.000000	0.003290	8.38	2159.872
2015.000000	0.002901	12.07	1865.344
2016.000000	0.003076	5.86	2564.848
2017.000000	0.002840	7.55	2405.312
2018.000000	0.003487	8.79	2037.152
2019.000000	0.003633	6.70	2233.504
2020.000000	0.003163	4.78	2675.296
2021.000000	0.003847	6.82	2024.880
2022.000000	0.003836	7.37	2159.872
2023.000000	0.002990	8.54	2233.504
2024.000000	0.003976	12.03	1693.536
2025.000000	0.003347	6.90	2331.680
2026.000000	0.004125	10.49	1767.168
2027.000000	0.003159	7.35	2319.408
2028.000000	0.003565	7.81	2172.144
2029.000000	0.004878	11.81	1570.816
2030.000000	0.004523	12.14	1497.184
2031.000000	0.004194	20.17	1165.840
2032.000000	0.005467	13.82	1300.832
2033.000000	0.004070	18.75	1435.824
2034.000000	0.004989	14.07	1423.552
2035.000000	0.003458	7.07	2258.048
2036.000000	0.004311	8.70	1803.984
2037.000000	0.002868	8.22	2466.672
2038.000000	0.002656	3.42	3117.088
2039.000000	0.002705	4.43	3178.448
2040.000000	0.003042	9.13	2319.408
2041.000000	0.003547	3.10	2699.840
2042.000000	0.003021	7.96	2552.576
2043.000000	0.003658	7.07	2086.240
2044.000000	0.003814	9.20	1951.248
2045.000000	0.003375	9.78	2024.880
2046.000000	0.003963	11.97	1546.272
2047.000000	0.003368	13.66	1693.536
2048.000000	0.004608	17.73	1423.552
2049.000000	0.003760	18.75	1448.096
2050.000000	0.003730	21.43	1214.928
2051.000000	0.003861	17.83	1570.816
2052.000000	0.004155	27.36	957.216
2053.000000	0.003731	22.73	1251.744
2054.000000	0.004528	21.14	1178.112
2055.000000	0.004752	19.20	1251.744
2056.000000	0.004369	30.00	859.040
2057.000000	0.003840	23.33	1116.752
2058.000000	0.004970	23.48	1092.208
2059.000000	0.004574	26.32	1030.848
2060.000000	0.004077	20.80	1214.928
2061.000000	0.003686	25.20	1153.568
2062.000000	0.005081	18.80	1165.840
2063.000000	0.004682	16.79	1349.920
2064.000000	0.003009	18.12	1497.184
2065.000000	0.004685	14.18	1472.640
2066.000000	0.003829	15.89	1570.816
2067.000000	0.004061	18.70	1214.928
2068.000000	0.004683	16.67	1239.472
2069.000000	0.003812	15.86	1484.912
2070.000000	0.004216	15.28	1509.456
2071.000000	0.004257	13.04	1460.368
2072.000000	0.003480	14.20	1718.080
2073.000000	0.003987	10.53	1877.616
2074.000000	0.003268	10.81	2024.880
2075.000000	0.003417	5.45	2331.680
2076.000000	0.004125	8.33	1902.160
2077.000000	0.003265	2.90	2859.376
2078.000000	0.002602	3.53	3350.256
2079.000000	0.002912	4.60	2798.016
2080.000000	0.002783	5.88	2748.928
2081.000000	0.003129	5.88	2552.576
2082.000000	0.003292	9.18	2196.688
2083.000000	0.003185	10.44	2000.336
2084.000000	0.003954	9.55	1742.624
2085.000000	0.004438	10.83	1705.808
2086.000000	0.003418	8.16	2208.960
2087.000000	0.003582	6.37	2343.952
2088.000000	0.003436	8.38	2147.600
2089.000000	0.003569	3.59	2319.408
2090.000000	0.003116	5.56	2294.864
2091.000000	0.002935	2.66	3141.632
2092.000000	0.002630	3.82	3080.272
2093.000000	0.002369	2.93	3657.056
2094.000000	0.002761	3.89	3043.456
2095.000000	0.002795	2.01	3583.424
2096.000000	0.002181	1.41	4282.928
2097.000000	0.001863	1.55	4687.904
2098.000000	0.002144	1.40	4344.288
2099.000000	0.002143	2.22	3767.504
2100.000000	0.001766	0.43	5632.848
2101.000000	0.001963	0.24	5166.512
2102.000000	0.001772	1.16	5240.144
2103.000000	0.001619	0.20	6185.088
2104.000000	0.001676	0.00	6442.800
2105.000000	0.001711	0.22	5632.848
2106.000000	0.002075	0.23	5252.416
2107.000000	0.001793	0.00	5804.656
2108.000000	0.001695	0.89	5473.312
2109.000000	0.001800	0.45	5411.952
2110.000000	0.002061	0.25	5006.976
2111.000000	0.001955	0.46	5326.048
2112.000000	0.001909	0.95	5117.424
2113.000000	0.001765	1.39	5227.872
2114.000000	0.002312	1.50	4025.216
2115.000000	0.002231	0.78	4663.360
2116.000000	0.002285	2.32	3620.240
2117.000000	0.003252	4.72	2491.216
2118.000000	0.002450	2.22	3779.776
2119.000000	0.002439	2.23	3755.232
2120.000000	0.002215	1.76	4098.848
2121.000000	0.002229	1.08	4503.824
2122.000000	0.002060	0.77	4761.536
2123.000000	0.001603	1.37	5313.776
2124.000000	0.001831	0.47	5166.512
2125.000000	0.001376	0.74	6590.064
2126.000000	0.001678	0.64	5743.296
2127.000000	0.001412	0.18	6921.408
2128.000000	0.001212	0.15	8025.888
2129.000000	0.001091	0.00	8541.312
2130.000000	0.001386	0.56	6516.432
2131.000000	0.001646	0.00	6037.824
2132.000000	0.001924	0.00	5448.768
2133.000000	0.001711	0.41	5902.832
2134.000000	0.002377	1.46	4135.664
2135.000000	0.002115	0.78	4663.360
2136.000000	0.002306	3.58	3644.784
2137.000000	0.003043	5.78	2601.664
2138.000000	0.002832	4.07	2896.192
2139.000000	0.002374	3.65	3558.880
2140.000000	0.002578	3.73	3153.904
2141.000000	0.002371	2.25	3730.688
2142.000000	0.002823	1.72	3497.520
2143.000000	0.002092	0.81	4528.368
2144.000000	0.002345	1.21	4012.944
2145.000000	0.001896	0.45	5436.496
2146.000000	0.001847	0.23	5326.048
2147.000000	0.001426	0.37	6540.976
2148.000000	0.002033	0.49	4957.888
2149.000000	0.001451	0.00	7277.296
2150.000000	0.001831	0.45	5461.040
2151.000000	0.001517	0.42	5755.568
2152.000000	0.002018	1.35	4479.280
2153.000000	0.002090	1.34	4528.368
2154.000000	0.002496	1.88	3828.864
2155.000000	0.002807	1.68	3583.424
2156.000000	0.002470	3.93	3313.440
2157.000000	0.003514	6.47	2294.864
2158.000000	0.002849	7.98	2417.584
2159.000000	0.004964	10.53	1448.096
2160.000000	0.003562	8.47	1988.064
2161.000000	0.003774	12.05	1803.984
2162.000000	0.002674	9.71	2282.592
2163.000000	0.003590	18.06	1448.096
2164.000000	0.003865	13.99	1509.456
2165.000000	0.003615	13.64	1632.176
2166.000000	0.003651	15.07	1521.728
2167.000000	0.003251	16.88	1570.816
2168.000000	0.004015	15.83	1435.824
2169.000000	0.003994	11.33	1619.904
2170.000000	0.004327	14.89	1472.640
2171.000000	0.003769	18.71	1399.008
2172.000000	0.003839	19.84	1239.472
2173.000000	0.003931	16.67	1460.368
2174.000000	0.003812	19.71	1349.920
2175.000000	0.005105	19.66	1165.840
2176.000000	0.002954	17.81	1472.640
2177.000000	0.003837	9.88	1791.712
2178.000000	0.003433	9.52	2098.512
2179.000000	0.003342	7.58	2245.776
2180.000000	0.003686	4.88	2380.768
2181.000000	0.003324	6.86	2343.952
2182.000000	0.003041	6.55	2613.936
2183.000000	0.003048	11.76	2024.880
2184.000000	0.003406	8.42	2147.600
2185.000000	0.003321	5.05	2528.032
2186.000000	0.002970	4.74	2957.552
2187.000000	0.002797	7.31	2491.216
2188.000000	0.002506	3.45	3436.160
2189.000000	0.002952	2.10	3448.432
2190.000000	0.002372	3.08	3460.704
2191.000000	0.002700	3.64	3252.080
2192.000000	0.002364	2.56	3730.688
2193.000000	0.003360	3.93	2699.840
2194.000000	0.002795	5.53	2724.384
2195.000000	0.002714	3.33	3215.264
2196.000000	0.002593	3.57	3301.168
2197.000000	0.003014	2.72	3068.000
2198.000000	0.002469	3.37	3534.336
2199.000000	0.003239	5.09	2515.760
2200.000000	0.002906	7.44	2429.856
2201.000000	0.003065	4.95	2589.392
2202.000000	0.003002	7.92	2282.592
2203.000000	0.003793	8.28	1902.160
2204.000000	0.003538	8.21	2196.688
2205.000000	0.003406	10.67	1951.248
2206.000000	0.003487	15.79	1570.816
2207.000000	0.003526	14.65	1656.720
2208.000000	0.003527	22.48	1214.928
2209.000000	0.003515	20.00	1325.376
2210.000000	0.003359	14.74	1644.448
2211.000000	0.003327	17.16	1362.192
2212.000000	0.003925	11.32	1718.080
2213.000000	0.003566	13.69	1791.712
2214.000000	0.003374	11.11	1951.248
2215.000000	0.003086	10.40	1902.160
2216.000000	0.003293	6.76	2380.768
2217.000000	0.003190	5.29	2638.480
2218.000000	0.002565	1.24	3902.496
2219.000000	0.002747	3.20	3337.984
2220.000000	0.002516	4.10	3153.904
2221.000000	0.002977	4.35	2699.840
2222.000000	0.003451	4.11	2577.120
2223.000000	0.003033	5.02	2552.576
2224.000000	0.003383	5.61	2478.944
2225.000000	0.003051	7.65	2221.232
2226.000000	0.003400	5.16	2491.216
2227.000000	0.003597	8.33	2024.880
2228.000000	0.003486	9.09	2073.968
2229.000000	0.003996	13.55	1656.720
2230.000000	0.004183	14.00	1583.088
2231.000000	0.003771	10.30	1803.984
2232.000000	0.003794	11.46	1705.808
2233.000000	0.003640	15.19	1644.448
2234.000000	0.004631	12.24	1583.088
2235.000000	0.003581	13.04	1718.080
2236.000000	0.003838	14.94	1607.632
2237.000000	0.004647	18.49	1190.384
2238.000000	0.003702	19.42	1374.464
2239.000000	0.003840	18.12	1399.008
2240.000000	0.004228	27.59	1030.848
2241.000000	0.004121	13.38	1509.456
2242.000000	0.004233	14.08	1497.184
2243.000000	0.004491	18.85	1214.928
2244.000000	0.003418	21.80	1276.288
2245.000000	0.004860	27.18	920.400
2246.000000	0.003352	21.77	1190.384
2247.000000	0.004739	23.73	1092.208
2248.000000	0.004157	19.85	1300.832
2249.000000	0.003666	12.58	1619.904
2250.000000	0.003026	10.99	2073.968
2251.000000	0.003671	10.18	1840.800
2252.000000	0.003698	9.63	2073.968
2253.000000	0.002370	5.79	2798.016
2254.000000	0.002916	6.73	2564.848
2255.000000	0.002782	2.68	3117.088
2256.000000	0.002473	2.73	3485.248
2257.000000	0.002162	2.02	4160.208
2258.000000	0.002382	2.09	3448.432
2259.000000	0.002283	0.85	4282.928
2260.000000	0.001942	1.57	4602.000
2261.000000	0.002209	2.59	4147.936
2262.000000	0.002265	4.48	3141.632
2263.000000	0.002467	3.02	3546.608
2264.000000	0.002927	4.76	2957.552
2265.000000	0.002524	4.58	2798.016
2266.000000	0.003722	5.13	2282.592
2267.000000	0.003592	9.83	1914.432
2268.000000	0.003332	8.81	2147.600
2269.000000	0.004113	17.29	1362.192
2270.000000	0.003537	14.77	1558.544
2271.000000	0.004095	13.51	1558.544
2272.000000	0.003612	9.39	2024.880
2273.000000	0.003234	7.21	2356.224
2274.000000	0.003259	8.74	2061.696
2275.000000	0.002524	5.69	2847.104
2276.000000	0.002120	4.45	3423.888
2277.000000	0.002206	2.55	3742.960
2278.000000	0.002154	2.08	4037.488
2279.000000	0.002153	1.05	4614.272
2280.000000	0.002371	1.97	3657.056
2281.000000	0.002789	2.91	3276.624
2282.000000	0.002249	2.48	3877.952
2283.000000	0.003900	6.94	1975.792
2284.000000	0.003155	5.33	2601.664
2285.000000	0.003428	13.17	1779.440
2286.000000	0.004285	9.86	1583.088
2287.000000	0.003922	15.60	1460.368
2288.000000	0.003325	22.40	1190.384
2289.000000	0.004471	18.90	1264.016
2290.000000	0.004479	13.79	1534.000
2291.000000	0.003737	14.86	1534.000
2292.000000	0.004113	8.70	1803.984
2293.000000	0.003021	4.96	2822.560
2294.000000	0.002667	4.56	3080.272
2295.000000	0.003253	2.47	2908.464
2296.000000	0.002270	2.25	3730.688
2297.000000	0.002765	3.66	3227.536
2298.000000	0.002404	1.54	3927.040
2299.000000	0.002406	1.62	3730.688
2300.000000	0.002686	2.05	3509.792
2301.000000	0.002007	0.75	4847.440
2302.000000	0.001852	0.45	5461.040
2303.000000	0.001575	0.40	6099.184
2304.000000	0.001473	0.18	6761.872
2305.000000	0.001151	0.00	8565.856
2306.000000	0.001086	0.31	7878.624
2307.000000	0.000942	0.00	9608.976
2308.000000	0.001019	0.00	8983.104
2309.000000	0.000951	0.00	9179.456
2310.000000	0.000854	0.00	10063.040
2311.000000	0.000747	0.00	10787.088
2312.000000	0.000650	0.00	11916.112
2313.000000	0.000612	0.00	12578.800
2314.000000	0.000639	0.00	11621.584
2315.000000	0.000527	0.00	13192.400
2316.000000	0.000554	0.00	12480.624
2317.000000	0.000498	0.00	13597.376
2318.000000	0.000473	0.00	13867.360
2319.000000	0.000440	0.00	14800.032
2320.000000	0.000461	0.00	13744.640
2321.000000	0.000479	0.00	13609.648
2322.000000	0.000453	0.00	14174.160
2323.000000	0.000494	0.00	13621.920
2324.000000	0.000489	0.00	13879.632
2325.000000	0.000520	0.00	13057.408
2326.000000	0.000538	0.00	13008.320
2327.000000	0.000611	0.00	11952.928
2328.000000	0.000677	0.00	11425.232
2329.000000	0.000588	0.00	12014.288
2330.000000	0.000609	0.00	12112.464
2331.000000	0.000597	0.00	12370.176
2332.000000	0.000553	0.00	12861.056
2333.000000	0.000539	0.00	13057.408
2334.000000	0.000543	0.00	12885.600
2335.000000	0.000580	0.00	12591.072
2336.000000	0.000514	0.00	14063.712
2337.000000	0.000627	0.00	12173.824
2338.000000	0.000599	0.00	12640.160
2339.000000	0.000702	0.00	11462.048
2340.000000	0.000562	0.00	12750.608
2341.000000	0.000471	0.00	14112.800
2342.000000	0.000476	0.00	13953.264
2343.000000	0.000506	0.00	13302.848
2344.000000	0.000425	0.00	14640.496
2345.000000	0.000448	0.00	14100.528
2346.000000	0.000439	0.00	14296.880
2347.000000	0.000399	0.00	14836.848
2348.000000	0.000413	0.00	14628.224
2349.000000	0.000404	0.00	14971.840
2350.000000	0.000423	0.00	14542.320
2351.000000	0.000413	0.00	14566.864
2352.000000	0.000419	0.00	14628.224
2353.000000	0.000435	0.00	14125.072
2354.000000	0.000397	0.00	14738.672
2355.000000	0.000412	0.00	14591.408
2356.000000	0.000396	0.00	14873.664
2357.000000	0.000458	0.00	14161.888
2358.000000	0.000450	0.00	14026.896
2359.000000	0.000420	0.00	14530.048
2360.000000	0.000426	0.00	14407.328
2361.000000	0.000415	0.00	14689.584
2362.000000	0.000411	0.00	14873.664
2363.000000	0.000400	0.00	14971.840
2364.000000	0.000426	0.00	14345.968
2365.000000	0.000415	0.00	14947.296
2366.000000	0.000393	0.00	15229.552
2367.000000	0.000425	0.00	14358.240
2368.000000	0.000445	0.00	14137.344
2369.000000	0.000454	0.00	14309.152
2370.000000	0.000428	0.00	14358.240
2371.000000	0.000402	0.00	15192.736
2372.000000	0.000407	0.00	14947.296
2373.000000	0.000424	0.00	14530.048
2374.000000	0.000406	0.00	14603.680
2375.000000	0.000405	0.00	14566.864
2376.000000	0.000389	0.00	15045.472
2377.000000	0.000426	0.00	14358.240
2378.000000	0.000436	0.00	14628.224
2379.000000	0.000374	0.00	15008.656
2380.000000	0.000425	0.00	14321.424
2381.000000	0.000390	0.00	15340.000
2382.000000	0.000396	0.00	14824.576
2383.000000	0.000396	0.00	14935.024
2384.000000	0.000379	0.00	15020.928
2385.000000	0.000399	0.00	15057.744
2386.000000	0.000424	0.00	14640.496
2387.000000	0.000421	0.00	14493.232
2388.000000	0.000425	0.00	14395.056
2389.000000	0.000405	0.00	14665.040
2390.000000	0.000408	0.00	14358.240
2391.000000	0.000388	0.00	14935.024
2392.000000	0.000405	0.00	14640.496
2393.000000	0.000395	0.00	14922.752
2394.000000	0.000395	0.00	14861.392
2395.000000	0.000388	0.00	15045.472
2396.000000	0.000434	0.00	14210.976
2397.000000	0.000397	0.00	15057.744
2398.000000	0.000427	0.00	14530.048
2399.000000	0.000428	0.00	14382.784
2400.000000	0.000422	0.00	14984.112
2401.000000	0.000422	0.00	14665.040
2402.000000	0.000427	0.00	14284.608
2403.000000	0.000425	0.00	14542.320
2404.000000	0.000411	0.00	14750.944
2405.000000	0.000463	0.00	13916.448
2406.000000	0.000425	0.00	14456.416
2407.000000	0.000452	0.00	13916.448
2408.000000	0.000452	0.00	14247.792
2409.000000	0.000475	0.00	13695.552
2410.000000	0.000506	0.00	13302.848
2411.000000	0.000499	0.00	13548.288
2412.000000	0.000504	0.00	13339.664
2413.000000	0.000524	0.00	13020.592
2414.000000	0.000552	0.00	12750.608
2415.000000	0.000578	0.00	12603.344
2416.000000	0.000636	0.11	11314.784
2417.000000	0.000667	0.00	11560.224
2418.000000	0.000752	0.00	10762.544
2419.000000	0.000835	0.00	10112.128
2420.000000	0.000799	0.00	10541.648
2421.000000	0.000858	0.00	9829.872
2422.000000	0.000840	0.00	10198.032
2423.000000	0.000807	0.00	10958.896
2424.000000	0.000823	0.12	10075.312
2425.000000	0.000868	0.13	9486.256
2426.000000	0.000887	0.00	9952.592
2427.000000	0.000946	0.00	9670.336
2428.000000	0.001242	0.00	7768.176
2429.000000	0.001153	0.00	8148.608
2430.000000	0.001431	0.00	6896.864
2431.000000	0.001272	0.00	7719.088
2432.000000	0.001475	0.78	6197.360
2433.000000	0.001937	0.00	5534.672
2434.000000	0.001932	0.22	5461.040
2435.000000	0.001734	0.65	5657.392
2436.000000	0.002112	0.78	4675.632
2437.000000	0.002252	2.09	4025.216
2438.000000	0.002376	0.88	4147.936
2439.000000	0.002423	0.54	4491.552
2440.000000	0.002285	2.16	3902.496
2441.000000	0.002154	2.08	4037.488
2442.000000	0.002462	1.23	3963.856
2443.000000	0.002333	2.37	4037.488
2444.000000	0.002987	2.26	3166.176
2445.000000	0.002502	2.65	3620.240
2446.000000	0.002322	2.20	3804.320
2447.000000	0.002285	3.72	3178.448
2448.000000	0.003086	4.51	2859.376
2449.000000	0.002369	2.93	3657.056
2450.000000	0.002141	2.07	4074.304
2451.000000	0.002217	0.25	4945.616
2452.000000	0.001971	1.40	4344.288
2453.000000	0.002011	1.33	4552.912
2454.000000	0.001470	0.19	6553.248
2455.000000	0.001210	0.16	7878.624
2456.000000	0.001311	0.00	7670.000
2457.000000	0.001138	0.00	8479.952
2458.000000	0.001094	0.00	8700.848
2459.000000	0.001014	0.00	8995.376
2460.000000	0.000892	0.00	9891.232
2461.000000	0.000852	0.00	9952.592
2462.000000	0.000745	0.00	10836.176
2463.000000	0.000681	0.00	11449.776
2464.000000	0.000622	0.11	11290.240
2465.000000	0.000559	0.00	13499.200
2466.000000	0.000562	0.00	12824.240
2467.000000	0.000561	0.00	13131.040
2468.000000	0.000510	0.00	13585.104
2469.000000	0.000521	0.00	13057.408
2470.000000	0.000518	0.00	13241.488
2471.000000	0.000484	0.00	13695.552
2472.000000	0.000525	0.00	13008.320
2473.000000	0.000546	0.00	12861.056
2474.000000	0.000546	0.00	12824.240
2475.000000	0.000553	0.00	12640.160
2476.000000	0.000537	0.00	13278.304
2477.000000	0.000577	0.00	12762.880
2478.000000	0.000685	0.00	11228.880
2479.000000	0.000614	0.00	11793.392
2480.000000	0.000567	0.00	12676.976
2481.000000	0.000520	0.00	12971.504
2482.000000	0.000469	0.00	14014.624
2483.000000	0.000445	0.00	13904.176
2484.000000	0.000462	0.00	13830.544
2485.000000	0.000465	0.00	13879.632
2486.000000	0.000419	0.00	14603.680
2487.000000	0.000399	0.00	14885.936
2488.000000	0.000423	0.00	14321.424
2489.000000	0.000426	0.00	14210.976
2490.000000	0.000384	0.00	14971.840
2491.000000	0.000387	0.00	15057.744
2492.000000	0.000411	0.00	14775.488
2493.000000	0.000399	0.00	15254.096
2494.000000	0.000415	0.00	14444.144
2495.000000	0.000434	0.00	14186.432
2496.000000	0.000472	0.00	13793.728
2497.000000	0.000439	0.00	14407.328
2498.000000	0.000479	0.00	13671.008
2499.000000	0.000516	0.00	13020.592
2500.000000	0.000453	0.00	14026.896
2501.000000	0.000476	0.00	13769.184
2502.000000	0.000440	0.00	14088.256
2503.000000	0.000453	0.00	14321.424
2504.000000	0.000467	0.00	13732.368
2505.000000	0.000430	0.00	14198.704
2506.000000	0.000447	0.00	14161.888
2507.000000	0.000462	0.00	13781.456
2508.000000	0.000457	0.00	14039.168
2509.000000	0.000509	0.00	13351.936
2510.000000	0.000481	0.00	13830.544
2511.000000	0.000567	0.00	12652.432
2512.000000	0.000595	0.00	12272.000
2513.000000	0.000747	0.00	10676.640
2514.000000	0.000739	0.00	10762.544
2515.000000	0.000823	0.00	10418.928
2516.000000	0.000784	0.00	10872.992
2517.000000	0.001045	0.00	8848.112
2518.000000	0.001086	0.00	8762.208
2519.000000	0.001193	0.00	7817.264
2520.000000	0.000981	0.00	9253.088
2521.000000	0.000907	0.00	9608.976
2522.000000	0.000729	0.00	11400.688
2523.000000	0.000723	0.00	11081.616
2524.000000	0.000712	0.00	11155.248
2525.000000	0.000575	0.00	12664.704
2526.000000	0.000560	0.00	12652.432
2527.000000	0.000533	0.00	13204.672
2528.000000	0.000531	0.00	12983.776
2529.000000	0.000521	0.00	13008.320
2530.000000	0.000498	0.00	13229.216
2531.000000	0.000485	0.00	13499.200
2532.000000	0.000412	0.00	14787.760
2533.000000	0.000429	0.00	13940.992
2534.000000	0.000414	0.00	14665.040
2535.000000	0.000423	0.00	14480.960
2536.000000	0.000429	0.00	14493.232
2537.000000	0.000407	0.00	14885.936
2538.000000	0.000422	0.00	14554.592
2539.000000	0.000414	0.00	14566.864
2540.000000	0.000439	0.00	13953.264
2541.000000	0.000417	0.00	14628.224
2542.000000	0.000449	0.00	14186.432
2543.000000	0.000473	0.00	13683.280
2544.000000	0.000484	0.00	13781.456
2545.000000	0.000558	0.00	12541.984
2546.000000	0.000538	0.00	12910.144
2547.000000	0.000669	0.00	11547.952
2548.000000	0.000661	0.00	11940.656
2549.000000	0.000693	0.00	11609.312
2550.000000	0.000721	0.00	11253.424
2551.000000	0.000654	0.00	11867.024
2552.000000	0.000692	0.00	11498.864
2553.000000	0.000731	0.00	11118.432
2554.000000	0.000644	0.00	12333.360
2555.000000	0.000689	0.00	11474.320
2556.000000	0.000629	0.00	12198.368
2557.000000	0.000728	0.00	11044.800
2558.000000	0.000775	0.00	10603.008
2559.000000	0.000843	0.00	10259.392
2560.000000	0.000966	0.00	9363.536
2561.000000	0.000963	0.13	9081.280
2562.000000	0.001024	0.00	9314.448
2563.000000	0.001469	0.19	6479.616
2564.000000	0.001580	0.00	6430.528
2565.000000	0.001587	0.42	5866.016
2566.000000	0.001414	0.17	7093.216
2567.000000	0.002053	0.49	5043.792
2568.000000	0.002260	1.47	4086.576
2569.000000	0.002650	0.91	4012.944
2570.000000	0.002713	1.31	3693.872
2571.000000	0.002701	2.51	3350.256
2572.000000	0.002224	2.70	3963.856
2573.000000	0.003297	2.60	2761.200
2574.000000	0.002900	4.18	3092.544
2575.000000	0.002367	2.24	3767.504
2576.000000	0.002414	2.26	3718.416
2577.000000	0.002007	1.59	4565.184
2578.000000	0.002102	0.25	4871.984
2579.000000	0.001989	1.55	4663.360
2580.000000	0.001894	1.31	4651.088
2581.000000	0.001529	0.00	6504.160
2582.000000	0.001524	0.20	6025.552
2583.000000	0.001255	0.00	7989.072
2584.000000	0.001050	0.00	9240.816
2585.000000	0.001210	0.16	7731.360
2586.000000	0.000925	0.00	9682.608
2587.000000	0.000779	0.00	10983.440
2588.000000	0.000764	0.00	10762.544
2589.000000	0.000698	0.00	11584.768
2590.000000	0.000838	0.00	10320.752
2591.000000	0.001028	0.00	8897.200
2592.000000	0.000976	0.13	9400.352
2593.000000	0.001312	0.00	7461.376
2594.000000	0.001428	0.37	6540.976
2595.000000	0.001699	0.00	6148.272
2596.000000	0.001623	0.62	5866.016
2597.000000	0.001724	0.42	5853.744
2598.000000	0.001725	1.45	5006.976
2599.000000	0.002117	0.77	4724.720
2600.000000	0.001772	0.65	5620.576
2601.000000	0.001678	1.14	5338.320
2602.000000	0.001754	0.96	5043.792
2603.000000	0.001510	0.61	6037.824
2604.000000	0.001205	0.33	7375.472
2605.000000	0.001441	0.00	6970.496
2606.000000	0.001280	0.00	7768.176
2607.000000	0.001110	0.00	8565.856
2608.000000	0.001218	0.16	7633.184
2609.000000	0.001310	0.00	7412.288
2610.000000	0.001372	0.17	7301.840
2611.000000	0.001591	0.19	6283.264
2612.000000	0.001571	0.40	6062.368
2613.000000	0.001760	0.21	5853.744
2614.000000	0.001786	0.66	5534.672
2615.000000	0.001840	0.70	5227.872
2616.000000	0.002602	1.31	3706.144
2617.000000	0.002612	1.62	3718.416
2618.000000	0.002327	3.57	3325.712
2619.000000	0.002647	2.99	3178.448
2620.000000	0.003216	1.58	3055.728
2621.000000	0.002781	2.16	3350.256
2622.000000	0.002522	1.93	3730.688
2623.000000	0.002187	3.27	3644.784
2624.000000	0.002284	2.83	3779.776
2625.000000	0.002073	1.69	4270.656
2626.000000	0.002266	3.16	3755.232
2627.000000	0.002041	1.00	4884.256
2628.000000	0.002223	3.51	3374.800
2629.000000	0.002213	1.74	4147.936
2630.000000	0.001868	1.55	4700.176
2631.000000	0.002531	1.92	3767.504
2632.000000	0.002581	0.90	4037.488
2633.000000	0.003007	1.84	3276.624
2634.000000	0.002422	3.79	3411.616
2635.000000	0.002644	3.82	3092.544
2636.000000	0.002903	4.18	3092.544
2637.000000	0.002657	3.82	3092.544
2638.000000	0.002893	3.19	2982.096
2639.000000	0.002835	4.20	2798.016
2640.000000	0.002359	1.60	3767.504
2641.000000	0.002616	2.02	3571.152
2642.000000	0.002744	2.21	3252.080
2643.000000	0.002284	1.82	3976.128
2644.000000	0.002012	0.70	5252.416
2645.000000	0.002512	1.95	3693.872
2646.000000	0.002552	0.97	3779.776
2647.000000	0.001966	0.23	5399.680
2648.000000	0.001724	0.62	5878.288
2649.000000	0.001793	0.44	5583.760
2650.000000	0.001304	0.34	7215.936
2651.000000	0.001321	0.35	6921.408
2652.000000	0.001333	0.00	7535.008
2653.000000	0.001112	0.00	8529.040
2654.000000	0.001189	0.00	7559.552
2655.000000	0.000833	0.00	10774.816
2656.000000	0.001012	0.00	9154.912
2657.000000	0.000768	0.00	11032.528
2658.000000	0.000743	0.00	11155.248
2659.000000	0.000830	0.00	10369.840
2660.000000	0.000852	0.00	10185.760
2661.000000	0.000978	0.00	9302.176
2662.000000	0.001178	0.00	8160.880
2663.000000	0.001361	0.00	7265.024
2664.000000	0.001265	0.50	7277.296
2665.000000	0.001417	0.00	7044.128
2666.000000	0.001964	0.70	5203.328
2667.000000	0.001826	0.72	5092.880
2668.000000	0.001862	0.75	4859.712
2669.000000	0.001837	0.22	5497.856
2670.000000	0.001529	0.57	6467.344
2671.000000	0.001465	0.55	6675.968
2672.000000	0.001459	0.76	6369.168
2673.000000	0.001437	0.18	6700.512
2674.000000	0.001246	0.51	7228.208
2675.000000	0.000907	0.00	10026.224
2676.000000	0.001022	0.00	8983.104
2677.000000	0.000928	0.00	9535.344
2678.000000	0.000869	0.00	9829.872
2679.000000	0.000743	0.00	11057.072
2680.000000	0.000776	0.00	10688.912
2681.000000	0.000656	0.00	12321.088
2682.000000	0.000694	0.00	11314.784
2683.000000	0.000654	0.00	12026.560
2684.000000	0.000732	0.00	10872.992
2685.000000	0.000557	0.00	12861.056
2686.000000	0.000625	0.00	12259.728
2687.000000	0.000618	0.00	11903.840
2688.000000	0.000640	0.00	11658.400
2689.000000	0.000567	0.00	12726.064
2690.000000	0.000539	0.00	12885.600
2691.000000	0.000544	0.00	12627.888
2692.000000	0.000517	0.00	13302.848
2693.000000	0.000458	0.00	14002.352
2694.000000	0.000455	0.00	13916.448
2695.000000	0.000460	0.00	14002.352
2696.000000	0.000425	0.00	14701.856
2697.000000	0.000440	0.00	14272.336
2698.000000	0.000442	0.00	14174.160
2699.000000	0.000435	0.00	14223.248
2700.000000	0.000428	0.00	14382.784
2701.000000	0.000452	0.00	14358.240
2702.000000	0.000429	0.00	14321.424
2703.000000	0.000506	0.00	13253.760
2704.000000	0.000512	0.00	13683.280
2705.000000	0.000606	0.00	12100.192
2706.000000	0.000637	0.00	11928.384
2707.000000	0.000585	0.00	12456.080
2708.000000	0.000707	0.00	11179.792
2709.000000	0.000657	0.00	12075.648
2710.000000	0.000929	0.00	9633.520
2711.000000	0.000835	0.00	10333.024
2712.000000	0.000898	0.00	9756.240
2713.000000	0.000876	0.00	9829.872
2714.000000	0.000970	0.00	9302.176
2715.000000	0.001023	0.00	9007.648
2716.000000	0.001157	0.00	8332.688
2717.000000	0.001342	0.00	7522.736
2718.000000	0.001318	0.17	7117.760
2719.000000	0.001311	0.17	7130.032
2720.000000	0.001251	0.00	7878.624
2721.000000	0.001223	0.00	8025.888
2722.000000	0.001313	0.00	7608.640
2723.000000	0.001290	0.17	7179.120
2724.000000	0.001204	0.00	8381.776
2725.000000	0.001488	0.19	6430.528
2726.000000	0.001411	0.00	7154.576
2727.000000	0.001499	0.19	6295.536
2728.000000	0.001481	0.19	6553.248
2729.000000	0.001663	0.20	6037.824
2730.000000	0.001455	0.00	7056.400
2731.000000	0.001755	0.21	5853.744
2732.000000	0.001959	0.23	5326.048
2733.000000	0.001994	1.75	4123.392
2734.000000	0.002343	2.14	3927.040
2735.000000	0.002326	2.54	3767.504
2736.000000	0.002739	5.22	2896.192
2737.000000	0.003004	2.12	3399.344
2738.000000	0.003350	4.85	2663.024
2739.000000	0.003116	7.18	2208.960
2740.000000	0.003284	7.00	2282.592
2741.000000	0.003408	17.12	1497.184
2742.000000	0.003068	10.93	1988.064
2743.000000	0.003152	16.77	1595.360
2744.000000	0.003607	20.45	1288.560
2745.000000	0.004497	13.38	1509.456
2746.000000	0.004001	8.77	1902.160
2747.000000	0.004030	13.70	1546.272
2748.000000	0.003441	11.67	1951.248
2749.000000	0.003383	5.64	2270.320
2750.000000	0.003741	7.98	2110.784
2751.000000	0.002838	12.02	1975.792
2752.000000	0.004444	12.77	1509.456
2753.000000	0.004302	20.00	1337.648
2754.000000	0.003728	11.80	1742.624
2755.000000	0.003224	12.94	1803.984
2756.000000	0.003557	13.73	1632.176
2757.000000	0.003243	5.69	2429.856
