start, delay, loss random, rate
0.000000	0.000000	0.00	0.000
0.100000	0.000000	0.00	0.000
0.200000	0.000000	0.00	0.000
0.300000	0.000000	0.00	0.000
0.400000	0.000000	0.00	0.000
0.500000	0.000000	0.00	0.000
0.600000	0.000000	0.00	0.000
0.700000	0.000000	0.00	0.000
0.800000	0.000000	0.00	0.000
0.900000	1.251551	0.00	0.000
1.000000	1.254361	98.88	0.000
1.100000	0.000000	100.00	0.000
1.200000	0.000000	100.00	0.000
1.300000	0.000000	100.00	0.000
1.400000	0.000000	100.00	0.000
1.500000	0.000000	100.00	0.000
1.600000	0.000000	100.00	0.000
1.700000	0.000000	100.00	0.000
1.800000	0.000000	100.00	0.000
1.900000	0.000000	100.00	0.000
2.000000	0.000000	100.00	0.000
2.100000	0.000000	100.00	0.000
2.200000	0.042369	50.84	3927.040
2.300000	0.151844	0.00	8835.840
2.400000	0.313778	0.00	9326.720
2.500000	0.455658	15.64	8958.560
2.600000	0.498092	63.48	8099.520
2.700000	0.489494	66.48	7485.920
2.800000	0.486684	58.99	8958.560
2.900000	0.488076	61.45	8467.680
3.000000	0.496731	59.22	9326.720
3.100000	0.498603	64.61	8835.840
3.200000	0.485518	65.92	7485.920
3.300000	0.484175	56.18	9572.160
3.400000	0.491110	63.69	7976.800
3.500000	0.494512	58.99	7854.080
3.600000	0.498458	62.01	8099.520
3.700000	0.496719	62.57	9081.280
3.800000	0.495428	61.80	8344.960
3.900000	0.492572	64.80	7731.360
4.000000	0.489466	55.62	8590.400
4.100000	0.499033	58.10	8467.680
4.200000	0.497299	58.99	8590.400
4.300000	0.494103	63.69	7854.080
4.400000	0.488891	58.66	9081.280
4.500000	0.491587	55.06	8344.960
4.600000	0.499045	59.78	9572.160
4.700000	0.497270	60.67	8590.400
4.800000	0.498159	64.25	8835.840
4.900000	0.495647	59.55	8958.560
5.000000	0.488110	58.66	8958.560
5.100000	0.498612	53.63	9326.720
5.200000	0.498080	67.98	8590.400
5.300000	0.496484	60.89	8222.240
5.400000	0.495733	61.80	9572.160
5.500000	0.493066	63.69	8467.680
5.600000	0.498466	57.30	9326.720
5.700000	0.499181	65.36	7363.200
5.800000	0.494989	63.69	8344.960
5.900000	0.498489	69.66	8222.240
6.000000	0.498387	65.92	8467.680
6.100000	0.499119	62.36	8835.840
6.200000	0.497445	58.10	8222.240
6.300000	0.497774	65.73	7240.480
6.400000	0.497832	65.92	6872.320
6.500000	0.498316	62.01	7485.920
6.600000	0.500148	69.66	8222.240
6.700000	0.499147	62.01	9081.280
6.800000	0.496668	67.42	7608.640
6.900000	0.497637	62.57	7485.920
7.000000	0.497267	67.98	8344.960
7.100000	0.499445	61.45	6626.880
7.200000	0.496379	63.13	8222.240
7.300000	0.491090	60.67	7854.080
7.400000	0.494131	59.78	7485.920
7.500000	0.496143	64.04	6995.040
7.600000	0.499657	64.25	8713.120
7.700000	0.497805	60.11	7854.080
7.800000	0.498962	74.30	8835.840
7.900000	0.495253	68.72	9081.280
8.000000	0.492805	59.55	7485.920
8.100000	0.498468	59.22	7854.080
8.200000	0.498856	65.17	8713.120
8.300000	0.498686	60.89	6258.720
8.400000	0.489610	60.11	6626.880
8.500000	0.498183	66.48	8958.560
8.600000	0.497702	58.10	8344.960
8.700000	0.499035	61.24	8099.520
8.800000	0.493918	58.66	8713.120
8.900000	0.497370	65.17	8222.240
9.000000	0.491992	60.89	7608.640
9.100000	0.499095	67.42	8835.840
9.200000	0.498556	67.04	8713.120
9.300000	0.499024	64.80	9204.000
9.400000	0.498482	72.47	8099.520
9.500000	0.496154	65.92	7608.640
9.600000	0.498696	69.10	7976.800
9.700000	0.492192	57.54	6381.440
9.800000	0.499697	68.54	7854.080
9.900000	0.499079	66.48	6626.880
10.000000	0.497790	68.72	7731.360
10.100000	0.497197	67.42	6136.000
10.200000	0.499462	67.60	9081.280
10.300000	0.500085	74.16	7117.760
10.400000	0.498569	65.36	7117.760
10.500000	0.499408	70.79	7240.480
10.600000	0.499863	73.74	6749.600
10.700000	0.498644	67.60	7117.760
10.800000	0.499026	66.85	5522.400
10.900000	0.498485	65.92	7731.360
11.000000	0.497118	64.61	6258.720
11.100000	0.499784	69.83	5890.560
11.200000	0.498650	72.47	7363.200
11.300000	0.498998	67.04	7117.760
11.400000	0.498357	66.48	7363.200
11.500000	0.497276	63.48	7608.640
11.600000	0.496061	59.78	6749.600
11.700000	0.497244	67.98	6381.440
11.800000	0.494630	59.22	7117.760
11.900000	0.495587	62.92	6995.040
12.000000	0.498759	69.27	8958.560
12.100000	0.498131	63.69	7976.800
12.200000	0.499292	71.35	7117.760
12.300000	0.497107	64.80	8713.120
12.400000	0.498012	69.66	8835.840
12.500000	0.499396	70.39	6258.720
12.600000	0.498672	76.40	7731.360
12.700000	0.499579	70.39	7240.480
12.800000	0.500192	79.89	6749.600
12.900000	0.494237	79.78	6626.880
13.000000	0.499824	69.83	6749.600
13.100000	0.495992	75.28	5154.240
13.200000	0.500325	74.86	6381.440
13.300000	0.499223	85.96	4295.200
13.400000	0.496449	78.77	4540.640
13.500000	0.498588	69.83	6504.160
13.600000	0.500003	73.60	5399.680
13.700000	0.499043	73.74	5522.400
13.800000	0.501204	84.27	3681.600
13.900000	0.496950	77.65	4295.200
14.000000	0.496024	69.66	6504.160
14.100000	0.500919	82.68	5767.840
14.200000	0.498720	69.27	5645.120
14.300000	0.497829	71.91	3558.880
14.400000	0.498634	70.39	4908.800
14.500000	0.499132	68.54	6504.160
14.600000	0.498864	83.24	3804.320
14.700000	0.498341	74.72	6872.320
14.800000	0.498316	74.30	6626.880
14.900000	0.498270	87.15	6136.000
15.000000	0.501112	81.46	6626.880
15.100000	0.501448	87.71	3681.600
15.200000	0.505364	94.94	6013.280
15.300000	0.502044	88.27	5276.960
15.400000	0.495704	67.42	2822.560
15.500000	0.492733	75.98	4172.480
15.600000	0.500133	81.56	2454.400
15.700000	0.500331	76.40	1227.200
15.800000	0.500171	82.68	2454.400
15.900000	0.501570	83.15	8958.560
16.000000	0.495704	82.68	3804.320
16.100000	0.500672	78.09	3681.600
16.200000	0.500575	84.92	5154.240
16.300000	0.498144	77.65	3804.320
16.400000	0.499904	78.65	3681.600
16.500000	0.495622	88.27	3927.040
16.600000	0.497620	88.76	5031.520
16.700000	0.500965	83.24	3068.000
16.800000	0.500633	86.52	4908.800
16.900000	0.501829	86.03	4540.640
17.000000	0.502319	94.41	3313.440
17.100000	0.500587	83.71	1840.800
17.200000	0.500682	84.92	3681.600
17.300000	0.500713	81.46	2945.280
17.400000	0.501494	80.45	3068.000
17.500000	0.501777	86.52	1227.200
17.600000	0.499169	82.68	3436.160
17.700000	0.502940	83.80	3436.160
17.800000	0.500836	86.52	4049.760
17.900000	0.502519	88.83	4417.920
18.000000	0.498081	82.58	2945.280
18.100000	0.501587	82.12	3558.880
18.200000	0.497101	78.65	3558.880
18.300000	0.498676	74.30	2945.280
18.400000	0.500409	78.21	2577.120
18.500000	0.500247	86.52	3804.320
18.600000	0.499227	81.01	3804.320
18.700000	0.501326	93.26	4663.360
18.800000	0.500517	77.65	5645.120
18.900000	0.498209	83.15	4786.080
19.000000	0.498772	86.03	3068.000
19.100000	0.500189	87.15	4172.480
19.200000	0.503180	97.75	1718.080
19.300000	0.501981	91.06	5276.960
19.400000	0.499792	86.52	3068.000
19.500000	0.502304	93.30	3313.440
19.600000	0.498467	89.89	2454.400
19.700000	0.501124	78.77	613.600
19.800000	0.501346	91.62	2208.960
19.900000	0.501005	85.39	2699.840
20.000000	0.500806	87.71	1349.920
20.100000	0.498681	88.20	2331.680
20.200000	0.502219	87.71	4663.360
20.300000	0.499735	84.83	1840.800
20.400000	0.500976	84.92	3068.000
20.500000	0.499771	82.68	2822.560
20.600000	0.501182	89.89	2577.120
20.700000	0.502566	94.41	2577.120
20.800000	0.499281	87.08	3436.160
20.900000	0.499819	81.56	3436.160
21.000000	0.502185	88.76	3558.880
21.100000	0.496252	79.89	2331.680
21.200000	0.499677	85.47	1104.480
21.300000	0.504135	93.26	2822.560
21.400000	0.498996	79.33	4049.760
21.500000	0.499946	88.20	2699.840
21.600000	0.501113	93.30	4295.200
21.700000	0.500060	92.13	3190.720
21.800000	0.502047	84.36	1349.920
21.900000	0.502533	91.06	4663.360
22.000000	0.499540	82.02	2454.400
22.100000	0.499376	86.03	1595.360
22.200000	0.501712	91.01	1595.360
22.300000	0.501772	91.06	3436.160
22.400000	0.499634	89.33	2208.960
22.500000	0.499026	85.47	3804.320
22.600000	0.500010	86.03	3190.720
22.700000	0.506059	92.70	1840.800
22.800000	0.500342	85.47	1963.520
22.900000	0.503324	92.13	2454.400
23.000000	0.503198	92.18	3068.000
23.100000	0.501840	90.45	3068.000
23.200000	0.502005	92.74	1472.640
23.300000	0.500222	88.27	3436.160
23.400000	0.502951	91.01	1472.640
23.500000	0.499651	93.30	1840.800
23.600000	0.500675	87.64	2331.680
23.700000	0.500061	86.59	1472.640
23.800000	0.500852	91.57	2454.400
23.900000	0.500959	88.83	1840.800
24.000000	0.499692	88.27	1472.640
24.100000	0.501969	89.33	2945.280
24.200000	0.502314	89.39	2822.560
24.300000	0.500761	85.39	1840.800
24.400000	0.502504	91.62	2454.400
24.500000	0.499804	86.52	2577.120
24.600000	0.500069	89.94	2331.680
24.700000	0.500589	94.97	2331.680
24.800000	0.503704	92.13	3068.000
24.900000	0.499534	88.83	1840.800
25.000000	0.499710	93.82	2945.280
25.100000	0.500118	89.94	2331.680
25.200000	0.502051	89.33	1104.480
25.300000	0.501457	88.27	1595.360
25.400000	0.507604	98.32	2577.120
25.500000	0.502428	89.33	1349.920
25.600000	0.508363	94.97	2086.240
25.700000	0.502790	96.07	2699.840
25.800000	0.505246	94.41	2331.680
25.900000	0.501964	91.57	368.160
26.000000	0.500939	94.41	2208.960
26.100000	0.502205	85.47	1227.200
26.200000	0.501546	93.26	859.040
26.300000	0.503149	93.85	1104.480
26.400000	0.503806	92.70	1963.520
26.500000	0.503805	93.30	1349.920
26.600000	0.502795	95.51	3068.000
26.700000	0.505967	93.85	1472.640
26.800000	0.505049	93.30	1349.920
26.900000	0.503027	97.19	1595.360
27.000000	0.504417	97.21	1472.640
27.100000	0.502790	92.70	859.040
27.200000	0.501333	92.18	1595.360
27.300000	0.505794	97.19	1227.200
27.400000	0.501844	90.50	736.320
27.500000	0.502325	92.18	613.600
27.600000	0.511384	97.19	1472.640
27.700000	0.501450	88.83	1840.800
27.800000	0.501676	91.57	613.600
27.900000	0.500879	92.18	2086.240
28.000000	0.501457	88.76	1718.080
28.100000	0.501286	92.74	490.880
28.200000	0.508268	95.53	2577.120
28.300000	0.502034	91.01	1840.800
28.400000	0.501671	96.09	1718.080
28.500000	0.502771	93.82	2454.400
28.600000	0.502313	94.41	1595.360
28.700000	0.500435	97.19	981.760
28.800000	0.502621	93.30	1963.520
28.900000	0.499773	96.09	859.040
29.000000	0.498532	94.94	1227.200
29.100000	0.503216	94.97	1227.200
29.200000	0.506325	96.07	736.320
29.300000	0.506213	94.41	1349.920
29.400000	0.505138	96.63	981.760
29.500000	0.506926	97.21	1104.480
29.600000	0.502891	95.53	1104.480
29.700000	0.508579	96.63	859.040
29.800000	0.502829	96.09	1227.200
29.900000	0.502455	97.19	613.600
30.000000	0.504401	97.77	736.320
30.100000	0.515434	98.31	981.760
30.200000	0.502865	93.85	736.320
30.300000	0.505516	97.21	859.040
30.400000	0.505198	96.63	613.600
30.500000	0.504071	94.97	490.880
30.600000	0.502000	95.51	368.160
30.700000	0.501705	91.06	1227.200
30.800000	0.501801	97.19	736.320
30.900000	0.498349	94.97	736.320
31.000000	0.500919	94.97	1104.480
31.100000	0.503538	98.31	981.760
31.200000	0.501843	94.41	1840.800
31.300000	0.507221	96.07	736.320
31.400000	0.502364	97.21	1104.480
31.500000	0.507335	97.19	1104.480
31.600000	0.501836	94.97	368.160
31.700000	0.503085	92.74	1227.200
31.800000	0.502729	97.75	859.040
31.900000	0.500706	95.53	490.880
32.000000	0.506070	96.07	613.600
32.100000	0.502177	93.30	1227.200
32.200000	0.508526	96.63	1595.360
32.300000	0.503367	96.65	490.880
32.400000	0.511796	96.09	981.760
32.500000	0.503458	98.31	736.320
32.600000	0.503448	95.53	1595.360
32.700000	0.499366	95.51	613.600
32.800000	0.500184	96.09	859.040
32.900000	0.502595	94.38	736.320
33.000000	0.509706	98.88	490.880
33.100000	0.500849	92.18	859.040
33.200000	0.500757	97.75	1104.480
33.300000	0.504608	95.53	859.040
33.400000	0.503262	96.07	1227.200
33.500000	0.499942	95.53	245.440
33.600000	0.499887	98.31	1718.080
33.700000	0.501762	96.65	490.880
33.800000	0.499975	97.21	981.760
33.900000	0.499314	97.19	859.040
34.000000	0.497341	96.09	859.040
34.100000	0.502428	98.31	490.880
34.200000	0.503966	97.21	736.320
34.300000	0.500823	96.63	613.600
34.400000	0.502426	97.77	613.600
34.500000	0.509140	97.21	859.040
34.600000	0.500645	98.88	368.160
34.700000	0.500367	99.44	613.600
34.800000	0.501197	98.31	736.320
34.900000	0.502641	98.88	490.880
35.000000	0.503731	97.19	613.600
35.100000	0.510510	98.32	245.440
35.200000	0.503161	98.88	122.720
35.300000	0.509148	98.31	368.160
35.400000	0.505185	98.88	245.440
35.500000	0.504983	97.75	613.600
35.600000	0.501271	97.21	245.440
35.700000	0.518398	98.88	368.160
35.800000	0.505384	97.21	245.440
35.900000	0.506637	97.77	368.160
36.000000	0.503974	97.19	490.880
36.100000	0.517920	98.88	613.600
36.200000	0.503094	97.75	122.720
36.300000	0.506832	98.32	736.320
36.400000	0.506377	98.31	490.880
36.500000	0.000000	100.00	613.600
36.600000	0.502337	97.77	245.440
36.700000	0.506571	98.88	490.880
36.800000	0.501416	98.32	368.160
36.900000	0.499946	98.31	368.160
37.000000	0.504040	97.77	0.000
37.100000	0.499737	98.88	490.880
37.200000	0.501655	98.32	245.440
37.300000	0.508104	98.32	368.160
37.400000	0.505693	98.88	368.160
37.500000	0.507232	98.88	490.880
37.600000	0.000000	100.00	245.440
37.700000	0.503633	97.77	368.160
37.800000	0.501806	98.88	368.160
37.900000	0.504084	97.77	122.720
38.000000	0.502766	96.65	368.160
38.100000	0.502141	99.44	0.000
38.200000	0.515257	99.44	490.880
38.300000	0.501254	98.88	245.440
38.400000	0.500088	98.88	490.880
38.500000	0.000000	100.00	736.320
38.600000	0.505452	97.21	122.720
38.700000	0.513265	99.44	122.720
38.800000	0.502322	98.31	245.440
38.900000	0.500065	98.88	245.440
39.000000	0.505240	97.75	0.000
39.100000	0.497198	99.44	613.600
39.200000	0.000000	100.00	122.720
39.300000	0.500278	98.88	368.160
39.400000	0.503993	98.32	245.440
39.500000	0.505733	98.88	490.880
39.600000	0.516830	98.88	122.720
39.700000	0.502295	98.88	0.000
39.800000	0.500363	99.44	245.440
39.900000	0.513961	98.88	368.160
40.000000	0.000000	100.00	122.720
40.100000	0.506721	98.88	368.160
40.200000	0.507161	99.44	245.440
40.300000	0.502015	99.44	122.720
40.400000	0.501398	99.44	122.720
40.500000	0.501083	99.44	122.720
40.600000	0.000000	100.00	122.720
40.700000	0.504371	98.88	245.440
40.800000	0.000000	100.00	122.720
40.900000	0.000000	100.00	0.000
41.000000	0.509018	99.44	245.440
41.100000	0.502081	98.88	0.000
41.200000	0.000000	100.00	245.440
41.300000	0.507060	99.44	0.000
41.400000	0.000000	100.00	0.000
41.500000	0.509675	97.77	122.720
41.600000	0.000000	100.00	245.440
41.700000	0.524464	99.44	0.000
41.800000	0.503129	99.44	122.720
41.900000	0.511660	98.88	0.000
42.000000	0.498932	99.44	368.160
42.100000	0.516237	99.44	122.720
42.200000	0.000000	100.00	122.720
42.300000	0.000000	100.00	122.720
42.400000	0.000000	100.00	245.440
42.500000	0.507706	99.44	122.720
42.600000	0.000000	100.00	122.720
42.700000	0.000000	100.00	0.000
42.800000	0.000000	100.00	0.000
42.900000	0.000000	100.00	0.000
43.000000	0.000000	100.00	0.000
43.100000	0.500640	99.44	122.720
43.200000	0.000000	100.00	0.000
43.300000	0.000000	100.00	0.000
43.400000	0.000000	100.00	0.000
43.500000	0.000000	100.00	0.000
43.600000	0.000000	100.00	122.720
43.700000	0.000000	100.00	0.000
43.800000	0.000000	100.00	0.000
43.900000	0.000000	100.00	0.000
44.000000	0.000000	100.00	0.000
44.100000	0.000000	100.00	0.000
44.200000	0.504948	99.44	0.000
44.300000	0.000000	100.00	0.000
44.400000	0.000000	100.00	0.000
44.500000	0.499498	99.44	0.000
44.600000	0.000000	100.00	0.000
44.700000	0.500101	99.44	122.720
44.800000	0.000000	100.00	0.000
44.900000	0.000000	100.00	0.000
45.000000	0.000000	100.00	122.720
45.100000	0.000000	100.00	0.000
45.200000	0.000000	100.00	122.720
45.300000	0.000000	100.00	0.000
45.400000	0.000000	100.00	0.000
45.500000	0.000000	100.00	0.000
45.600000	0.000000	100.00	0.000
45.700000	0.000000	100.00	0.000
45.800000	0.000000	100.00	0.000
45.900000	0.000000	100.00	0.000
46.000000	0.000000	100.00	0.000
46.100000	0.000000	100.00	0.000
46.200000	0.502086	99.44	0.000
46.300000	0.000000	100.00	0.000
46.400000	0.000000	100.00	0.000
46.500000	0.000000	100.00	0.000
46.600000	0.000000	100.00	0.000
46.700000	0.000000	100.00	122.720
46.800000	0.000000	100.00	0.000
46.900000	0.000000	100.00	0.000
47.000000	0.000000	100.00	0.000
47.100000	0.000000	100.00	0.000
47.200000	0.000000	100.00	0.000
47.300000	0.000000	100.00	0.000
47.400000	0.000000	100.00	0.000
47.500000	0.000000	100.00	0.000
47.600000	0.000000	100.00	0.000
47.700000	0.000000	100.00	0.000
47.800000	0.000000	100.00	0.000
47.900000	0.000000	100.00	0.000
48.000000	0.000000	100.00	0.000
48.100000	0.000000	100.00	0.000
48.200000	0.000000	100.00	0.000
48.300000	0.000000	100.00	0.000
48.400000	0.000000	100.00	0.000
48.500000	0.000000	100.00	0.000
48.600000	0.000000	100.00	0.000
48.700000	0.000000	100.00	0.000
48.800000	0.000000	100.00	0.000
48.900000	0.000000	100.00	0.000
49.000000	0.000000	100.00	0.000
49.100000	0.000000	100.00	0.000
49.200000	0.000000	100.00	0.000
49.300000	0.000000	100.00	0.000
49.400000	0.000000	100.00	0.000
49.500000	0.000000	100.00	0.000
49.600000	0.000000	100.00	0.000
49.700000	0.000000	100.00	0.000
49.800000	0.000000	100.00	0.000
49.900000	0.000000	100.00	0.000
50.000000	0.000000	100.00	0.000
50.100000	0.000000	100.00	0.000
50.200000	0.000000	100.00	0.000
50.300000	0.000000	100.00	0.000
50.400000	0.000000	100.00	0.000
50.500000	0.000000	100.00	0.000
50.600000	0.000000	100.00	0.000
50.700000	0.000000	100.00	0.000
50.800000	0.000000	100.00	0.000
50.900000	0.000000	100.00	0.000
51.000000	0.000000	100.00	0.000
51.100000	0.000000	100.00	0.000
51.200000	0.000000	100.00	0.000
51.300000	0.000000	100.00	0.000
51.400000	0.000000	100.00	0.000
51.500000	0.000000	100.00	0.000
51.600000	0.000000	100.00	0.000
51.700000	0.000000	100.00	0.000
51.800000	0.000000	100.00	0.000
51.900000	0.000000	100.00	0.000
52.000000	0.000000	100.00	0.000
52.100000	0.000000	100.00	0.000
52.200000	0.000000	100.00	0.000
52.300000	0.519385	99.44	0.000
52.400000	0.502867	99.44	0.000
52.500000	0.503124	99.44	0.000
52.600000	0.000000	100.00	0.000
52.700000	0.000000	100.00	0.000
52.800000	0.000000	100.00	122.720
52.900000	0.000000	100.00	122.720
53.000000	0.000000	100.00	122.720
53.100000	0.000000	100.00	0.000
53.200000	0.000000	100.00	0.000
53.300000	0.000000	100.00	0.000
53.400000	0.000000	100.00	0.000
53.500000	0.000000	100.00	0.000
53.600000	0.000000	100.00	0.000
53.700000	0.506630	99.44	0.000
53.800000	0.000000	100.00	0.000
53.900000	0.000000	100.00	0.000
54.000000	0.000000	100.00	0.000
54.100000	0.000000	100.00	0.000
54.200000	0.000000	100.00	122.720
54.300000	0.504233	99.44	0.000
54.400000	0.000000	100.00	0.000
54.500000	0.500488	99.44	0.000
54.600000	0.000000	100.00	0.000
54.700000	0.000000	100.00	0.000
54.800000	0.000000	100.00	122.720
54.900000	0.000000	100.00	0.000
55.000000	0.000000	100.00	122.720
55.100000	0.000000	100.00	0.000
55.200000	0.503135	99.44	0.000
55.300000	0.000000	100.00	0.000
55.400000	0.504930	99.44	0.000
55.500000	0.501806	99.44	0.000
55.600000	0.000000	100.00	0.000
55.700000	0.513732	99.44	0.000
55.800000	0.499104	99.44	122.720
55.900000	0.000000	100.00	122.720
56.000000	0.000000	100.00	122.720
56.100000	0.000000	100.00	0.000
56.200000	0.000000	100.00	122.720
56.300000	0.500050	99.44	122.720
56.400000	0.000000	100.00	0.000
56.500000	0.000000	100.00	0.000
56.600000	0.501463	98.32	0.000
56.700000	0.516524	99.44	0.000
56.800000	0.503592	98.88	122.720
56.900000	0.000000	100.00	0.000
57.000000	0.000000	100.00	0.000
57.100000	0.502109	99.44	368.160
57.200000	0.502699	99.44	122.720
57.300000	0.000000	100.00	245.440
57.400000	0.000000	100.00	0.000
57.500000	0.000000	100.00	0.000
57.600000	0.000000	100.00	122.720
57.700000	0.505066	98.88	122.720
57.800000	0.000000	100.00	0.000
57.900000	0.000000	100.00	0.000
58.000000	0.000000	100.00	0.000
58.100000	0.501765	99.44	0.000
58.200000	0.000000	100.00	245.440
58.300000	0.502256	98.32	0.000
58.400000	0.000000	100.00	0.000
58.500000	0.511078	99.44	0.000
58.600000	0.000000	100.00	122.720
58.700000	0.503210	98.32	0.000
58.800000	0.500063	99.44	368.160
58.900000	0.000000	100.00	0.000
59.000000	0.498819	98.32	122.720
59.100000	0.000000	100.00	0.000
59.200000	0.000000	100.00	368.160
59.300000	0.499240	98.88	122.720
59.400000	0.510408	97.21	0.000
59.500000	0.000000	100.00	368.160
59.600000	0.000000	100.00	0.000
59.700000	0.510952	99.44	0.000
59.800000	0.507142	98.88	245.440
59.900000	0.504251	98.88	490.880
60.000000	0.000000	100.00	122.720
60.100000	0.515951	98.88	0.000
60.200000	0.506729	99.44	0.000
60.300000	0.502717	99.44	368.160
60.400000	0.000000	100.00	245.440
60.500000	0.498791	98.88	0.000
60.600000	0.500402	98.32	245.440
60.700000	0.500725	98.88	122.720
60.800000	0.509773	98.88	122.720
60.900000	0.500383	97.77	0.000
61.000000	0.500620	98.88	245.440
61.100000	0.000000	100.00	368.160
61.200000	0.000000	100.00	245.440
61.300000	0.000000	100.00	368.160
61.400000	0.000000	100.00	368.160
61.500000	0.499808	98.88	245.440
61.600000	0.503618	97.77	0.000
61.700000	0.501314	98.88	0.000
61.800000	0.503450	98.32	0.000
61.900000	0.509581	97.75	0.000
62.000000	0.502130	98.32	245.440
62.100000	0.501610	99.44	490.880
62.200000	0.500246	97.21	245.440
62.300000	0.502275	98.32	368.160
62.400000	0.508493	99.44	490.880
62.500000	0.502116	98.88	368.160
62.600000	0.504736	96.07	122.720
62.700000	0.504197	99.44	613.600
62.800000	0.502997	97.19	368.160
62.900000	0.500776	99.44	122.720
63.000000	0.510289	98.88	245.440
63.100000	0.503579	97.75	736.320
63.200000	0.508495	98.32	245.440
63.300000	0.502293	98.31	613.600
63.400000	0.500416	97.21	122.720
63.500000	0.505825	96.07	245.440
63.600000	0.502988	96.65	490.880
63.700000	0.501681	97.21	368.160
63.800000	0.505874	97.19	368.160
63.900000	0.499464	96.65	613.600
64.000000	0.502335	97.19	859.040
64.100000	0.502950	96.09	736.320
64.200000	0.000000	100.00	613.600
64.300000	0.504492	98.32	613.600
64.400000	0.501086	97.77	613.600
64.500000	0.502982	97.75	736.320
64.600000	0.499821	99.44	859.040
64.700000	0.507992	97.19	0.000
64.800000	0.500023	98.32	368.160
64.900000	0.503784	97.19	490.880
65.000000	0.505774	97.21	490.880
65.100000	0.506443	96.65	122.720
65.200000	0.505150	98.31	490.880
65.300000	0.502371	97.21	490.880
65.400000	0.501015	95.51	613.600
65.500000	0.504461	97.77	613.600
65.600000	0.499978	98.88	613.600
65.700000	0.506210	97.21	490.880
65.800000	0.499905	97.21	613.600
65.900000	0.505199	94.94	859.040
66.000000	0.506166	96.65	490.880
66.100000	0.502120	96.63	368.160
66.200000	0.503121	96.09	490.880
66.300000	0.503065	93.82	736.320
66.400000	0.502801	94.41	981.760
66.500000	0.501960	96.09	736.320
66.600000	0.500779	90.45	859.040
66.700000	0.513086	98.88	859.040
66.800000	0.500704	96.07	1349.920
66.900000	0.503448	93.85	1104.480
67.000000	0.500648	96.63	981.760
67.100000	0.505935	96.09	2086.240
67.200000	0.501432	88.27	245.440
67.300000	0.505694	97.75	859.040
67.400000	0.501991	94.97	1349.920
67.500000	0.507010	96.07	736.320
67.600000	0.504254	98.32	859.040
67.700000	0.506309	97.75	2577.120
67.800000	0.500770	93.30	490.880
67.900000	0.502304	95.53	1104.480
68.000000	0.501822	99.44	859.040
68.100000	0.502148	93.30	368.160
68.200000	0.500246	98.31	490.880
68.300000	0.502640	89.94	1472.640
68.400000	0.506512	97.19	981.760
68.500000	0.506681	96.09	122.720
68.600000	0.501678	95.53	1472.640
68.700000	0.507403	97.19	368.160
68.800000	0.501230	94.41	2208.960
68.900000	0.503086	93.82	490.880
69.000000	0.503626	96.65	981.760
69.100000	0.500388	96.07	981.760
69.200000	0.502468	90.50	613.600
69.300000	0.502403	93.30	1104.480
69.400000	0.503576	95.51	1472.640
69.500000	0.500130	94.97	736.320
69.600000	0.502450	96.07	859.040
69.700000	0.501674	92.18	2086.240
69.800000	0.507313	93.26	1472.640
69.900000	0.502043	94.97	859.040
70.000000	0.504080	92.74	1227.200
70.100000	0.502889	94.94	859.040
70.200000	0.501663	94.41	1595.360
70.300000	0.502630	93.26	1472.640
70.400000	0.504232	96.09	1227.200
70.500000	0.506658	94.94	1472.640
70.600000	0.501017	94.97	1104.480
70.700000	0.501917	91.62	1227.200
70.800000	0.503799	94.38	1595.360
70.900000	0.502007	90.50	859.040
71.000000	0.500561	91.01	981.760
71.100000	0.501032	95.53	1227.200
71.200000	0.501580	89.89	1840.800
71.300000	0.502857	89.94	1227.200
71.400000	0.499636	92.18	1963.520
71.500000	0.501444	93.26	2086.240
71.600000	0.504898	94.41	981.760
71.700000	0.500940	92.13	2086.240
71.800000	0.502352	96.09	2331.680
71.900000	0.501074	88.76	1595.360
72.000000	0.503372	96.09	1595.360
72.100000	0.504993	93.30	1349.920
72.200000	0.507008	94.94	1595.360
72.300000	0.502410	91.06	859.040
72.400000	0.500522	94.38	2454.400
72.500000	0.499761	88.83	736.320
72.600000	0.503140	92.13	1718.080
72.700000	0.501019	87.15	981.760
72.800000	0.501959	90.50	1840.800
72.900000	0.504336	93.82	1349.920
73.000000	0.500574	92.18	2454.400
73.100000	0.503098	93.26	1595.360
73.200000	0.502837	92.74	2945.280
73.300000	0.500795	91.01	1963.520
73.400000	0.499178	93.30	1472.640
73.500000	0.502513	87.71	1718.080
73.600000	0.503005	96.63	1349.920
73.700000	0.505111	93.30	1718.080
73.800000	0.504243	93.82	1840.800
73.900000	0.504266	91.62	1595.360
74.000000	0.501161	89.89	2699.840
74.100000	0.501954	87.15	736.320
74.200000	0.500337	86.03	1349.920
74.300000	0.499981	78.65	1472.640
74.400000	0.504760	95.53	1718.080
74.500000	0.501538	89.89	2331.680
74.600000	0.503036	94.41	2699.840
74.700000	0.506800	96.07	3190.720
74.800000	0.501596	88.27	4663.360
74.900000	0.502694	89.94	981.760
75.000000	0.500329	86.52	2086.240
75.100000	0.501893	89.39	1227.200
75.200000	0.500242	93.82	859.040
75.300000	0.501941	86.03	2577.120
75.400000	0.500925	85.96	2208.960
75.500000	0.500868	86.59	3190.720
75.600000	0.502534	93.30	2208.960
75.700000	0.501401	88.20	1349.920
75.800000	0.508073	96.65	3068.000
75.900000	0.501776	91.01	3068.000
76.000000	0.504161	89.94	2822.560
76.100000	0.504082	94.38	1472.640
76.200000	0.500460	88.27	2577.120
76.300000	0.502297	91.62	736.320
76.400000	0.500830	91.01	1963.520
76.500000	0.502069	90.50	2331.680
76.600000	0.501329	91.01	1104.480
76.700000	0.502331	87.71	2699.840
76.800000	0.501694	90.45	1840.800
76.900000	0.500761	93.30	1840.800
77.000000	0.501298	91.06	2086.240
77.100000	0.500520	91.57	1963.520
77.200000	0.501664	95.53	2822.560
77.300000	0.503257	91.01	2086.240
77.400000	0.498985	82.12	1472.640
77.500000	0.503775	89.89	1840.800
77.600000	0.501558	93.30	1963.520
77.700000	0.500157	81.56	981.760
77.800000	0.501657	87.64	1840.800
77.900000	0.501840	85.47	4049.760
78.000000	0.501504	83.71	2086.240
78.100000	0.501309	90.50	1472.640
78.200000	0.500429	94.94	4172.480
78.300000	0.502631	91.62	2699.840
78.400000	0.500654	87.15	3068.000
78.500000	0.501195	88.20	3558.880
78.600000	0.500854	92.18	2086.240
78.700000	0.508519	98.31	1227.200
78.800000	0.500616	84.36	1718.080
78.900000	0.500478	80.34	2822.560
79.000000	0.500605	82.12	2577.120
79.100000	0.499794	80.45	1840.800
79.200000	0.500662	77.53	368.160
79.300000	0.500085	72.07	3436.160
79.400000	0.502778	91.57	4172.480
79.500000	0.499434	83.80	4049.760
79.600000	0.501140	88.76	4295.200
79.700000	0.500271	88.27	4908.800
79.800000	0.501854	86.59	6136.000
79.900000	0.496439	86.52	1963.520
80.000000	0.500125	75.42	3436.160
80.100000	0.500668	84.27	2454.400
80.200000	0.500508	79.89	2577.120
80.300000	0.499880	83.15	2822.560
80.400000	0.500942	84.92	3068.000
80.500000	0.498444	86.59	5276.960
80.600000	0.497433	81.46	3436.160
80.700000	0.501073	86.59	4663.360
80.800000	0.500325	75.28	3558.880
80.900000	0.499198	78.77	3681.600
81.000000	0.501506	83.15	2699.840
81.100000	0.498231	87.15	3927.040
81.200000	0.502890	88.27	2945.280
81.300000	0.500236	75.84	5767.840
81.400000	0.499574	82.12	4540.640
81.500000	0.501822	93.82	3313.440
81.600000	0.499755	87.71	2945.280
81.700000	0.500027	76.40	2454.400
81.800000	0.501553	88.83	5276.960
81.900000	0.503157	89.39	4295.200
82.000000	0.494816	87.64	1595.360
82.100000	0.500170	95.53	2086.240
82.200000	0.498178	69.66	5154.240
82.300000	0.500633	89.39	2577.120
82.400000	0.497622	79.78	2945.280
82.500000	0.498582	77.65	2086.240
82.600000	0.499051	81.56	1840.800
82.700000	0.499285	80.90	5767.840
82.800000	0.501256	76.54	2331.680
82.900000	0.496760	84.27	4417.920
83.000000	0.499167	78.77	4908.800
83.100000	0.498370	82.58	4172.480
83.200000	0.502401	86.03	4172.480
83.300000	0.499864	75.98	4908.800
83.400000	0.496207	73.60	3681.600
83.500000	0.501221	86.59	4417.920
83.600000	0.499455	83.15	3927.040
83.700000	0.501777	86.03	3068.000
83.800000	0.503062	82.02	5154.240
83.900000	0.508185	97.21	5890.560
84.000000	0.496760	75.98	2822.560
84.100000	0.497884	64.04	3804.320
84.200000	0.500987	79.89	3313.440
84.300000	0.498684	73.03	3558.880
84.400000	0.499219	74.86	613.600
84.500000	0.500286	80.90	5890.560
84.600000	0.493700	65.92	7363.200
84.700000	0.496039	68.16	4417.920
84.800000	0.499119	84.83	5767.840
84.900000	0.498101	79.89	5522.400
85.000000	0.498512	71.35	4417.920
85.100000	0.499305	84.36	7731.360
85.200000	0.491817	91.01	6872.320
85.300000	0.500851	84.36	3068.000
85.400000	0.499054	81.01	4417.920
85.500000	0.494169	63.48	6626.880
85.600000	0.498171	70.95	3068.000
85.700000	0.493977	75.84	1963.520
85.800000	0.500228	81.56	3436.160
85.900000	0.500226	71.35	4663.360
86.000000	0.497107	74.86	7485.920
86.100000	0.498943	69.83	6995.040
86.200000	0.492571	63.48	4663.360
86.300000	0.498380	67.60	3927.040
86.400000	0.499076	65.17	6258.720
86.500000	0.496393	64.25	5522.400
86.600000	0.496678	67.42	6749.600
86.700000	0.495937	64.25	7854.080
86.800000	0.495820	62.01	7854.080
86.900000	0.498594	71.91	7117.760
87.000000	0.497127	68.72	7731.360
87.100000	0.496258	68.54	7240.480
87.200000	0.499148	64.80	7854.080
87.300000	0.497257	69.66	8222.240
87.400000	0.500107	69.83	6504.160
87.500000	0.493064	61.45	7363.200
87.600000	0.492351	69.10	6381.440
87.700000	0.499517	70.95	8099.520
87.800000	0.497013	62.36	5767.840
87.900000	0.500289	75.42	6872.320
88.000000	0.499008	65.73	9572.160
88.100000	0.475200	64.80	5522.400
88.200000	0.462499	53.63	6258.720
88.300000	0.480617	56.74	8467.680
88.400000	0.496597	58.66	5645.120
88.500000	0.498845	61.24	7363.200
88.600000	0.497775	65.36	11167.520
88.700000	0.480633	61.80	8467.680
88.800000	0.477921	60.89	8467.680
88.900000	0.485521	81.01	7976.800
89.000000	0.498084	62.92	8713.120
89.100000	0.498256	65.92	9081.280
89.200000	0.498474	65.73	9326.720
89.300000	0.494127	64.80	7854.080
89.400000	0.487597	60.67	2331.680
89.500000	0.499282	67.60	8344.960
89.600000	0.500199	69.83	7485.920
89.700000	0.496555	64.04	7485.920
89.800000	0.486349	62.01	8222.240
89.900000	0.494562	63.48	7976.800
90.000000	0.499173	65.92	6995.040
90.100000	0.498718	72.07	6872.320
90.200000	0.498725	71.35	7854.080
90.300000	0.498212	64.25	8835.840
90.400000	0.488465	64.61	7363.200
90.500000	0.491903	53.07	7485.920
90.600000	0.499574	63.48	6013.280
90.700000	0.498184	65.36	6381.440
90.800000	0.498715	64.80	8467.680
90.900000	0.492405	61.80	8344.960
91.000000	0.498406	68.72	8958.560
91.100000	0.499313	61.80	8222.240
91.200000	0.493216	58.66	7608.640
91.300000	0.497277	59.55	7731.360
91.400000	0.495420	63.13	8344.960
91.500000	0.496923	60.34	7117.760
91.600000	0.499655	63.48	8099.520
91.700000	0.498673	66.48	9204.000
91.800000	0.498271	67.42	8467.680
91.900000	0.492882	58.10	8958.560
92.000000	0.490215	61.24	7731.360
92.100000	0.498909	62.01	8099.520
92.200000	0.492972	63.69	7363.200
92.300000	0.491486	55.62	7485.920
92.400000	0.497472	62.57	9326.720
92.500000	0.494348	63.48	8099.520
92.600000	0.498074	59.78	8099.520
92.700000	0.498814	61.24	9081.280
92.800000	0.497539	63.69	8958.560
92.900000	0.495125	60.34	8222.240
93.000000	0.495360	62.36	8222.240
93.100000	0.494109	63.69	8467.680
93.200000	0.499784	63.48	8344.960
93.300000	0.497580	61.45	8344.960
93.400000	0.496271	62.36	8958.560
93.500000	0.493065	63.13	8099.520
93.600000	0.496152	66.48	7485.920
93.700000	0.499183	60.67	8467.680
93.800000	0.499084	65.92	8590.400
93.900000	0.492965	58.99	7608.640
94.000000	0.490608	56.98	9204.000
94.100000	0.485495	57.87	6258.720
94.200000	0.498984	59.22	8590.400
94.300000	0.497762	63.69	7608.640
94.400000	0.498186	59.55	10063.040
94.500000	0.498673	63.13	9449.440
94.600000	0.493128	60.67	7854.080
94.700000	0.499140	56.42	9449.440
94.800000	0.498900	67.42	7731.360
94.900000	0.497401	59.22	8958.560
95.000000	0.496537	60.89	7854.080
95.100000	0.498290	57.30	9081.280
95.200000	0.499241	63.13	9204.000
95.300000	0.497163	60.11	6995.040
95.400000	0.498620	58.10	8958.560
95.500000	0.491067	57.87	8713.120
95.600000	0.497244	58.66	9326.720
95.700000	0.498483	58.10	7976.800
95.800000	0.498043	63.48	8835.840
95.900000	0.498751	56.42	9694.880
96.000000	0.498744	61.80	9326.720
96.100000	0.497608	60.34	8222.240
96.200000	0.498703	56.74	9326.720
96.300000	0.497822	60.34	8344.960
96.400000	0.498602	60.34	9326.720
96.500000	0.498661	64.61	8467.680
96.600000	0.492396	59.22	8835.840
96.700000	0.494796	59.55	9081.280
96.800000	0.496662	59.78	9081.280
96.900000	0.497728	59.55	8467.680
97.000000	0.496193	57.54	7854.080
97.100000	0.498684	62.01	9694.880
97.200000	0.499196	66.85	8099.520
97.300000	0.498836	60.34	8713.120
97.400000	0.499311	64.04	9081.280
97.500000	0.497525	63.13	8958.560
97.600000	0.498210	58.99	8467.680
97.700000	0.498591	64.80	7117.760
97.800000	0.497835	58.66	8713.120
97.900000	0.498095	56.74	8099.520
98.000000	0.496641	59.78	8344.960
98.100000	0.488846	55.62	8713.120
98.200000	0.498058	61.45	7854.080
98.300000	0.496217	58.43	8835.840
98.400000	0.497938	56.98	9326.720
98.500000	0.499379	59.78	9694.880
98.600000	0.497882	70.22	9081.280
98.700000	0.484873	56.42	8467.680
98.800000	0.499364	61.80	9694.880
98.900000	0.498552	60.34	8590.400
99.000000	0.498887	60.67	8835.840
99.100000	0.497474	58.66	7976.800
99.200000	0.494812	63.13	8099.520
99.300000	0.496452	56.74	8713.120
99.400000	0.498800	64.80	8344.960
99.500000	0.499673	62.92	9081.280
99.600000	0.499669	67.04	8713.120
99.700000	0.495813	59.55	9081.280
99.800000	0.492551	57.54	8222.240
