start, delay, loss random, rate
0.000000	0.000000	0.00	0.000
0.500000	0.006824	0.00	0.000
1.000000	0.063959	0.90	17352.608
1.500000	0.187743	0.00	17524.416
2.000000	0.428991	40.43	13008.320
2.500000	0.495517	59.91	9032.192
3.000000	0.493541	60.47	8639.488
3.500000	0.495314	60.13	8688.576
4.000000	0.496839	61.81	8639.488
4.500000	0.497475	62.22	8467.680
5.000000	0.497916	63.49	8173.152
5.500000	0.491592	59.13	8344.960
6.000000	0.495467	61.03	8614.944
6.500000	0.496591	62.04	8565.856
7.000000	0.495905	63.83	8320.416
7.500000	0.494908	59.57	8025.888
8.000000	0.497640	64.35	8737.664
8.500000	0.498465	66.52	7804.992
9.000000	0.494943	61.48	7363.200
9.500000	0.498539	66.52	8418.592
10.000000	0.495972	62.60	7338.656
10.500000	0.497654	63.16	8320.416
11.000000	0.497270	63.94	7927.712
11.500000	0.498430	71.19	8001.344
12.000000	0.497522	67.97	6258.720
12.500000	0.498926	68.31	7019.584
13.000000	0.499542	79.28	6896.864
13.500000	0.499746	79.96	4565.184
14.000000	0.499768	84.55	4368.832
14.500000	0.499530	81.86	3436.160
15.000000	0.499056	78.36	4025.216
15.500000	0.498640	80.74	4663.360
16.000000	0.500015	82.75	4197.024
16.500000	0.499448	79.17	3779.776
17.000000	0.500087	81.41	4565.184
17.500000	0.499339	79.06	4074.304
18.000000	0.500745	86.79	4589.728
18.500000	0.500447	86.21	2945.280
19.000000	0.498813	82.42	2969.824
19.500000	0.499297	83.43	4000.672
20.000000	0.500832	90.03	3485.248
20.500000	0.500451	88.02	2208.960
21.000000	0.501704	90.59	2601.664
21.500000	0.500845	85.44	2086.240
22.000000	0.501950	90.36	3166.176
22.500000	0.501763	89.70	2135.328
23.000000	0.501087	88.24	2258.048
23.500000	0.502269	91.38	2577.120
24.000000	0.502253	92.83	1889.888
24.500000	0.501747	92.61	1570.816
25.000000	0.503032	92.72	1619.904
25.500000	0.501797	92.15	1595.360
26.000000	0.502125	93.28	1693.536
26.500000	0.502793	92.83	1497.184
27.000000	0.502785	93.28	1546.272
27.500000	0.501614	93.28	1497.184
28.000000	0.503034	96.19	1448.096
28.500000	0.504477	95.63	859.040
29.000000	0.504838	95.74	957.216
29.500000	0.502749	93.28	932.672
30.000000	0.502749	94.85	1448.096
30.500000	0.502895	95.52	1153.568
31.000000	0.502402	96.30	981.760
31.500000	0.502148	95.07	809.952
32.000000	0.502452	96.64	1079.936
32.500000	0.502963	95.63	736.320
33.000000	0.502642	96.64	957.216
33.500000	0.504158	96.42	736.320
34.000000	0.503104	96.53	785.408
34.500000	0.503843	97.09	760.864
35.000000	0.504674	98.54	613.600
35.500000	0.506412	97.65	343.616
36.000000	0.502996	97.42	515.424
36.500000	0.505574	98.77	564.512
37.000000	0.504329	98.88	269.984
37.500000	0.501827	98.77	245.440
38.000000	0.503953	98.43	269.984
38.500000	0.502011	98.54	319.072
39.000000	0.502093	98.99	343.616
39.500000	0.513717	99.89	220.896
40.000000	0.507486	99.44	24.544
40.500000	0.503395	99.33	122.720
41.000000	0.502719	99.66	147.264
41.500000	0.506113	99.44	73.632
42.000000	0.505769	99.22	122.720
42.500000	0.513095	99.89	171.808
43.000000	0.506425	99.78	24.544
43.500000	0.502598	99.66	24.544
44.000000	0.499553	99.89	98.176
44.500000	0.508609	99.55	24.544
45.000000	0.503282	99.89	98.176
45.500000	0.000000	100.00	24.544
46.000000	0.518759	99.89	0.000
46.500000	0.000000	100.00	24.544
47.000000	0.000000	100.00	0.000
47.500000	0.000000	100.00	0.000
48.000000	0.000000	100.00	0.000
48.500000	0.513046	99.89	0.000
49.000000	0.502177	99.89	24.544
49.500000	0.500074	99.89	24.544
50.000000	0.500584	99.89	24.544
50.500000	0.000000	100.00	24.544
51.000000	0.000000	100.00	0.000
51.500000	0.502481	99.89	0.000
52.000000	0.505326	99.89	24.544
52.500000	0.501011	99.66	24.544
53.000000	0.000000	100.00	73.632
53.500000	0.000000	100.00	0.000
54.000000	0.000000	100.00	0.000
54.500000	0.000000	100.00	0.000
55.000000	0.000000	100.00	0.000
55.500000	0.501150	99.44	0.000
56.000000	0.511181	99.89	122.720
56.500000	0.505278	99.22	24.544
57.000000	0.499487	99.89	171.808
57.500000	0.508900	99.66	24.544
58.000000	0.504962	99.55	73.632
58.500000	0.507834	99.33	98.176
59.000000	0.504914	99.66	147.264
59.500000	0.506269	99.10	73.632
60.000000	0.503030	98.32	196.352
60.500000	0.503435	98.43	368.160
61.000000	0.501038	99.33	343.616
61.500000	0.502548	98.54	147.264
62.000000	0.505372	97.65	319.072
62.500000	0.503393	97.65	490.880
63.000000	0.503357	97.65	539.968
63.500000	0.502113	98.10	515.424
64.000000	0.502057	96.30	417.248
64.500000	0.503427	97.09	809.952
65.000000	0.504802	97.31	638.144
65.500000	0.503012	96.30	589.056
66.000000	0.502099	96.19	809.952
66.500000	0.501897	96.19	834.496
67.000000	0.503536	95.52	834.496
67.500000	0.503800	95.41	981.760
68.000000	0.503063	94.17	981.760
68.500000	0.502406	94.40	1300.832
69.000000	0.503093	94.96	1227.200
69.500000	0.502042	93.51	1129.024
70.000000	0.502186	92.95	1399.008
70.500000	0.501694	95.30	1546.272
71.000000	0.503374	94.96	1006.304
71.500000	0.502822	92.60	1129.024
72.000000	0.502492	90.15	1619.904
72.500000	0.503489	93.39	2135.328
73.000000	0.501699	90.82	1448.096
73.500000	0.501349	91.15	2012.608
74.000000	0.502342	92.50	1988.064
74.500000	0.502095	90.82	1619.904
75.000000	0.501507	92.83	2012.608
75.500000	0.501172	89.03	1546.272
76.000000	0.500622	89.14	2429.856
76.500000	0.501690	88.13	2380.768
77.000000	0.500480	86.79	2601.664
77.500000	0.501251	87.57	2896.192
78.000000	0.500476	86.67	2724.384
78.500000	0.500078	86.66	2920.736
79.000000	0.501770	86.67	2896.192
79.500000	0.500125	86.23	2920.736
80.000000	0.501517	89.25	3043.456
80.500000	0.500107	84.88	2356.224
81.000000	0.499931	84.32	3288.896
81.500000	0.499889	80.29	3460.704
82.000000	0.499856	82.06	4295.200
82.500000	0.499426	82.42	3927.040
83.000000	0.499784	82.19	3853.408
83.500000	0.498122	73.91	3927.040
84.000000	0.500719	82.42	5718.752
84.500000	0.499665	80.07	3828.864
85.000000	0.498750	75.48	4393.376
85.500000	0.499916	81.50	5350.592
86.000000	0.499069	72.34	4098.848
86.500000	0.497457	70.44	6111.456
87.000000	0.497357	64.17	6504.160
87.500000	0.497667	66.07	7927.712
88.000000	0.493379	69.76	7510.464
88.500000	0.494302	64.84	6455.072
89.000000	0.488970	61.10	8148.608
89.500000	0.488781	63.72	8001.344
90.000000	0.481006	61.25	7976.800
90.500000	0.496346	63.38	8492.224
91.000000	0.494113	63.83	8050.432
91.500000	0.496426	61.70	7903.168
92.000000	0.497714	64.39	8394.048
92.500000	0.497132	63.16	7780.448
93.000000	0.497580	60.65	8050.432
93.500000	0.496733	61.48	8688.576
94.000000	0.498020	60.25	8443.136
94.500000	0.496970	60.47	8713.120
95.000000	0.498391	63.61	8688.576
95.500000	0.498490	63.83	7927.712
96.000000	0.497638	62.49	7927.712
96.500000	0.496395	59.64	8443.136
97.000000	0.497086	58.90	8639.488
97.500000	0.497844	61.59	9007.648
98.000000	0.497641	61.37	8467.680
98.500000	0.498050	59.69	8394.048
99.000000	0.497522	59.80	8811.296
