start, delay, loss random, rate
0.000000	0.000000	0.00	0.000
0.100000	0.000000	0.00	0.000
0.200000	0.000000	0.00	0.000
0.300000	0.000000	0.00	0.000
0.400000	0.000000	0.00	0.000
0.500000	0.000000	0.00	0.000
0.600000	0.000000	0.00	0.000
0.700000	0.000000	0.00	0.000
0.800000	0.000000	0.00	0.000
0.900000	0.006824	0.00	0.000
1.000000	0.014762	4.49	16321.760
1.100000	0.038647	0.00	17671.680
1.200000	0.063347	0.00	17548.960
1.300000	0.087962	0.00	17548.960
1.400000	0.112873	0.00	17671.680
1.500000	0.138605	0.00	17426.240
1.600000	0.163189	0.00	17426.240
1.700000	0.187799	0.00	17548.960
1.800000	0.212040	0.00	17671.680
1.900000	0.237358	0.00	17548.960
2.000000	0.326012	0.00	17671.680
2.100000	0.460647	20.79	17303.520
2.200000	0.499040	54.75	13621.920
2.300000	0.495319	63.13	8590.400
2.400000	0.489272	63.48	7854.080
2.500000	0.489036	59.78	8835.840
2.600000	0.494368	56.18	9204.000
2.700000	0.500079	58.10	10185.760
2.800000	0.497232	64.04	8222.240
2.900000	0.497029	61.45	8713.120
3.000000	0.490272	62.01	8467.680
3.100000	0.487894	58.43	8958.560
3.200000	0.499505	60.89	9449.440
3.300000	0.496614	61.80	7731.360
3.400000	0.493731	59.22	8590.400
3.500000	0.497180	61.80	8835.840
3.600000	0.494437	62.57	8222.240
3.700000	0.498438	58.10	8713.120
3.800000	0.492801	58.99	8713.120
3.900000	0.493685	59.22	8958.560
4.000000	0.493868	61.24	8099.520
4.100000	0.497573	64.80	8958.560
4.200000	0.499208	58.43	8467.680
4.300000	0.498168	62.01	9572.160
4.400000	0.495243	62.57	8099.520
4.500000	0.497484	61.24	8958.560
4.600000	0.497439	63.13	7363.200
4.700000	0.499674	62.92	8958.560
4.800000	0.498101	59.22	8835.840
4.900000	0.494471	64.61	8222.240
5.000000	0.495914	63.13	7976.800
5.100000	0.498320	64.80	8099.520
5.200000	0.498733	53.93	8344.960
5.300000	0.499548	66.48	8713.120
5.400000	0.496860	69.10	7731.360
5.500000	0.479613	60.89	8099.520
5.600000	0.482774	57.87	8222.240
5.700000	0.498646	61.45	9572.160
5.800000	0.498805	60.34	7363.200
5.900000	0.497855	55.06	8467.680
6.000000	0.497929	62.57	8835.840
6.100000	0.488137	67.98	7608.640
6.200000	0.494057	56.42	8099.520
6.300000	0.497996	58.43	8713.120
6.400000	0.497907	59.78	9817.600
6.500000	0.497927	63.69	8344.960
6.600000	0.494065	60.11	8344.960
6.700000	0.494935	61.45	8099.520
6.800000	0.497966	62.36	9326.720
6.900000	0.498302	62.57	8713.120
7.000000	0.493744	64.04	7976.800
7.100000	0.492736	58.10	9326.720
7.200000	0.497066	61.45	7731.360
7.300000	0.498636	67.42	8590.400
7.400000	0.498319	68.16	7976.800
7.500000	0.498688	57.87	9449.440
7.600000	0.487441	64.25	7854.080
7.700000	0.493480	56.74	8099.520
7.800000	0.495961	58.66	7117.760
7.900000	0.498096	60.34	7608.640
8.000000	0.499596	65.73	8590.400
8.100000	0.496483	62.57	8958.560
8.200000	0.494681	60.67	8344.960
8.300000	0.499184	67.60	9081.280
8.400000	0.498860	65.17	8713.120
8.500000	0.499146	63.13	7731.360
8.600000	0.498218	67.04	8590.400
8.700000	0.497535	64.61	8099.520
8.800000	0.499031	71.51	6872.320
8.900000	0.498454	66.29	7731.360
9.000000	0.497646	60.34	8344.960
9.100000	0.495420	65.17	7363.200
9.200000	0.488400	61.45	7363.200
9.300000	0.497145	60.89	6872.320
9.400000	0.495997	59.55	6872.320
9.500000	0.499590	66.48	9204.000
9.600000	0.497450	64.61	6995.040
9.700000	0.499113	69.27	9449.440
9.800000	0.498999	62.92	7731.360
9.900000	0.497516	69.27	8713.120
10.000000	0.499224	60.34	7485.920
10.100000	0.495641	66.29	7485.920
10.200000	0.495082	61.45	6995.040
10.300000	0.493067	58.43	7976.800
10.400000	0.497062	66.48	6749.600
10.500000	0.497999	58.43	8590.400
10.600000	0.498683	64.25	8713.120
10.700000	0.494529	64.25	8222.240
10.800000	0.498996	66.29	8590.400
10.900000	0.498073	62.57	7485.920
11.000000	0.498006	64.61	8590.400
11.100000	0.499152	64.25	7731.360
11.200000	0.493577	64.04	7731.360
11.300000	0.497990	62.57	7731.360
11.400000	0.497601	64.25	7854.080
11.500000	0.498734	71.91	8222.240
11.600000	0.499336	69.83	7608.640
11.700000	0.496631	65.73	7731.360
11.800000	0.497677	72.07	8222.240
11.900000	0.500408	76.40	8222.240
12.000000	0.499558	63.13	5767.840
12.100000	0.499560	72.63	7117.760
12.200000	0.498277	64.61	8099.520
12.300000	0.492134	66.48	5154.240
12.400000	0.498388	73.03	5154.240
12.500000	0.498816	65.92	7854.080
12.600000	0.499402	66.85	6381.440
12.700000	0.497725	63.13	7363.200
12.800000	0.498599	68.16	7485.920
12.900000	0.500843	77.53	6013.280
13.000000	0.501502	91.06	7240.480
13.100000	0.499512	71.91	7240.480
13.200000	0.499967	78.77	8344.960
13.300000	0.498195	73.60	6749.600
13.400000	0.500053	81.01	4908.800
13.500000	0.501254	87.15	2086.240
13.600000	0.499850	72.47	6136.000
13.700000	0.500488	81.01	4540.640
13.800000	0.499038	74.16	5767.840
13.900000	0.498548	84.92	4295.200
14.000000	0.499998	85.39	2699.840
14.100000	0.500934	79.33	6013.280
14.200000	0.501174	92.18	4786.080
14.300000	0.497575	80.34	5031.520
14.400000	0.500074	85.47	3313.440
14.500000	0.502577	92.70	3558.880
14.600000	0.501150	79.89	4295.200
14.700000	0.500868	85.96	2208.960
14.800000	0.499709	83.80	3804.320
14.900000	0.497215	67.04	3313.440
15.000000	0.500102	84.27	1472.640
15.100000	0.499661	69.27	4417.920
15.200000	0.498365	67.42	3068.000
15.300000	0.500189	79.33	4295.200
15.400000	0.494760	91.57	6872.320
15.500000	0.496493	74.30	2945.280
15.600000	0.500527	85.47	7117.760
15.700000	0.500044	87.08	6872.320
15.800000	0.498936	78.77	4786.080
15.900000	0.498799	78.09	1595.360
16.000000	0.500034	79.33	5522.400
16.100000	0.503187	87.64	3313.440
16.200000	0.499968	77.65	2699.840
16.300000	0.498012	88.83	4663.360
16.400000	0.499197	80.34	4786.080
16.500000	0.498281	74.86	4786.080
16.600000	0.500081	73.60	2454.400
16.700000	0.502407	89.94	5031.520
16.800000	0.497980	75.28	2454.400
16.900000	0.500512	82.12	4172.480
17.000000	0.499228	71.51	5522.400
17.100000	0.500991	85.96	5890.560
17.200000	0.500150	82.12	2086.240
17.300000	0.501041	84.27	5399.680
17.400000	0.499837	83.24	3927.040
17.500000	0.498127	74.72	6258.720
17.600000	0.500514	80.45	3190.720
17.700000	0.500945	82.12	3804.320
17.800000	0.497495	80.34	3436.160
17.900000	0.500002	77.65	3681.600
18.000000	0.500522	82.58	5522.400
18.100000	0.501143	86.59	4295.200
18.200000	0.502292	84.83	3927.040
18.300000	0.500185	94.41	4786.080
18.400000	0.499251	85.47	4417.920
18.500000	0.499571	80.90	3804.320
18.600000	0.501348	91.62	3068.000
18.700000	0.499291	76.97	3190.720
18.800000	0.505989	94.97	1227.200
18.900000	0.501023	86.52	3436.160
19.000000	0.499206	84.36	3927.040
19.100000	0.497271	83.80	1840.800
19.200000	0.499559	77.53	5031.520
19.300000	0.500362	85.47	1104.480
19.400000	0.497745	80.90	2945.280
19.500000	0.498706	73.74	3558.880
19.600000	0.498788	80.34	3558.880
19.700000	0.501542	91.06	5031.520
19.800000	0.497924	87.15	3068.000
19.900000	0.500823	84.83	4786.080
20.000000	0.501242	90.50	5031.520
20.100000	0.500889	88.20	4417.920
20.200000	0.500177	86.03	1840.800
20.300000	0.500627	92.70	2822.560
20.400000	0.501669	92.74	3313.440
20.500000	0.501546	93.85	2208.960
20.600000	0.502357	86.52	2454.400
20.700000	0.500129	82.68	3068.000
20.800000	0.497101	84.83	1718.080
20.900000	0.503498	92.18	1595.360
21.000000	0.502727	89.33	1349.920
21.100000	0.502580	94.41	2822.560
21.200000	0.501582	96.09	3927.040
21.300000	0.500556	80.90	3190.720
21.400000	0.502536	92.18	1718.080
21.500000	0.500995	83.71	2331.680
21.600000	0.499967	86.03	1349.920
21.700000	0.499976	80.34	859.040
21.800000	0.501457	88.83	4172.480
21.900000	0.502551	88.27	1718.080
22.000000	0.502328	93.82	3558.880
22.100000	0.501941	92.74	2945.280
22.200000	0.501886	85.39	4663.360
22.300000	0.503014	88.27	2086.240
22.400000	0.500303	91.57	2577.120
22.500000	0.501114	85.47	1349.920
22.600000	0.504720	95.53	1718.080
22.700000	0.501402	88.20	3190.720
22.800000	0.501438	94.41	2454.400
22.900000	0.501912	84.83	1963.520
23.000000	0.500672	89.94	3068.000
23.100000	0.500555	85.39	1104.480
23.200000	0.500766	86.03	2577.120
23.300000	0.503187	91.62	1227.200
23.400000	0.500983	88.20	3313.440
23.500000	0.501361	92.18	2208.960
23.600000	0.504837	92.70	3068.000
23.700000	0.501312	88.27	3190.720
23.800000	0.502880	89.33	1718.080
23.900000	0.501049	94.41	2699.840
24.000000	0.501083	93.30	1718.080
24.100000	0.501742	89.33	1472.640
24.200000	0.508518	96.09	2699.840
24.300000	0.503956	92.70	2331.680
24.400000	0.499004	92.74	1227.200
24.500000	0.502429	95.51	1472.640
24.600000	0.501689	89.94	2208.960
24.700000	0.502352	91.06	859.040
24.800000	0.499996	93.26	1718.080
24.900000	0.502322	93.30	1595.360
25.000000	0.502435	86.52	981.760
25.100000	0.498745	97.77	2086.240
25.200000	0.506818	94.94	2086.240
25.300000	0.505853	93.85	1472.640
25.400000	0.501055	90.50	1472.640
25.500000	0.499962	96.63	2945.280
25.600000	0.501241	87.15	490.880
25.700000	0.500425	89.33	981.760
25.800000	0.501325	91.62	1349.920
25.900000	0.509934	96.07	2208.960
26.000000	0.504286	94.41	736.320
26.100000	0.501928	97.21	2699.840
26.200000	0.502143	91.01	2454.400
26.300000	0.501178	92.18	1840.800
26.400000	0.501613	91.57	736.320
26.500000	0.503947	91.06	1349.920
26.600000	0.501630	94.38	613.600
26.700000	0.504877	94.97	1840.800
26.800000	0.499618	94.41	1840.800
26.900000	0.503118	89.33	1840.800
27.000000	0.502754	92.74	1840.800
27.100000	0.505070	95.51	1227.200
27.200000	0.502361	92.74	1227.200
27.300000	0.500803	91.01	1227.200
27.400000	0.504722	94.41	2208.960
27.500000	0.500374	96.65	1718.080
27.600000	0.500882	88.20	859.040
27.700000	0.502164	94.41	1595.360
27.800000	0.501000	93.26	2086.240
27.900000	0.503858	93.85	1227.200
28.000000	0.507160	98.31	736.320
28.100000	0.499898	96.65	2577.120
28.200000	0.505534	96.09	1227.200
28.300000	0.503532	94.94	1349.920
28.400000	0.501308	94.97	1349.920
28.500000	0.502169	91.57	490.880
28.600000	0.509130	97.77	736.320
28.700000	0.506310	94.94	736.320
28.800000	0.505872	97.21	1227.200
28.900000	0.503236	96.65	1104.480
29.000000	0.501893	97.19	1718.080
29.100000	0.509131	96.09	490.880
29.200000	0.505502	95.51	1227.200
29.300000	0.505736	96.65	613.600
29.400000	0.502670	93.26	736.320
29.500000	0.503699	92.18	613.600
29.600000	0.505075	96.09	736.320
29.700000	0.504215	93.82	1104.480
29.800000	0.501357	92.74	736.320
29.900000	0.500909	91.57	1472.640
30.000000	0.501461	96.09	1595.360
30.100000	0.503004	89.89	981.760
30.200000	0.505063	97.21	1349.920
30.300000	0.501998	96.09	1472.640
30.400000	0.502537	94.94	1840.800
30.500000	0.501579	96.65	859.040
30.600000	0.502005	93.26	2208.960
30.700000	0.503869	97.21	736.320
30.800000	0.503349	94.94	859.040
30.900000	0.504099	95.53	1104.480
31.000000	0.498112	94.97	736.320
31.100000	0.503957	96.07	1472.640
31.200000	0.506475	96.65	613.600
31.300000	0.500220	97.75	1104.480
31.400000	0.504120	96.09	981.760
31.500000	0.503035	93.82	1104.480
31.600000	0.501246	96.09	859.040
31.700000	0.502007	97.21	613.600
31.800000	0.502714	95.51	613.600
31.900000	0.501588	92.74	859.040
32.000000	0.502870	96.07	1349.920
32.100000	0.502545	96.65	859.040
32.200000	0.505241	97.75	613.600
32.300000	0.500474	97.21	1104.480
32.400000	0.501858	95.53	1472.640
32.500000	0.500133	98.88	859.040
32.600000	0.503015	95.53	736.320
32.700000	0.502600	93.26	490.880
32.800000	0.502493	93.30	613.600
32.900000	0.506015	97.19	981.760
33.000000	0.501649	96.65	245.440
33.100000	0.504039	98.32	981.760
33.200000	0.501998	94.38	1472.640
33.300000	0.504402	97.77	1472.640
33.400000	0.502809	96.07	613.600
33.500000	0.514659	98.88	736.320
33.600000	0.501730	97.75	368.160
33.700000	0.502345	97.21	1227.200
33.800000	0.502427	95.53	368.160
33.900000	0.505052	92.70	981.760
34.000000	0.502070	95.53	245.440
34.100000	0.500898	97.75	368.160
34.200000	0.504462	95.53	736.320
34.300000	0.502716	97.75	981.760
34.400000	0.504214	96.09	1595.360
34.500000	0.501959	96.65	981.760
34.600000	0.503954	96.07	490.880
34.700000	0.507598	97.77	981.760
34.800000	0.501333	99.44	490.880
34.900000	0.503595	95.53	859.040
35.000000	0.501672	98.88	736.320
35.100000	0.502543	99.44	859.040
35.200000	0.514028	98.88	368.160
35.300000	0.500547	98.88	245.440
35.400000	0.504288	96.65	859.040
35.500000	0.512884	98.31	245.440
35.600000	0.514386	98.88	245.440
35.700000	0.503557	95.51	122.720
35.800000	0.504798	97.77	368.160
35.900000	0.504893	97.77	736.320
36.000000	0.512086	98.88	245.440
36.100000	0.502711	96.09	368.160
36.200000	0.502422	97.75	859.040
36.300000	0.502380	97.21	490.880
36.400000	0.500836	97.19	613.600
36.500000	0.505479	98.88	245.440
36.600000	0.508144	97.77	736.320
36.700000	0.000000	100.00	613.600
36.800000	0.503547	98.32	613.600
36.900000	0.503570	98.88	613.600
37.000000	0.502795	98.88	245.440
37.100000	0.506838	97.19	490.880
37.200000	0.500510	99.44	0.000
37.300000	0.502471	99.44	368.160
37.400000	0.500532	99.44	245.440
37.500000	0.500910	97.21	245.440
37.600000	0.506776	98.88	613.600
37.700000	0.500615	98.88	122.720
37.800000	0.500724	99.44	122.720
37.900000	0.500043	99.44	122.720
38.000000	0.501495	99.44	613.600
38.100000	0.505196	97.75	245.440
38.200000	0.504567	98.88	245.440
38.300000	0.501026	98.31	122.720
38.400000	0.505215	97.77	122.720
38.500000	0.500776	99.44	122.720
38.600000	0.502308	98.32	490.880
38.700000	0.500278	97.21	245.440
38.800000	0.505122	98.31	368.160
38.900000	0.501694	99.44	368.160
39.000000	0.000000	100.00	245.440
39.100000	0.503266	98.88	368.160
39.200000	0.504658	98.88	613.600
39.300000	0.500126	98.32	368.160
39.400000	0.501309	98.88	122.720
39.500000	0.000000	100.00	0.000
39.600000	0.000000	100.00	245.440
39.700000	0.513717	99.44	245.440
39.800000	0.000000	100.00	368.160
39.900000	0.000000	100.00	245.440
40.000000	0.499738	99.44	0.000
40.100000	0.511595	99.44	0.000
40.200000	0.000000	100.00	122.720
40.300000	0.509241	98.88	0.000
40.400000	0.507614	99.44	0.000
40.500000	0.513298	99.44	122.720
40.600000	0.000000	100.00	122.720
40.700000	0.000000	100.00	0.000
40.800000	0.000000	100.00	122.720
40.900000	0.501414	97.19	245.440
41.000000	0.000000	100.00	122.720
41.100000	0.000000	100.00	0.000
41.200000	0.000000	100.00	0.000
41.300000	0.000000	100.00	0.000
41.400000	0.502719	98.32	613.600
41.500000	0.000000	100.00	0.000
41.600000	0.508405	98.31	0.000
41.700000	0.503060	99.44	0.000
41.800000	0.502293	99.44	0.000
41.900000	0.000000	100.00	368.160
42.000000	0.000000	100.00	0.000
42.100000	0.501777	98.32	368.160
42.200000	0.509001	98.88	122.720
42.300000	0.508526	98.88	122.720
42.400000	0.000000	100.00	0.000
42.500000	0.000000	100.00	0.000
42.600000	0.513095	99.44	368.160
42.700000	0.000000	100.00	245.440
42.800000	0.000000	100.00	245.440
42.900000	0.000000	100.00	0.000
43.000000	0.000000	100.00	0.000
43.100000	0.000000	100.00	0.000
43.200000	0.000000	100.00	122.720
43.300000	0.501135	99.44	0.000
43.400000	0.511714	99.44	0.000
43.500000	0.000000	100.00	0.000
43.600000	0.501676	99.44	0.000
43.700000	0.000000	100.00	0.000
43.800000	0.502387	99.44	122.720
43.900000	0.503732	99.44	0.000
44.000000	0.000000	100.00	122.720
44.100000	0.000000	100.00	122.720
44.200000	0.000000	100.00	0.000
44.300000	0.499553	99.44	122.720
44.400000	0.000000	100.00	122.720
44.500000	0.514810	99.44	0.000
44.600000	0.502876	99.44	0.000
44.700000	0.000000	100.00	0.000
44.800000	0.516223	99.44	122.720
44.900000	0.500525	99.44	0.000
45.000000	0.000000	100.00	122.720
45.100000	0.000000	100.00	122.720
45.200000	0.503282	99.44	0.000
45.300000	0.000000	100.00	122.720
45.400000	0.000000	100.00	122.720
45.500000	0.000000	100.00	0.000
45.600000	0.000000	100.00	0.000
45.700000	0.000000	100.00	122.720
45.800000	0.000000	100.00	0.000
45.900000	0.000000	100.00	0.000
46.000000	0.000000	100.00	0.000
46.100000	0.000000	100.00	0.000
46.200000	0.000000	100.00	0.000
46.300000	0.000000	100.00	0.000
46.400000	0.518759	99.44	0.000
46.500000	0.000000	100.00	0.000
46.600000	0.000000	100.00	0.000
46.700000	0.000000	100.00	0.000
46.800000	0.000000	100.00	0.000
46.900000	0.000000	100.00	122.720
47.000000	0.000000	100.00	0.000
47.100000	0.000000	100.00	0.000
47.200000	0.000000	100.00	0.000
47.300000	0.000000	100.00	0.000
47.400000	0.000000	100.00	0.000
47.500000	0.000000	100.00	0.000
47.600000	0.000000	100.00	0.000
47.700000	0.000000	100.00	0.000
47.800000	0.000000	100.00	0.000
47.900000	0.000000	100.00	0.000
48.000000	0.000000	100.00	0.000
48.100000	0.000000	100.00	0.000
48.200000	0.000000	100.00	0.000
48.300000	0.000000	100.00	0.000
48.400000	0.000000	100.00	0.000
48.500000	0.000000	100.00	0.000
48.600000	0.000000	100.00	0.000
48.700000	0.513046	99.44	0.000
48.800000	0.000000	100.00	0.000
48.900000	0.000000	100.00	0.000
49.000000	0.000000	100.00	0.000
49.100000	0.000000	100.00	0.000
49.200000	0.502177	99.44	122.720
49.300000	0.000000	100.00	0.000
49.400000	0.000000	100.00	0.000
49.500000	0.000000	100.00	0.000
49.600000	0.000000	100.00	0.000
49.700000	0.500074	99.44	122.720
49.800000	0.000000	100.00	0.000
49.900000	0.000000	100.00	0.000
50.000000	0.000000	100.00	0.000
50.100000	0.000000	100.00	0.000
50.200000	0.000000	100.00	122.720
50.300000	0.000000	100.00	0.000
50.400000	0.500584	99.44	0.000
50.500000	0.000000	100.00	0.000
50.600000	0.000000	100.00	0.000
50.700000	0.000000	100.00	0.000
50.800000	0.000000	100.00	0.000
50.900000	0.000000	100.00	122.720
51.000000	0.000000	100.00	0.000
51.100000	0.000000	100.00	0.000
51.200000	0.000000	100.00	0.000
51.300000	0.000000	100.00	0.000
51.400000	0.000000	100.00	0.000
51.500000	0.000000	100.00	0.000
51.600000	0.000000	100.00	0.000
51.700000	0.000000	100.00	0.000
51.800000	0.000000	100.00	0.000
51.900000	0.502481	99.44	0.000
52.000000	0.505326	99.44	0.000
52.100000	0.000000	100.00	0.000
52.200000	0.000000	100.00	0.000
52.300000	0.000000	100.00	0.000
52.400000	0.000000	100.00	122.720
52.500000	0.499314	99.44	122.720
52.600000	0.000000	100.00	0.000
52.700000	0.000000	100.00	0.000
52.800000	0.501860	98.88	0.000
52.900000	0.000000	100.00	0.000
53.000000	0.000000	100.00	122.720
53.100000	0.000000	100.00	0.000
53.200000	0.000000	100.00	0.000
53.300000	0.000000	100.00	245.440
53.400000	0.000000	100.00	0.000
53.500000	0.000000	100.00	0.000
53.600000	0.000000	100.00	0.000
53.700000	0.000000	100.00	0.000
53.800000	0.000000	100.00	0.000
53.900000	0.000000	100.00	0.000
54.000000	0.000000	100.00	0.000
54.100000	0.000000	100.00	0.000
54.200000	0.000000	100.00	0.000
54.300000	0.000000	100.00	0.000
54.400000	0.000000	100.00	0.000
54.500000	0.000000	100.00	0.000
54.600000	0.000000	100.00	0.000
54.700000	0.000000	100.00	0.000
54.800000	0.000000	100.00	0.000
54.900000	0.000000	100.00	0.000
55.000000	0.000000	100.00	0.000
55.100000	0.000000	100.00	0.000
55.200000	0.000000	100.00	0.000
55.300000	0.000000	100.00	0.000
55.400000	0.000000	100.00	0.000
55.500000	0.503477	98.88	0.000
55.600000	0.500964	98.88	0.000
55.700000	0.000000	100.00	0.000
55.800000	0.000000	100.00	0.000
55.900000	0.496869	99.44	0.000
56.000000	0.000000	100.00	245.440
56.100000	0.511181	99.44	245.440
56.200000	0.000000	100.00	0.000
56.300000	0.000000	100.00	0.000
56.400000	0.000000	100.00	122.720
56.500000	0.499596	98.88	0.000
56.600000	0.000000	100.00	122.720
56.700000	0.504526	99.44	0.000
56.800000	0.510921	98.31	0.000
56.900000	0.500463	99.44	0.000
57.000000	0.000000	100.00	245.440
57.100000	0.499487	99.44	0.000
57.200000	0.000000	100.00	122.720
57.300000	0.000000	100.00	368.160
57.400000	0.000000	100.00	122.720
57.500000	0.000000	100.00	0.000
57.600000	0.000000	100.00	122.720
57.700000	0.000000	100.00	0.000
57.800000	0.510367	98.88	0.000
57.900000	0.505967	99.44	0.000
58.000000	0.499999	98.88	0.000
58.100000	0.000000	100.00	0.000
58.200000	0.000000	100.00	0.000
58.300000	0.500206	99.44	245.440
58.400000	0.519646	99.44	122.720
58.500000	0.513927	98.88	245.440
58.600000	0.501214	99.44	0.000
58.700000	0.500611	99.44	0.000
58.800000	0.508661	98.88	122.720
58.900000	0.000000	100.00	122.720
59.000000	0.000000	100.00	245.440
59.100000	0.500276	99.44	122.720
59.200000	0.000000	100.00	122.720
59.300000	0.000000	100.00	245.440
59.400000	0.507234	98.88	0.000
59.500000	0.507316	98.88	0.000
59.600000	0.501086	99.44	122.720
59.700000	0.498440	99.44	0.000
59.800000	0.505629	98.88	0.000
59.900000	0.512370	98.88	245.440
60.000000	0.503382	98.31	245.440
60.100000	0.502235	97.21	122.720
60.200000	0.503783	98.32	122.720
60.300000	0.504106	98.31	245.440
60.400000	0.500453	99.44	245.440
60.500000	0.503954	97.75	368.160
60.600000	0.501052	98.32	613.600
60.700000	0.502535	97.75	368.160
60.800000	0.500409	98.88	368.160
60.900000	0.518167	99.44	122.720
61.000000	0.000000	100.00	490.880
61.100000	0.500953	99.44	368.160
61.200000	0.500214	98.88	490.880
61.300000	0.502472	99.44	245.440
61.400000	0.501188	98.88	122.720
61.500000	0.503100	98.88	0.000
61.600000	0.502188	99.44	122.720
61.700000	0.501227	97.19	245.440
61.800000	0.506384	98.88	122.720
61.900000	0.501946	98.31	245.440
62.000000	0.501051	98.32	245.440
62.100000	0.509110	97.19	122.720
62.200000	0.503570	96.65	613.600
62.300000	0.506717	98.32	245.440
62.400000	0.505637	97.75	368.160
62.500000	0.501444	96.65	368.160
62.600000	0.499996	97.75	490.880
62.700000	0.509652	98.32	859.040
62.800000	0.506785	98.31	245.440
62.900000	0.502658	97.21	490.880
63.000000	0.505487	98.88	981.760
63.100000	0.499850	97.19	368.160
63.200000	0.500848	97.77	368.160
63.300000	0.507217	96.63	368.160
63.400000	0.503393	97.77	613.600
63.500000	0.500131	99.44	245.440
63.600000	0.501134	98.88	613.600
63.700000	0.501444	97.21	490.880
63.800000	0.504914	97.19	736.320
63.900000	0.500433	97.77	490.880
64.000000	0.499916	98.88	122.720
64.100000	0.503711	98.32	245.440
64.200000	0.502204	92.13	613.600
64.300000	0.500794	94.97	490.880
64.400000	0.503786	97.21	613.600
64.500000	0.503802	98.88	245.440
64.600000	0.503858	96.09	368.160
64.700000	0.501306	97.75	1718.080
64.800000	0.502873	96.65	1104.480
64.900000	0.504575	96.07	613.600
65.000000	0.506904	96.09	245.440
65.100000	0.502698	97.77	859.040
65.200000	0.504298	97.19	490.880
65.300000	0.506226	97.77	736.320
65.400000	0.502434	97.75	859.040
65.500000	0.500314	94.41	736.320
65.600000	0.506210	97.75	613.600
65.700000	0.507598	97.77	613.600
65.800000	0.501068	96.65	368.160
65.900000	0.503848	94.94	613.600
66.000000	0.503026	94.97	1104.480
66.100000	0.501851	94.94	613.600
66.200000	0.502012	96.09	490.880
66.300000	0.501243	96.07	736.320
66.400000	0.502348	98.88	1104.480
66.500000	0.506247	96.09	981.760
66.600000	0.500571	96.63	1104.480
66.700000	0.502927	96.65	981.760
66.800000	0.499602	96.07	859.040
66.900000	0.500321	95.53	245.440
67.000000	0.504565	94.94	859.040
67.100000	0.504723	94.41	736.320
67.200000	0.507177	97.21	736.320
67.300000	0.499933	97.19	859.040
67.400000	0.501596	93.85	981.760
67.500000	0.505610	94.94	1104.480
67.600000	0.502319	94.41	1227.200
67.700000	0.504321	95.51	736.320
67.800000	0.501468	96.65	490.880
67.900000	0.504844	95.53	1349.920
68.000000	0.501793	91.57	1104.480
68.100000	0.501292	94.97	1227.200
68.200000	0.504151	94.94	981.760
68.300000	0.505916	94.41	736.320
68.400000	0.502695	94.94	859.040
68.500000	0.503493	93.30	1963.520
68.600000	0.505499	95.53	1104.480
68.700000	0.501603	91.57	981.760
68.800000	0.499750	94.41	1349.920
68.900000	0.502573	97.19	1104.480
69.000000	0.502924	94.41	1472.640
69.100000	0.501073	95.51	859.040
69.200000	0.502914	92.18	1963.520
69.300000	0.505781	96.65	1227.200
69.400000	0.503696	96.07	613.600
69.500000	0.499920	92.18	1104.480
69.600000	0.501107	93.26	1104.480
69.700000	0.503086	94.41	1595.360
69.800000	0.502429	91.57	736.320
69.900000	0.505565	96.09	1104.480
70.000000	0.500965	94.41	1595.360
70.100000	0.504039	91.01	1472.640
70.200000	0.499630	94.97	1227.200
70.300000	0.504447	94.38	1840.800
70.400000	0.501241	89.94	859.040
70.500000	0.502531	94.94	1227.200
70.600000	0.500448	89.39	1840.800
70.700000	0.501673	96.65	1104.480
70.800000	0.501944	97.19	1349.920
70.900000	0.506705	98.32	2208.960
71.000000	0.500438	95.51	981.760
71.100000	0.503396	93.30	2331.680
71.200000	0.502022	95.51	859.040
71.300000	0.506296	96.09	613.600
71.400000	0.504734	94.41	245.440
71.500000	0.502417	92.13	1104.480
71.600000	0.504495	91.62	1472.640
71.700000	0.502338	92.13	981.760
71.800000	0.503199	91.62	859.040
71.900000	0.500534	95.51	1227.200
72.000000	0.501230	88.83	1718.080
72.100000	0.502645	90.50	1718.080
72.200000	0.502601	92.13	1718.080
72.300000	0.508179	94.41	1963.520
72.400000	0.501167	84.83	981.760
72.500000	0.507872	92.74	2454.400
72.600000	0.501779	95.51	2086.240
72.700000	0.500707	92.18	1718.080
72.800000	0.502538	96.09	1104.480
72.900000	0.503623	90.45	3313.440
73.000000	0.503224	93.30	1595.360
73.100000	0.502016	91.57	1104.480
73.200000	0.500924	88.83	1718.080
73.300000	0.501105	91.01	859.040
73.400000	0.501804	89.39	1963.520
73.500000	0.502960	93.85	1472.640
73.600000	0.501750	90.45	1963.520
73.700000	0.501031	88.83	2454.400
73.800000	0.500934	92.70	1963.520
73.900000	0.500639	89.94	2208.960
74.000000	0.500988	92.13	1472.640
74.100000	0.501635	96.65	2086.240
74.200000	0.507652	94.41	2454.400
74.300000	0.502801	92.70	1595.360
74.400000	0.500848	86.59	2331.680
74.500000	0.502080	91.01	1472.640
74.600000	0.501827	91.62	859.040
74.700000	0.502084	88.20	1227.200
74.800000	0.501256	93.85	1595.360
74.900000	0.502816	89.39	2945.280
75.000000	0.500096	92.13	1963.520
75.100000	0.501859	93.30	1718.080
75.200000	0.500822	91.57	2577.120
75.300000	0.502009	93.30	1472.640
75.400000	0.503303	93.82	2331.680
75.500000	0.508593	96.09	1595.360
75.600000	0.500934	88.83	1595.360
75.700000	0.503467	93.26	1840.800
75.800000	0.500277	82.68	1472.640
75.900000	0.499494	84.27	1227.200
76.000000	0.505377	97.21	981.760
76.100000	0.500178	84.27	2454.400
76.200000	0.498475	87.15	1349.920
76.300000	0.501714	88.27	4663.360
76.400000	0.501376	88.76	2699.840
76.500000	0.502139	88.27	613.600
76.600000	0.500726	88.76	3558.880
76.700000	0.501753	88.83	2699.840
76.800000	0.502211	89.89	2577.120
76.900000	0.501660	84.92	2454.400
77.000000	0.501493	87.71	2454.400
77.100000	0.500496	88.20	2577.120
77.200000	0.500093	82.12	2331.680
77.300000	0.501140	87.08	2331.680
77.400000	0.499206	88.83	3313.440
77.500000	0.499017	76.40	2577.120
77.600000	0.502560	88.27	2945.280
77.700000	0.502855	94.41	3558.880
77.800000	0.503995	92.13	3190.720
77.900000	0.501747	86.59	2208.960
78.000000	0.500621	89.33	5031.520
78.100000	0.500279	84.92	2699.840
78.200000	0.498778	82.02	1227.200
78.300000	0.502791	89.39	1718.080
78.400000	0.501064	87.71	2945.280
78.500000	0.501770	92.13	2331.680
78.600000	0.502206	89.94	3436.160
78.700000	0.498523	75.28	3804.320
78.800000	0.499942	85.47	2331.680
78.900000	0.500665	90.45	2699.840
79.000000	0.502102	86.03	1718.080
79.100000	0.501218	84.92	2331.680
79.200000	0.504227	89.89	5399.680
79.300000	0.501849	87.71	3068.000
79.400000	0.500311	84.83	1963.520
79.500000	0.500206	82.68	3068.000
79.600000	0.501273	86.52	3436.160
79.700000	0.499425	92.18	2086.240
79.800000	0.500636	84.36	2699.840
79.900000	0.498797	85.39	3313.440
80.000000	0.501186	93.85	4172.480
80.100000	0.501136	89.33	2577.120
80.200000	0.501277	89.94	1840.800
80.300000	0.503185	89.33	3558.880
80.400000	0.500947	83.80	3068.000
80.500000	0.500989	84.36	1227.200
80.600000	0.499923	85.96	2577.120
80.700000	0.499798	80.45	1963.520
80.800000	0.503949	89.89	2331.680
80.900000	0.497403	83.80	3681.600
81.000000	0.499907	80.34	3436.160
81.100000	0.500541	81.01	3068.000
81.200000	0.496601	89.94	4295.200
81.300000	0.500657	79.78	2086.240
81.400000	0.500746	90.50	3558.880
81.500000	0.498824	75.84	4295.200
81.600000	0.500800	79.33	4172.480
81.700000	0.506066	92.13	2577.120
81.800000	0.498887	78.77	4049.760
81.900000	0.499062	75.42	2208.960
82.000000	0.499592	80.34	5154.240
82.100000	0.500526	78.77	4540.640
82.200000	0.500969	87.08	1718.080
82.300000	0.498996	78.77	4908.800
82.400000	0.499502	85.39	5154.240
82.500000	0.500636	89.94	4417.920
82.600000	0.500553	78.21	4540.640
82.700000	0.500317	80.90	2822.560
82.800000	0.499362	82.12	4663.360
82.900000	0.496659	80.90	3190.720
83.000000	0.500412	82.12	2331.680
83.100000	0.501213	84.27	4663.360
83.200000	0.498928	70.95	4295.200
83.300000	0.500958	86.59	4663.360
83.400000	0.497881	87.08	3313.440
83.500000	0.498342	77.09	4049.760
83.600000	0.500374	76.40	3558.880
83.700000	0.500385	75.42	6136.000
83.800000	0.499294	76.40	2945.280
83.900000	0.494180	64.25	2945.280
84.000000	0.501641	84.92	5031.520
84.100000	0.502056	89.33	5031.520
84.200000	0.499991	73.74	5522.400
84.300000	0.501405	81.46	5645.120
84.400000	0.499473	82.68	7363.200
84.500000	0.499464	81.46	3190.720
84.600000	0.501833	86.59	2331.680
84.700000	0.500826	84.36	5890.560
84.800000	0.499845	67.98	4049.760
84.900000	0.497215	79.89	3681.600
85.000000	0.502487	88.76	4049.760
85.100000	0.499791	70.39	2945.280
85.200000	0.497089	69.10	3436.160
85.300000	0.497412	69.27	7117.760
85.400000	0.499722	79.89	4417.920
85.500000	0.501068	88.76	2331.680
85.600000	0.502150	81.56	6626.880
85.700000	0.498745	73.60	7363.200
85.800000	0.498555	72.63	6136.000
85.900000	0.501480	91.01	4295.200
86.000000	0.500462	76.54	2577.120
86.100000	0.500180	70.39	3927.040
86.200000	0.499628	73.03	6136.000
86.300000	0.497990	68.16	5767.840
86.400000	0.497307	73.60	2086.240
86.500000	0.497966	68.72	5154.240
86.600000	0.499617	69.66	6258.720
86.700000	0.498807	74.86	6136.000
86.800000	0.499990	76.54	6872.320
86.900000	0.492798	62.36	6136.000
87.000000	0.496892	64.25	6872.320
87.100000	0.498718	61.80	6136.000
87.200000	0.497953	68.16	6013.280
87.300000	0.496405	61.24	5276.960
87.400000	0.496854	65.36	8222.240
87.500000	0.496752	70.39	7485.920
87.600000	0.498992	63.48	8099.520
87.700000	0.498779	60.34	7117.760
87.800000	0.499658	69.66	8467.680
87.900000	0.493933	66.48	8467.680
88.000000	0.478649	63.48	5767.840
88.100000	0.494298	78.21	7731.360
88.200000	0.498378	68.72	8835.840
88.300000	0.498962	73.60	6504.160
88.400000	0.499399	64.80	8713.120
88.500000	0.497759	67.42	7854.080
88.600000	0.491920	67.60	4049.760
88.700000	0.499332	71.35	6626.880
88.800000	0.497904	63.69	5890.560
88.900000	0.487558	54.19	7854.080
89.000000	0.466777	65.17	6749.600
89.100000	0.480981	56.98	7117.760
89.200000	0.496534	56.74	6258.720
89.300000	0.499428	64.80	7976.800
89.400000	0.499998	61.80	12640.160
89.500000	0.492053	68.72	7240.480
89.600000	0.466602	63.13	8222.240
89.700000	0.489097	56.74	8590.400
89.800000	0.498687	68.72	7608.640
89.900000	0.498950	61.24	8344.960
90.000000	0.498825	64.25	9081.280
90.100000	0.492291	69.83	7485.920
90.200000	0.458712	58.99	8099.520
90.300000	0.466901	51.96	7240.480
90.400000	0.496815	61.24	7976.800
90.500000	0.498942	66.48	7731.360
90.600000	0.498697	65.17	10185.760
90.700000	0.493237	57.54	9326.720
90.800000	0.493707	67.04	7240.480
90.900000	0.497641	60.67	7976.800
91.000000	0.492334	57.54	7240.480
91.100000	0.498809	64.04	8222.240
91.200000	0.498176	69.83	8958.560
91.300000	0.492140	69.66	7485.920
91.400000	0.490403	58.10	8344.960
91.500000	0.498296	60.89	9326.720
91.600000	0.498865	63.48	7485.920
91.700000	0.497280	62.57	6626.880
91.800000	0.492965	57.30	8344.960
91.900000	0.495120	64.25	7731.360
92.000000	0.497472	64.61	8835.840
92.100000	0.498153	60.89	7976.800
92.200000	0.497082	67.04	8713.120
92.300000	0.498263	69.66	8835.840
92.400000	0.497605	59.78	7608.640
92.500000	0.499488	64.04	8222.240
92.600000	0.497464	62.57	8099.520
92.700000	0.499096	64.04	7240.480
92.800000	0.496184	66.48	6626.880
92.900000	0.493866	58.66	8713.120
93.000000	0.498851	58.99	8222.240
93.100000	0.498075	57.54	7854.080
93.200000	0.495385	60.11	7854.080
93.300000	0.499448	65.36	7976.800
93.400000	0.496269	61.24	8344.960
93.500000	0.499247	65.92	9204.000
93.600000	0.493547	51.96	9449.440
93.700000	0.498665	65.17	8344.960
93.800000	0.495130	55.87	7731.360
93.900000	0.499012	68.54	8713.120
94.000000	0.499150	63.13	7608.640
94.100000	0.498270	57.30	10308.480
94.200000	0.498706	60.89	7976.800
94.300000	0.497347	58.10	9572.160
94.400000	0.496679	61.80	6749.600
94.500000	0.498718	56.98	7976.800
94.600000	0.498640	59.55	9449.440
94.700000	0.499170	67.60	8590.400
94.800000	0.496323	57.30	9449.440
94.900000	0.492207	60.89	8099.520
95.000000	0.499514	65.36	9326.720
95.100000	0.499753	64.61	8590.400
95.200000	0.498361	64.80	7117.760
95.300000	0.498162	57.30	10185.760
95.400000	0.496161	65.92	8222.240
95.500000	0.498553	60.67	7240.480
95.600000	0.498980	60.89	7731.360
95.700000	0.499596	67.60	8344.960
95.800000	0.498098	62.36	8835.840
95.900000	0.497167	67.60	7485.920
96.000000	0.498466	60.11	8344.960
96.100000	0.499510	63.69	8713.120
96.200000	0.498727	58.99	7363.200
96.300000	0.498696	63.69	7976.800
96.400000	0.492247	65.92	7240.480
96.500000	0.488455	55.06	8590.400
96.600000	0.498357	60.89	8099.520
96.700000	0.498078	57.30	8835.840
96.800000	0.499482	61.45	8099.520
96.900000	0.498812	63.48	8590.400
97.000000	0.498177	62.01	9204.000
97.100000	0.496750	57.54	8099.520
97.200000	0.495410	55.62	9326.720
97.300000	0.498040	59.78	8344.960
97.400000	0.497297	59.55	8222.240
97.500000	0.498462	62.01	8713.120
97.600000	0.494752	60.11	8713.120
97.700000	0.499061	59.22	10063.040
97.800000	0.498181	62.01	8344.960
97.900000	0.498887	64.61	9204.000
98.000000	0.495638	62.57	8099.520
98.100000	0.497608	65.73	8713.120
98.200000	0.497249	54.19	9081.280
98.300000	0.498770	62.92	8222.240
98.400000	0.499001	61.45	8222.240
98.500000	0.498367	60.34	7608.640
98.600000	0.497772	59.55	8467.680
98.700000	0.498725	57.54	9326.720
98.800000	0.496046	58.99	7854.080
98.900000	0.499411	62.01	8713.120
99.000000	0.495792	60.67	8835.840
99.100000	0.497957	62.01	8590.400
99.200000	0.497891	60.34	9572.160
99.300000	0.497526	60.11	8713.120
99.400000	0.498347	55.87	8344.960
99.500000	0.496749	62.36	8590.400
99.600000	0.497728	56.42	8835.840
99.700000	0.497798	60.67	8467.680
99.800000	0.498041	61.45	8835.840
